72
 8490 2182 42 456 0 0 0 0 0 0 0 55326 0 84 0 0 0 0 0 0 0 0 0 79 0 100 0 0 0 0 0 0 0 0 2 0 0 0 0 0 0 0 0 0 2 0 0 0 0 0 0 0 0 0 0 1 0 0 0 0 0 0 516 0 60 113 0 0 16681 2850 0 0
 0 0 0 2 0 0 0 22545 3351 772 18 0 29 0 0 1 0 0 0 56 3 103 0 2 0 0 0 0 0 0 0 0 0 0 0 0 0 0 0 0 2 0 0 0 0 0 0 0 0 0 0 0 25 7 0 0 337 0 0 0 34 0 1128 0 1020 166 1728 0 0 281 0 0
 0 0 0 0 0 0 1457 0 0 1 343 0 4583 0 0 4 44 0 0 0 0 21 29 0 0 0 0 0 0 0 0 0 0 0 0 0 0 1 0 0 0 0 0 0 0 1 0 0 0 0 0 0 7 0 0 0 0 0 0 0 1089 0 0 22 0 0 2996 3623 1230 304 0 0
 0 0 1 2 1025 1972 0 223 0 2 0 0 0 110 0 0 0 0 0 235 8 0 0 0 0 0 0 0 0 1 1 0 0 0 1 0 0 0 0 0 0 0 0 0 0 1 3 2 0 0 0 0 0 2 0 0 0 0 25 1608 5 3081 97 20 1 0 155 98 0 8 0 0
 0 184 1 0 0 0 0 2 0 0 0 0 0 0 0 0 0 0 0 1 0 5 0 0 0 0 0 0 0 6 2450 0 0 0 2 65 0 0 0 0 4 0 0 0 0 0 1 0 0 0 0 5 9 0 0 0 0 0 0 0 0 0 0 0 0 0 0 0 0 0 0 0
 22 240 0 0 0 0 0 2 0 0 0 0 0 0 0 0 0 0 430 0 0 20 0 0 0 0 0 0 0 1597 0 0 0 0 0 0 0 0 0 0 2 0 0 0 1 0 0 31 0 0 0 0 2 0 0 0 0 0 0 0 0 0 0 0 0 0 0 4 0 0 0 0
 13 4458 0 15 2 0 12 154 0 37 7 0 4 11 0 6 0 327 6 0 0 130 19 0 21 0 0 0 0 354 2311 0 0 0 13 72 0 0 0 0 7 0 0 0 0 4 2 0 7 0 4 0 56 8 2 0 11 0 146 0 0 11628 38 2 83 0 0 0 0 9 0 0
 304 0 0 0 0 0 0 0 5722 50 2 0 0 12 0 6 0 0 0 0 0 0 18 3 0 10071 1134 0 110 99600 133 0 0 0 62 29 2 0 0 0 0 0 0 0 0 6 4 0 0 0 0 0 0 0 5 2 0 0 1 0 0 0 0 33011 0 0 0 0 0 0 0 0
 17 0 1 236 2 6 6 0 0 0 189 0 1917 1728 0 15 0 0 0 0 0 2 0 0 213 0 0 0 0 0 15 284 0 0 0 281 1736 93 0 0 5 0 0 0 0 0 0 3 0 0 0 0 0 0 0 2 0 0 0 0 0 0 0 0 0 0 0 0 0 2 0 0
 1 0 0 0 1 0 0 0 0 0 2 0 52 0 0 26 0 0 0 0 0 0 0 45 0 0 1618 0 26 0 0 0 0 0 6 97 0 0 0 0 2 0 0 0 0 0 0 0 0 0 0 0 0 0 0 0 0 0 0 0 0 0 0 0 0 0 0 0 0 0 0 0
 4 0 0 0 0 0 0 0 0 0 0 0 0 0 0 0 0 0 0 0 0 0 0 0 0 0 0 0 0 0 0 0 0 0 0 0 0 0 0 0 0 0 0 0 0 0 0 0 0 0 0 0 0 0 0 0 0 0 0 0 0 0 0 0 0 199 420 0 0 19 0 0
 0 13 13 593 211 68 860 14 105 33 102 29 0 0 53 49 370 90 114 367 176 112 42 758 0 0 0 0 310 584 15 0 0 163 178 48 4 44 0 0 34 42 0 87 0 95 36 36 0 193 28 180 146 0 0 52 65 4482 5650 0 14545 2708 333 24262 549 704 553 0 666 1298 165 3212
 12 0 0 0 0 0 0 0 0 0 1 1361 0 0 0 0 0 0 0 0 0 0 0 0 0 0 0 0 0 0 0 13 0 0 13 0 0 0 0 0 0 0 0 0 0 0 2 0 0 32 0 0 7 108 0 1 0 0 0 0 0 0 5 2 0 0 95 0 0 0 0 0
 0 26 11316 0 104 255 0 0 0 7 1 7 3 1 50209 0 0 9 0 0 0 29 5 402 0 0 552 0 872 187 0 0 0 19 0 0 0 3 3 0 1 8 0 0 0 0 0 4 0 0 0 0 4 3 0 8 6 0 2 0 0 87 0 36 95 0 0 0 581 15 0 0
 120 39923 0 567 4150 1630 0 1 0 0 0 0 0 0 0 0 0 0 0 2994 0 0 0 0 0 0 0 0 0 0 0 0 0 0 0 0 0 0 0 0 0 0 0 0 0 0 0 0 0 0 0 0 0 0 0 0 0 0 0 0 0 0 0 0 0 0 0 0 0 0 0 0
 12 0 0 0 1 37 0 0 0 0 4 0 1 10641 2270 11372 4391 5 875 0 800 0 49 25 754 0 0 0 932 0 200 0 0 2 26 0 0 0 0 1 1 0 0 0 0 3 0 0 0 0 41 0 0 11 0 31 114 0 364 0 379 0 0 0 0 0 0 0 0 1 0 0
 60 5 0 0 36 82 53 26 0 0 0 0 0 1890 470 0 19 0 234 767 19 1066 62 200 85 394 0 46 0 22 0 0 0 938 0 191 0 0 2 0 0 0 0 0 0 0 0 0 0 3 95 0 0 1 0 2 0 0 0 5 315 0 241 262 0 45 36 0 0 4 0 0
 17 41 27 18 23 23 0 1 3 0 0 0 0 0 16 0 3 1 38 10 0 17 2 39 0 9027 140 7 0 0 20 0 0 4 1 0 1 11 0 20 6 0 0 0 0 5 0 4 0 0 0 0 3 0 5 1 0 2 0 2 0 0 0 0 0 6 12 9 0 29 0 0
 0 19 118 9 525 0 0 64 123 578 3 0 2 44 15 0 0 0 0 0 0 87 70 0 0 0 0 0 665 442 1 0 0 8 0 0 0 4 4 0 1 0 0 0 0 1 7 1 0 1 0 0 0 2 3 2 2 1 2 2 0 0 0 2 0 0 0 0 2668 108 0 0
 0 0 92 0 0 15 67 134 8 636 25 0 0 56 0 126 0 0 11 12 0 0 5 22 0 0 0 0 20857 2898 6 0 0 5 7 0 0 14617 164 1800 904 3542 0 0 0 25 15 0 0 281 0 31 127 209 96 0 15 120 0 0 0 22 0 0 13 22 49 0 0 57 0 0
 22 0 20 0 83 33 792 59 7 494 39 0 0 122 986 0 0 15 25 0 109 76 0 0 0 0 56 0 11 0 0 0 0 0 0 13 20 0 0 0 0 0 0 0 3 4 0 0 0 0 0 0 3 0 0 0 0 7 14 0 0 7 0 0 0 0 3 0 0 6 0 0
 7 0 0 16 0 0 0 7 0 0 5 0 0 0 0 19 0 0 0 0 0 0 0 0 0 0 0 0 0 0 0 0 0 104 34 0 0 0 0 0 0 0 0 0 0 0 0 0 0 0 0 0 0 0 0 0 0 0 1 0 0 0 0 0 0 0 0 0 0 3 0 0
 412 36 0 0 14 83 0 0 0 0 0 0 0 0 2 0 0 0 0 0 0 0 6 0 0 0 0 0 0 0 0 0 0 0 0 0 0 0 0 0 1 0 119 0 0 0 0 0 0 0 0 0 0 0 1 1 0 0 4 0 0 0 0 0 0 0 0 0 0 1 0 0
 0 0 1 523 19 98 0 0 0 0 0 0 0 0 0 0 0 0 0 0 0 0 159 66 0 0 0 0 0 0 0 0 0 338 9 3464 230 0 125 213 55 65 0 0 12049 8290 10265 837 141 430 0 133 1057 0 17 31 540 7 36 0 37 112 0 0 0 1 7 0 0 70 0 241
 15 179 50 11 114 225 0 154 0 17 318 334 435 132 73 0 0 3923 774 21 246 7555 425 46 33 572 60 0 1 3 0 0 41 0 0 0 0 0 9 0 25 6965 109 0 85 253 144 132 0 160 0 997 780 174 435 311 1051 83 444 592 0 0 510 162 0 75 38 0 0 451 0 0
 0 7 81 18 87 106 206 0 129 244 227 197 211 79 143 5 0 0 153 406 58 22 0 4 0 2 0 5 184 979 0 0 0 0 0 10 10 15 1 10 1 0 8 0 0 1 13 2 0 1483 0 0 19 80 0 35 0 0 23 119 31 5521 193 31 133 0 20 0 0 18 0 0
 11 39 194 55 40 67 12 0 15 0 32 14 33 0 146 24 61 0 14 383 0 19 79 126 0 102 40 0 545 336 0 108 2404 4256 782 465 8363 0 30 39 8226 443 7 0 172 6789 299 1732 0 121 0 243 117 68 741 445 75 1939 27 758 26 64 75 811 0 0 93 1473 471 1356 18998 8186
 4730 2675 4125 3655 116 48 725 793 1307 805 12 18 168 829 6 7 0 0 110 192 43 12 84 101 161 0 48 165 954 427 379 0 0 245 1526 366 0 0 0 1059 54 0 255 0 561 85 0 73 5138 6 0 0 0 0 0 0 0 0 1 3 0 3 81 0 5337 2935 1670 188 9 4 54 0
 1529 191 38 920 1563 107 630 0 13566 0 88 0 291 0 689 0 6 26 0 0 0 3 6 31 0 0 0 0 94 96 202 0 0 267 109 224 59 0 167 160 654 0 0 0 0 0 0 16 0 0 0 0 0 0 6 197 0 0 3 0 0 0 5 0 0 69 7 0 1278 14 9 0
 175 6 1 0 0 0 0 0 450 154 3470 0 625 0 35 18 0 27 0 0 7 16 14 11 0 0 0 0 0 1 0 0 0 0 0 0 0 0 0 2 7 1 0 2 4 9 88 0 0 192 0 0 841 396 108 0 0 8626 0 0 0 0 0 0 0 0 0 0 2826 2304 0 0
 0 3 5 0 0 293 0 0 0 0 27 0 16 20 137 0 38 0 0 0 76 28 44 212 38 115 310 0 0 20 9 0 0 13 0 72 7 69 124 42 6 10 9 411 75 179 33 2 0 38 0 0 2 0 0 1 111 0 642 0 0 0 0 0 994 5993 261 565 0 76 0 0
 234 41 7670 3934 91 1448 20 271 0 270 50 608 0 53 74 1854 253 333 2680 692 562 228 9428 925 15 12 0 670 560 508 9 223 0 253 83 0 0 56 121 84 178 68 207 0 0 10 60 185 190 72 103 21 125 196 146 190 17275 262 1 16716 9437 0 967 296 2590 434 1632 80 3274 633 0 0
 375 489 1 89 37 51 242 27 25 6 1332 792 188 3561 424 226 500 325 523 407 1 956 485 1095 0 353 0 821 1688 51 258 4440 0 465 0 0 104 391 0 416 279 1301 20 276 79 122 151 218 0 41 1986 11 523 877 468 2926 2633 470 7575 386 390 1139 1315 933 1163 0 0 0 1810 108 0 165
 1167 1684 186 157 3589 29 13 91 0 0 0 0 0 0 0 0 0 0 0 0 3 0 259 0 2 26 0 0 0 5 0 0 0 7 69 1188 0 0 0 0 0 0 0 0 0 0 1 0 0 0 0 0 0 0 0 0 0 1 0 0 0 0 0 0 0 0 0 0 0 0 0 0
 0 54 0 0 0 0 0 0 2 0 3 0 0 4 0 0 0 0 2 0 0 0 1 0 2 7 0 0 0 5 4 0 391 0 0 2 0 0 0 0 0 0 0 0 0 0 0 2 0 0 0 0 0 0 0 7 0 4 0 0 0 0 0 0 140 0 4 0 0 4 0 0
 33 30 1 8 0 0 0 0 0 0 9 0 284 188 7 3940 0 131 33 2 0 62 89 0 9 0 0 0 0 564 0 28 336 0 0 1118 0 0 15 1 405 38 0 0 1 0 3 8 0 6 0 0 18 32 103 453 91 520 18 1594 9 151 141 208 19 0 0 0 0 59 0 0
 197 58 219 383 1 317 1 0 0 101 2 0 1 18 132 12 38 0 20806 5712 0 89 2 0 6 0 0 95 0 73 0 99 0 21 165 9 27 83 214 237 3 0 0 4394 444 77 5 83 14 173 79 0 81 0 224 62 149 206 142 96 170 89 54 81 407 14 489 0 310 94 0 0
 91 28 0 94 121 5 39 185 0 216 772 0 66 0 39 7 5 0 0 0 44 84 126 407 39 0 4632 1128 406 14 0 0 0 4 15 59 0 300 1280 0 138 89 306 0 21 47 44 491 0 1 0 0 9267 460 2701 7095 6594 4629 1226 868 1965 777 1368 798 2026 843 439 752 1277 1146 521 0
 450 333 9977 1327 1537 464 75 513 126 1 0 14 15 0 3 29 0 0 0 0 2 0 105 0 0 0 0 9 0 0 0 0 3697 1033 456 0 0 0 30 1 8 0 69 169 0 0 0 980 0 31 9 0 162 0 0 50 240 1099 14124 1547 3643 1115 2276 460 109 0 123 180 265 660 306 0
 1088 1454 581 729 1680 1895 1177 2603 2174 504 672 386 906 82 105 0 31 0 4 0 20 0 6 0 4 0 0 0 0 0 0 0 0 1 0 0 0 8812 0 0 1 0 0 0 0 4 3 10 665 93 680 0 397 5 0 0 0 0 0 2 403 0 0 12 0 0 0 0 0 1 0 0
 0 0 0 0 0 0 0 9 0 0 0 0 0 0 181 0 70 0 0 0 0 0 0 0 0 0 0 0 0 0 0 0 0 22247 7495 0 0 0 0 0 0 0 85 0 0 0 1 0 7 1 0 0 49 0 0 1 0 4 5 0 398 4 10 154 4 155 0 0 47 163 0 0
 138 92 5 2 500 81 22 37 98 1233 51 0 4 0 0 0 0 20 163 0 0 0 0 0 0 3 0 5 36 0 0 0 0 15 257 0 11 0 115 62 123 636 0 0 2 0 5 410 0 87 0 0 0 4 35 4 177 17 0 215 0 17 28 21 0 0 0 0 882 588 0 0
 101 84 138 87 294 92 1259 449 415 332 366 653 970 243 12408 600 220 502 216 111 80 99 0 61 0 0 0 0 387 2950 0 0 0 3 39 76 106 0 0 42 0 179 499 21 7 6757 3357 212 878 90 0 0 0 6 817 4 812 529 473 92 71 296 62 373 45 0 368 0 0 17 202 0
 458 137 1374 546 1716 189 113 197 139 184 245 0 238 968 463 308 380 282 1003 1188 493 3669 554 363 215 212 320 404 55 0 0 361 0 14 153 400 0 1991 0 249 16 3 0 0 7 51 26 28 218 216 0 0 0 54 0 0 0 0 0 1 0 1 3 0 0 0 14 0 0 10 0 0
 0 0 7 33 2 0 25 15 77 1443 871 525 115 12 109 142 51 4 67 36 0 3 8 0 0 1609 0 0 8 0 0 84 0 0 1501 0 0 0 20 1 76 0 0 0 15 0 385 882 19 54 0 0 0 0 0 0 0 30 0 0 0 0 0 0 0 0 0 0 0 1 0 0
 0 0 0 0 0 2 0 0 2 0 3 0 356 9 1 0 0 0 0 0 0 0 0 0 0 0 0 0 0 0 0 0 0 0 77 17 0 0 238 0 1 1 0 0 5 0 0 0 0 60 740 0 134 11 286 47 0 0 0 0 0 0 0 0 0 0 0 0 0 9 0 0
 5 1 0 0 0 131 0 0 0 0 9 0 0 563 11 0 0 3 0 0 0 0 0 0 0 0 0 31 2 0 0 0 0 0 6 0 0 0 189 0 0 0 0 0 0 5 0 0 0 18 0 0 0 44 0 1221 450 1 0 0 32 0 0 0 16 0 0 0 0 0 0 0
 0 6 0 0 0 0 6 5 0 1 1 0 0 0 2 336 1 0 0 0 1 0 1 0 0 0 0 0 0 4 0 0 0 8 0 0 0 0 0 0 229 0 0 0 0 3 0 3 0 0 0 0 0 2 0 6 56 18 124 39 0 15 8 0 0 92 0 0 3 34 0 0
 33 13 16 2 6 199 0 6 50 19 370 360 50 216 394 320 183 63 124 27 937 163 308 0 282 117 125 0 102 214 114 0 176 618 113 111 0 37 28 0 0 36 0 0 0 135 0 13 1 0 5 0 0 0 0 0 0 0 0 0 0 0 0 0 0 159 0 0 0 43 0 0
 1 295 100 320 595 52 2 1 9 185 0 0 0 3 56 19 0 2 0 0 0 1 0 0 0 0 0 0 2 0 0 0 0 3 1 0 0 0 0 0 0 0 0 0 0 0 0 341 92 0 0 0 0 0 0 21 0 2 8 40 0 442 340 55 12 1355 0 0 0 21 0 0
 6 2 44 11 75 148 0 9 347 180 141 0 199 66 0 0 0 97 646 430 7 384 65 123 178 274 583 379 383 557 2025 0 0 614 139 99 0 356 0 0 1157 271 629 1 82 0 513 89 0 188 25 0 12 0 293 1 28 0 0 9 1 46 57 31 1 0 0 0 76 203 0 0
 206 76 156 164 0 50 21 46 17 127 3 0 51 92 42 11 52 36 24 0 36 290 2 0 0 66 0 199 38 234 1071 0 0 207 122 110 485 180 457 918 263 297 168 38 56 260 117 77 1854 759 278 189 30 68 0 25 0 204 412 32 8 181 297 777 2 6 5 65 0 0 0 0
 0 0 0 0 0 0 0 8 0 2 1 0 0 0 1 4 5 0 25 0 0 5 2 0 0 0 0 2 12 0 0 0 0 27 1 0 0 0 0 0 0 1 9372 3 46 0 7 332 352 12 0 0 4 54 0 6 0 0 0 4 152 31 14 778 545 10 0 0 0 9 0 0
 0 0 0 0 0 0 0 0 4047 1848 2 17 0 0 0 0 0 19 0 0 1 0 0 86 0 0 0 2 2 0 0 0 0 6 5 0 73 0 9 0 2 0 0 0 8 0 0 0 992 5 262 0 0 1 0 1931 0 101 4 0 20 11 0 0 0 380 0 0 0 295 0 0
 19 16 4 0 11 13 0 0 3 12 118 274 7 6 2365 869 133 0 0 0 0 0 0 0 0 10 0 1 0 0 1 0 0 15 23 0 0 0 16 474 199 0 0 66 206 0 76 151 244 349 0 508 42 2375 1267 2073 702 230 662 351 209 364 134 194 403 82 0 0 0 0 0 0
 0 53 21 255 0 152 1 0 0 161 53 0 0 0 0 0 0 0 0 934 488 1 0 0 0 0 0 0 0 0 0 0 0 0 0 0 0 0 0 9 0 0 0 0 2 0 0 0 0 0 0 0 0 0 0 1 106 0 0 0 0 2 0 199 0 0 0 0 0 0 0 0
 53 0 628 76 1 1 0 28 6 11 6 0 0 0 0 0 34 25 0 0 5440 1910 12 0 0 3 0 6 2 19 0 0 0 2 5 0 0 0 0 14 93 0 0 18 47 17 0 0 20 17 0 5 22 1 0 0 4 5 0 257 152 247 262 374 708 206 134 702 0 262 0 0
 51 6 20 0 268 104 37 87 38 236 99 0 37 324 32 16 10 0 0 0 0 0 0 0 0 1413 0 1497 3 0 0 0 0 0 0 0 0 0 0 2 0 0 0 8 0 0 0 0 5 0 0 0 12 0 0 1 0 3 0 8 2 0 41 4 30 0 0 0 0 3 458 1626
 200 22 9 0 76 2091 0 0 90 30 1 0 69 0 82 0 75 6 0 9 0 0 0 0 0 0 0 0 0 475 0 0 0 3 0 0 0 0 0 14 0 15 0 7 18 1 79 0 1 0 9 0 58 0 0 25 70 14 1 0 0 30 69 85 11 6510 0 0 0 326 15004 5747
 743 437 1548 0 1006 1678 127 70 726 26 16 15 96 11 915 1995 0 0 0 3 2 5 299 74 0 0 0 0 4 2 11 0 0 248 43 0 0 0 0 0 4 0 0 0 2 6 0 0 3 0 0 0 0 16 0 0 0 0 4 22 0 8 24 8 202 86 0 0 0 2 0 0
 39 0 0 0 312 42 19 460 3353 168 79 0 21 6 84 0 0 29 171 22 62 12 146 0 599 0 0 14 10 6 37 0 0 73 29 0 0 0 0 0 0 137 0 16 1 2 0 10 9 24 0 0 0 0 0 15 0 0 8 136 39 0 0 0 80 0 0 0 0 0 0 0
 170 202 26 0 20 37 0 32 56 74 35 0 98 0 132 48017 54 702 30 0 0 438 251 0 42 0 0 0 19 192 26 9371 0 99 71 0 0 0 0 8 0 0 0 0 0 0 2244 0 1 0 0 0 0 0 0 0 0 7 0 0 0 1 20 0 0 0 0 0 0 0 16 0
 0 0 3 0 10 14 0 29 17 47 14 0 0 5 209 31 0 13 10604 95 30 2 11 1916 0 0 0 0 0 0 2 0 0 0 0 0 0 0 0 547 0 0 0 0 0 0 1 0 1 0 0 0 0 0 0 2 0 0 0 0 0 0 0 0 0 0 0 0 0 4 0 0
 3 1 0 0 1 2 0 0 0 2 0 0 0 0 0 1 0 46 0 939 0 0 6 1389 0 0 0 2 69 15 4 0 0 15 247 0 0 0 0 0 0 0 0 1 14 36 1 1144 350 0 0 0 0 2 0 0 0 0 0 0 36 5 7 99 26 37 0 0 0 0 0 0
 0 0 18 0 78 16 0 6 3 3 4 0 5 0 7 59 239 23 383 0 134 27 12 356 398 0 446 0 10 54 0 0 0 121 0 0 0 0 0 18 0 3475 0 0 9 0 0 1 0 0 0 0 0 8 0 60 0 0 0 0 0 1 8 0 2 21 0 546 0 5 0 0
 0 0 0 0 6 14 11 4 3 11 0 0 9 2 5 3 0 0 12 0 54 9 26 0 0 134 16 0 0 290 0 0 690 18 32 4 0 0 230 248 0 428 2049 7 3 181 1201 0 0 0 0 0 0 0 0 1 0 6 0 0 489 196 9 0 0 8 0 660 0 12 0 0
 3 0 0 0 3 24 4 2 32 0 0 0 0 7 6 0 0 0 17 0 0 8 4 0 0 0 0 0 0 4 0 0 25 12 0 42 0 0 0 6 912 99 0 0 91 742 325 90 773 458 193 0 108 687 22 17 0 1308 967 98 428 56 58 273 363 105 26 6313 1454 388 2128 0
 300 315 0 0 1073 0 238 270 2273 768 1178 3614 1025 748 400 7422 1821 0 87 443 2775 1839 1592 278 561 454 0 0 143 203 0 0 15 350 208 1277 212 0 0 274 870 149 407 1650 1237 358 378 524 544 31188 539 0 4799 14439 2569 750 0 3648 1540 2173 771 4986 3892 180 0 0 0 11 0 0 0 0
 0 13 0 1399 693 114 645 12 160 30 387 0 84 0 87 25 170 50 0 213 66 195 26 220 25 0 0 0 0 0 25 0 0 180 182 33 0 0 0 64 0 0 21 427 77 132 40 0 447 201 0 72 299 49 172 158 177 1828 1987 2 704 10087 5704 1064 1154 7121 0 895 440 1327 0 0
 0 0 0 0 0 0 0 0 0 0 0 0 0 0 0 0 0 0 0 0 0 0 0 0 0 0 0 0 0 0 0 0 0 8 0 0 0 0 0 0 0 0 0 0 0 0 0 0 0 0 0 0 0 0 0 12 0 0 0 0 158 0 0 0 0 0 0 795 0 80 0 401
 230 814 1710 560 360 1609 581 447 5913 88 1196 0 712 218 1274 13 168 147 4111 336 791 7755 1815 833 106 5101 0 0 0 1271 1868 3543 2323 239 651 641 1115 0 0 234 98 78 0 390 321 928 293 439 310 251 929 1359 330 1032 461 304 348 0 0 4167 1298 0 51703 20993 4119 7710 0 4192 4677 1216 1466 5846
 299 3442 53 2513 4120 381 19 106 122 994 470 0 47 25924 9600 424 17259 131 1367 550 2219 737 2508 0 794 584 0 409 2415 3871 1066 2088 0 2717 2524 81 120 121 106 2700 2905 282 1400 1239 1787 578 709 1027 437 655 701 1126 334 3057 1241 1564 820 0 0 3104 644 7166 1384 1351 1230 894 1399 5378 427 0 0 10189
