64
 8490 2109 0 465 0 0 0 0 0 0 0 59636 0 50 58 0 4 3 0 0 9 3 0 79 6 107 23 0 0 0 0 0 0 5 0 0 0 0 0 0 0 0 0 0 0 0 0 0 0 0 0 0 0 0 0 2 0 0 0 0 0 0 544 0
 0 120 0 0 16774 2864 66 128 0 0 0 0 0 0 0 22523 3354 774 4 0 27 3 0 1 9 1 2 0 0 86 0 0 0 0 0 0 0 0 0 6 0 0 0 0 0 0 0 0 0 0 1 0 0 0 0 0 0 0 0 0 22 5 0 0
 350 83 2 26 39 36 1198 0 1112 185 1731 0 0 248 13 0 0 0 0 0 0 0 1454 0 1 0 343 0 4560 0 0 0 0 1 0 0 0 21 29 1 0 0 0 1 0 0 0 0 2 0 0 0 0 0 0 0 0 0 0 0 0 1 0 0
 0 1 0 0 5 0 0 0 5 0 0 0 1112 0 0 0 0 0 3102 4127 1230 297 0 0 11 1 1 0 835 1846 0 8 0 2 0 0 0 0 0 0 0 0 0 222 0 5 0 0 0 0 0 0 3 0 0 0 0 0 0 0 0 0 0 0
 0 0 0 0 0 1 0 0 0 0 2 1 0 0 0 0 2 0 0 1631 7 3134 0 0 3 0 169 142 0 0 0 0 0 183 0 0 0 0 0 0 0 0 0 0 0 0 0 0 0 0 0 1 133 6 0 0 0 0 0 0 0 5 2452 16
 0 0 0 65 0 1 0 0 0 0 1 1 1 0 0 0 4 0 0 4 0 0 0 0 0 0 0 0 0 0 0 0 0 0 0 0 0 0 0 0 20 154 0 0 0 0 0 0 0 0 0 0 0 0 0 0 0 1 131 21 8 20 9 3
 0 0 0 8 69 1719 1 0 1 0 0 0 0 0 5 0 3 0 0 0 0 0 0 36 7 0 7 0 0 0 0 0 0 0 0 0 0 0 0 0 0 0 0 0 0 0 0 0 0 4430 0 16 2 0 11 153 0 0 0 0 4 9 1 6
 1 0 6 6 344 135 0 1 24 43 1 1 2 317 2477 0 0 0 0 74 0 2 5 2 8 1 6 0 0 0 0 0 0 6 0 0 38 0 2 0 3 0 145 0 0 11657 16 0 106 0 1 60 13 0 25 1224 232 0 0 0 0 0 0 0
 5725 50 0 0 0 8 0 0 8 0 2 0 0 0 19 0 3 5822 1144 93 138 99597 223 0 1 4 62 8 0 0 0 0 0 0 0 0 0 0 4 5 0 0 0 0 0 0 0 0 0 0 0 4 220 0 0 33011 0 0 0 0 0 0 0 0
 17 3 0 231 1 5 1 0 0 0 187 8 1917 1532 0 0 0 0 2 0 0 2 0 0 129 1 2 299 13 0 0 390 43 0 0 0 1734 0 22 0 0 0 10 0 0 0 0 0 0 0 2 0 1 0 0 0 0 1 0 0 0 0 34 0
 0 0 0 0 0 0 0 0 0 0 0 0 1 0 0 0 0 0 2 0 58 0 0 23 0 0 0 0 0 0 0 0 0 2 1319 0 0 0 35 11 0 0 0 94 42 3 0 0 0 0 0 0 0 0 0 0 0 0 0 0 0 0 1 0
 0 4 1 2 0 0 8 0 0 0 0 0 0 0 0 0 4 0 0 0 0 0 0 0 0 0 0 0 0 0 0 0 0 0 0 0 0 0 0 0 0 0 0 0 0 0 0 0 0 0 0 0 0 0 0 0 0 0 0 0 0 0 0 0
 0 0 0 0 0 0 0 0 0 0 0 0 0 0 0 0 0 0 497 331 120 17 0 138 4313 31 15 159 124 66 287 14 113 34 74 0 0 0 53 41 351 0 117 395 156 112 0 0 121 4 0 0 314 613 129 0 153 160 118 3 0 44 0 42
 0 63 0 406 39 97 47 0 139 0 34 209 148 44 60 47 71 4788 3793 0 14542 2743 199 24262 576 722 554 383 614 1280 472 3439 12 0 0 0 0 0 0 0 0 0 0 1537 0 0 0 0 0 0 0 0 0 0 0 0 0 0 0 0 0 0 58 14
 0 0 0 4 1 2 0 0 0 2 6 0 1 0 4 0 0 55 0 0 0 103 0 0 1 1 0 0 0 0 0 2 2 0 111 0 0 0 3 0 0 26 10040 0 98 74 0 0 0 7 0 0 3 0 49815 0 1 0 0 2 0 27 5 402
 4 0 581 63 873 218 46 7 450 0 1 26 6 0 5 8 8 0 0 0 0 0 0 5 4 0 0 3 0 0 0 8 0 1 0 0 0 1 6 27 0 0 0 376 583 15 0 0 0 39923 0 568 4151 1630 0 0 0 0 0 0 0 0 0 0
 0 0 0 3585 0 0 0 0 0 0 1 0 0 0 0 0 0 0 0 0 0 0 0 5 0 0 0 0 0 0 0 0 0 0 0 0 0 0 0 0 0 0 0 0 0 0 0 0 0 0 0 0 0 0 0 0 9 0 0 0 0 41 0 0
 0 0 4 1 1 10645 2270 11362 0 19 932 32 600 0 0 17 755 13 2 3 936 0 90 8 205 1 19 0 0 0 0 1 1 0 0 0 0 4 0 0 0 0 0 0 7 11 0 0 0 12 295 3 394 4 0 0 0 0 0 200 37 0 0 20
 64 0 0 0 0 81 52 21 0 0 0 0 0 0 468 2 19 0 234 769 29 1065 0 200 188 411 1 0 0 0 0 0 25 927 0 0 0 3 2 0 0 0 0 0 0 1 0 0 0 3 109 28 0 2 0 2 0 0 0 0 313 0 198 259
 15 36 61 0 0 0 69 0 0 42 27 19 0 21 5 0 3 0 0 0 0 0 0 14 1 1 37 0 0 0 0 36 105 9257 79 0 0 10 20 0 0 0 0 0 2 21 0 0 6 7 12 4 1 6 0 11 0 0 0 0 0 2 7 1
 0 0 5 0 0 28 41 0 0 14 0 39 0 0 119 66 0 0 0 10 526 0 0 62 125 578 0 0 0 17 0 57 0 0 0 0 0 87 68 0 59 0 0 25 820 443 0 0 0 6 0 0 34 0 0 0 0 0 0 0 0 1 8 0
 0 0 54 0 0 2 2 0 0 0 4 2 0 0 0 1 3 1 0 8 3290 108 67 4 1 87 134 0 0 0 0 93 8 627 0 0 0 65 613 154 0 0 0 11 0 0 5 0 95 0 2 2 20859 2895 0 33 0 0 0 0 19 14589 177 0
 900 3542 0 26 2 24 12 0 0 301 0 42 130 0 75 115 16 0 13 195 5 0 16 12 20 32 9 0 0 44 0 0 26 0 0 0 0 41 1138 59 0 270 0 0 0 128 986 0 0 27 25 0 0 75 0 0 4 0 0 0 14 0 0 0
 0 0 0 19 30 3 0 0 0 0 0 3 0 0 1 0 0 0 0 0 0 0 0 56 0 7 10 0 10 10 0 0 0 2 0 0 0 6 1 0 0 0 0 19 1 0 6 0 0 0 5 0 0 0 0 0 0 0 0 0 0 0 0 0
 0 0 0 0 0 0 0 0 0 0 34 3 0 0 0 0 0 0 0 0 0 0 0 0 0 0 0 0 0 0 0 0 1 0 0 0 0 0 0 0 0 0 0 0 0 0 0 0 0 35 0 0 16 92 0 1 0 0 0 0 0 0 2 0
 0 0 1 0 0 0 5 0 0 0 0 0 0 0 0 780 187 0 0 0 0 0 0 0 1 0 0 0 0 0 0 0 0 0 0 0 0 0 3 0 0 0 0 0 0 0 0 0 0 0 0 0 1 0 0 0 0 0 0 528 23 100 1 0
 0 0 0 0 0 0 0 0 0 0 2 0 0 0 157 55 2 0 0 0 7 0 0 0 958 381 10 3393 87 27 0 0 61 55 14 0 11145 8290 10263 836 422 288 0 36 1073 0 0 0 0 0 36 0 51 112 0 20 0 0 0 15 0 0 8 274
 22 46 56 10 0 222 8 154 0 0 318 578 0 0 73 0 135 4028 785 122 246 7556 418 48 33 1911 0 15 0 0 0 0 102 0 0 0 0 4 8 0 39 6864 0 62 90 253 144 0 0 164 179 949 778 178 375 291 1045 0 363 1034 7 15 510 168
 60 37 0 0 186 451 37 33 4 0 81 18 0 0 252 140 130 241 214 186 209 102 119 0 17 232 0 387 62 0 0 0 1339 0 0 37 0 976 1 1 153 0 0 0 19 30 1 0 0 1 10 0 8 0 0 2 0 1860 161 0 6 0 37 33
 2 0 18 0 27 6089 193 27 157 32 25 77 0 0 29 39 34 36 172 38 0 30 0 0 17 14 0 23 12 29 91 22 62 0 0 326 65 18 74 126 0 4 0 6 0 336 3 69 3122 4251 783 445 8364 89 0 123 8149 392 34 0 188 6644 317 1707
 63 124 496 591 118 69 748 483 76 2365 27 807 0 0 101 918 1 34 75 2223 489 1283 21401 12271 4730 2675 4001 3537 116 0 726 822 1617 721 0 0 0 655 6 7 0 0 0 122 44 0 84 0 60 50 125 0 1070 425 136 72 67 221 1527 421 216 0 1 1055
 54 11 357 0 1535 88 15 67 5199 0 132 26 0 0 0 0 0 0 0 0 0 0 7 1 5371 2944 1509 359 34 0 0 31 1528 194 36 839 0 17 625 48 13581 0 0 0 291 0 689 0 0 70 160 0 4 3 0 39 17 0 5 0 0 0 221 172
 318 257 66 252 61 166 236 159 648 0 0 0 0 0 0 27 0 0 0 0 0 0 0 196 0 0 0 0 0 0 0 0 1 88 0 0 1404 12 78 28 0 0 0 0 0 118 0 0 344 162 3470 30 625 0 0 14 0 20 1 0 4 0 14 7
 0 0 0 0 0 1 2 0 1 0 0 0 0 1 1 0 7 1 0 0 4 0 37 0 32 192 0 18 841 375 0 0 0 8626 15 0 0 0 0 0 0 0 0 0 2897 0 3 0 0 3 5 0 0 294 0 0 0 0 27 154 0 0 137 8
 57 0 0 25 75 28 44 247 156 116 0 9 0 4 0 27 2 12 7 0 59 45 117 38 51 10 0 651 79 157 21 0 93 0 62 0 0 0 0 0 0 0 0 0 21 0 0 0 755 5999 344 652 53 76 616 390 0 44 7670 3932 104 994 56 264
 110 282 3 653 7 96 74 1857 253 54 2649 731 533 228 10211 921 17 8 14 728 739 413 36 217 88 253 52 21 0 0 41 0 197 60 408 116 0 27 51 184 0 0 0 333 135 187 138 68 16963 229 0 16722 9389 973 832 688 2160 433 1635 322 3286 0 677 16
 374 487 8 90 37 52 242 0 68 0 1306 1068 11 4014 424 427 525 318 525 366 1 956 454 2051 61 510 0 885 1790 0 92 2966 0 465 81 46 117 396 28 128 283 980 0 130 294 121 115 135 68 39 2099 462 535 878 439 2924 2635 420 7589 352 372 1103 1313 931
 1336 158 0 66 1983 108 505 653 1166 1539 185 159 3593 43 23 0 0 0 0 0 0 0 0 0 0 0 0 0 0 0 0 0 0 57 5 0 0 5 0 0 0 0 0 1188 0 0 0 0 0 2 0 0 0 0 0 0 0 0 0 0 0 0 0 0
 0 1 0 59 0 0 0 0 0 0 0 0 0 0 0 0 0 54 0 0 0 0 0 0 2 0 0 0 0 0 0 0 0 7 1 0 0 0 1 0 0 0 0 0 0 5 11 0 11 0 0 3 0 0 0 0 0 0 0 0 0 0 1 1
 0 0 0 0 0 1 0 4 0 5 0 53 0 1 0 0 147 10 2 66 14 0 0 2 40 29 0 4 0 0 0 0 0 0 8 0 0 214 6 3940 0 31 0 0 0 65 88 0 0 0 2 64 0 561 8 49 428 0 0 1046 38 0 22 0
 414 37 56 0 1 0 3 0 23 0 0 39 0 33 103 304 101 520 21 1600 0 182 133 213 23 20 0 0 0 24 1 0 23 58 104 84 0 317 0 1 6 58 0 0 0 24 122 15 0 0 20842 5742 0 89 2 9 0 0 5 318 0 0 52 36
 13 18 165 46 27 0 214 232 3 3 133 4489 360 144 0 93 44 174 90 15 84 22 0 46 152 208 0 0 143 0 46 103 436 32 502 45 0 87 72 0 0 28 0 0 11 4 26 224 0 0 772 5 67 2 2 7 0 0 0 0 0 0 126 466
 40 14 4855 1145 572 15 0 0 5 0 9 68 0 299 0 45 138 54 334 17 13 36 5 625 0 0 0 106 9272 435 2594 7007 6599 4618 592 535 1891 703 1445 798 2096 918 473 0 567 1020 438 410 0 0 9978 1327 1535 466 8 513 0 0 0 38 13 0 3 44
 0 0 0 0 2 0 88 0 0 0 0 10 0 0 16 0 3725 1011 446 6 0 0 30 0 3 28 0 0 106 0 0 976 55 34 62 0 0 0 1 47 222 1006 12894 1548 3225 1114 2276 355 0 0 153 402 294 658 439 1113 532 1443 580 729 1643 1545 1179 2586
 2172 505 671 416 906 90 106 0 35 0 0 62 0 0 0 0 8 0 83 0 0 0 0 0 0 0 0 0 0 8307 0 0 1 0 0 0 0 4 2 3 664 0 0 0 402 6 0 0 0 0 4 2 373 0 16 7 0 0 0 0 0 0 1 0
 0 0 0 0 1 1 1 0 3 2 0 0 0 7 0 0 70 0 0 0 0 0 0 9 11 0 0 0 0 0 34 6 0 19943 7493 0 0 0 0 0 0 0 0 0 0 1 0 0 0 0 10 0 68 0 0 0 0 0 4 0 418 0 23 140
 3 246 99 93 126 163 3 0 132 92 5 3 459 81 23 27 99 1232 50 21 5 0 0 0 4 27 130 0 0 0 0 0 7 0 1 0 0 0 0 0 0 0 0 0 15 6 144 45 0 527 0 1 0 0 5 406 0 85 206 14 0 0 34 0
 177 18 2 211 0 15 18 20 210 135 7 1069 279 588 286 32 104 54 137 67 248 72 1258 443 428 328 335 554 966 0 12306 576 221 512 213 0 0 131 0 77 0 0 0 0 387 2961 0 201 0 0 39 140 238 24 29 25 0 165 488 69 0 6553 3357 211
 951 88 0 6 36 8 1135 0 813 529 505 107 0 296 65 195 50 208 417 0 52 0 281 559 42 136 809 514 1716 0 0 179 0 184 0 0 0 969 0 304 351 231 554 1105 496 3664 430 332 473 179 332 613 38 0 239 477 0 0 143 0 71 1606 0 229
 17 4 41 0 17 51 0 28 216 214 57 20 0 57 0 0 0 0 0 0 0 1 0 1 0 0 2 0 0 0 0 0 0 0 0 0 0 0 23 13 76 1224 538 469 112 13 0 152 0 5 68 148 5 0 8 3 0 1529 17 0 0 0 5 229
 215 0 1501 1 5 0 130 0 64 0 0 11 3 34 384 879 19 0 0 0 0 0 0 0 0 29 0 0 0 0 0 0 0 0 0 0 0 1 0 0 0 0 0 0 0 0 0 0 0 0 3 2 355 0 0 1 0 0 0 0 0 0 0 0
 0 1 1 2 0 0 0 0 0 0 77 19 25 0 299 0 2 0 0 0 37 0 0 0 47 60 785 0 120 0 267 48 0 0 0 0 0 0 0 0 0 0 0 0 0 7 0 0 0 0 0 0 0 88 0 0 0 0 0 0 1 299 11 0
 1 7 1 0 0 0 0 0 0 0 18 46 0 0 0 0 0 0 2 0 0 0 152 0 0 0 0 0 0 0 0 0 0 16 0 0 0 45 4 1193 442 0 0 0 0 0 1 0 0 0 0 0 0 0 0 0 0 0 0 0 0 5 12 0
 0 2 0 0 0 1 2 336 2 10 3 1 0 0 0 0 0 0 0 0 19 0 0 0 0 7 0 0 8 0 0 0 198 0 0 0 0 3 0 0 0 0 0 0 2 5 32 0 57 16 113 0 3 15 8 13 0 0 0 14 35 34 76 11
 28 13 17 1 8 206 0 0 51 30 367 499 0 220 0 321 188 67 117 63 933 132 308 285 309 139 113 0 89 213 0 103 447 452 0 0 0 36 82 0 0 0 0 0 0 183 0 0 0 0 4 3 21 0 0 0 0 0 0 1 0 0 0 153
 0 166 128 85 7 38 0 0 0 292 100 322 549 53 6 1 11 185 0 0 70 0 56 2 0 2 0 0 0 0 0 0 0 250 0 0 0 1 0 0 0 0 0 0 0 2 0 0 0 0 0 0 19 0 0 341 0 0 0 0 0 0 0 0
 28 9 11 39 28 442 331 0 12 1364 207 184 0 21 0 2 0 0 44 9 75 152 0 9 349 180 137 0 145 0 0 0 14 75 466 0 0 384 65 0 348 461 934 0 383 554 2086 189 90 609 138 101 15 370 54 21 1170 27 637 57 76 64 526 88
 0 188 25 23 19 0 736 0 43 0 0 15 0 46 47 89 2 8 1 15 105 198 29 5 206 76 152 82 0 0 0 14 0 86 0 0 0 96 42 33 71 27 30 0 36 285 0 0 51 0 348 222 32 139 1071 329 0 207 122 128 491 344 474 1373
 264 310 175 57 56 0 229 79 1860 754 303 189 0 70 259 25 0 222 418 32 40 165 124 780 6 18 12 0 0 0 0 0 0 0 0 0 0 0 10 7 0 2 1 0 3 0 0 0 0 0 31 3 2 4 2 16 0 0 1 2 0 0 0 6
 12 27 3 1 3 0 0 5 19 3 9408 3 0 6 0 335 375 0 2 30 3 66 29 6 10 0 0 0 155 17 0 672 545 0 0 0 0 9 0 0 0 0 0 0 0 0 0 0 3643 878 2 50 0 0 0 0 0 0 0 2 0 0 0 0
 1 0 1 2 2 0 0 0 1 3 6 1 73 15 3 3 1 0 0 0 6 0 0 3 992 0 248 0 0 0 0 1838 0 42 0 0 0 11 0 0 9 340 0 0 37 0 732 22 0 8 4 0 12 0 0 1 0 0 106 333 28 7 2365 716
 121 0 0 0 0 0 0 30 2 45 3 1 0 56 0 10 0 14 20 0 0 0 18 474 199 0 261 0 123 0 62 89 228 289 0 147 0 2382 1267 2067 632 166 690 0 220 364 129 0 0 85 89 0 0 0 525 12 0 0 19 269 0 152 4 0
 0 162 53 0 0 0 0 0 0 0 0 1052 520 0 0 0 0 0 0 0 0 0 0 0 0 0 0 0 0 0 0 0 0 0 0 0 0 3 0 0 0 0 0 0 0 0 0 0 113 0 0 0 0 0 0 196 0 0 0 24 0 0 30 0
 53 55 633 78 0 0 0 28 9 14 5 6 0 0 0 2 35 0 0 0 5435 49 12 25 0 5 0 0 0 0 0 0 0 0 0 0 0 6 0 13 0 0 0 0 46 0 21 0 0 0 15 4 20 0 0 13 0 0 0 172 0 247 226 389
