71
 8490 1722 16 163 0 0 0 0 0 0 0 59639 0 84 53 3 0 5 0 0 0 3 4 78 0 0 10 0 0 0 0 0 0 0 2 7 0 0 0 0 0 0 3 0 0 0 0 0 0 0 0 0 0 0 5 0 0 0 0 0 0 0 510 0 73 114 0 0 15702 1470 66
 0 0 0 0 0 0 0 0 22546 3354 774 18 0 29 0 0 0 7 0 0 0 49 119 2 0 0 0 0 0 3 0 0 0 0 3 0 0 0 0 0 0 0 0 0 0 0 0 0 0 0 0 0 0 23 5 0 0 356 60 0 9 18 3 1188 0 1111 183 1725 0 0 281
 0 0 0 0 0 0 0 0 1465 0 0 1 0 1 4597 5 0 0 38 0 0 47 3 21 8 0 0 0 0 1 0 0 0 0 10 7 0 0 0 0 1 0 0 0 0 0 0 0 0 0 0 0 0 0 6 0 0 0 0 0 0 0 1013 0 0 19 19 0 2789 4009 1232
 0 0 1 11 1 1 2 1011 1972 1 223 0 0 0 0 0 103 0 0 0 0 0 235 13 0 0 0 0 0 0 0 0 0 0 0 1 1 0 0 0 0 0 0 0 0 0 2 0 1 0 0 0 0 0 1 0 0 0 14 0 0 0 1622 9 3136 107 12 0 0 0 258
 2 5 0 0 0 184 1 0 0 0 0 0 0 0 0 0 0 0 0 0 0 0 1 1 0 0 0 0 0 0 0 0 0 0 2452 17 0 0 0 64 0 0 0 0 0 0 3 1 0 0 0 0 0 0 1 8 0 0 1 0 0 0 0 0 0 0 0 0 0 0 0
 0 0 0 0 0 22 229 0 0 0 0 0 0 0 0 0 0 0 0 0 0 0 1 501 26 0 0 0 0 0 0 0 0 0 1720 1 0 0 0 0 0 0 0 0 0 0 0 2 0 0 0 0 0 7 0 5 1 0 0 0 0 0 0 0 0 0 0 0 0 0 0
 1 17 4 0 0 0 13 3224 8 14 2 0 0 154 0 37 7 4 2 9 0 0 0 331 0 0 327 0 0 1 0 43 0 0 2 354 2413 32 0 8 12 75 0 0 0 2 8 1 5 0 1 0 0 6 4 0 6 0 66 0 2 0 0 0 148 0 0 11671 0 0 110
 0 2 79 0 9 32 0 304 1 0 0 0 0 0 0 5725 50 0 0 0 0 0 7 8 0 0 0 0 0 19 0 0 10031 993 117 158 99598 130 0 0 4 62 22 0 0 0 1 6 0 0 0 0 0 3 4 0 1 0 0 0 0 0 0 0 4 7 2 195 0 0 33012
 0 0 0 0 0 0 0 0 17 3 2 217 0 6 14 3 0 0 147 4 1912 1728 0 18 0 0 0 0 1 3 0 0 0 0 1 316 18 0 0 372 42 0 0 250 1647 147 0 0 8 0 14 0 0 0 0 0 1 0 1 0 0 0 0 0 3 0 0 0 0 0 35
 0 0 0 0 0 0 0 0 0 1 2 0 0 1 0 0 0 0 0 0 0 47 0 0 14 0 0 0 0 0 0 0 0 0 2 1631 78 0 0 0 12 2 0 0 0 42 0 0 0 0 0 0 0 0 0 0 1 14 0 0 0 0 0 0 0 0 3 0 0 0 0
 8 0 0 0 0 0 0 0 0 0 4 0 0 0 0 0 0 0 0 0 0 0 0 0 0 0 0 0 0 0 0 0 0 0 0 0 0 0 0 0 0 0 0 0 0 0 0 0 0 0 0 0 0 0 0 0 0 0 0 0 0 0 0 0 0 0 0 0 0 0 0
 0 0 0 0 205 497 355 123 0 9 146 4313 0 12 579 211 0 806 0 110 21 99 29 176 0 0 17 293 90 109 68 174 0 0 758 244 0 5 18 198 614 53 0 235 0 41 49 21 49 0 40 0 0 33 406 36 97 45 0 139 102 0 0 115 0 0 43 46 0 5598 3
 14571 2729 67 24264 575 720 542 522 717 1298 584 3408 12 0 8 0 0 0 0 0 0 23 1 1538 0 0 0 0 0 0 0 0 0 0 0 0 0 0 0 0 0 0 59 0 0 0 0 4 0 0 0 0 0 0 6 0 1 0 0 0 0 89 0 0 10 101 8 0 0 0 2
 0 0 0 5 2 2 0 120 0 0 0 0 0 0 0 11321 0 104 216 0 0 0 7 0 0 0 0 50182 4 2 10 12 0 0 29 5 394 0 0 509 82 885 217 0 39 375 19 0 0 0 3 0 0 0 8 0 1 0 0 3 0 0 3 0 4 0 0 0 0 0 3
 0 1 0 95 7 36 140 0 0 379 583 0 0 130 178 39923 3 564 4148 1621 0 0 0 0 0 0 0 0 0 0 0 0 0 2729 0 0 0 0 0 0 0 0 0 0 0 0 0 0 0 0 0 0 0 0 0 0 0 0 0 0 0 0 0 0 0 0 0 0 0 0 0
 0 0 0 0 0 0 0 0 0 0 0 0 0 0 0 15 0 0 0 0 35 0 1 3 0 0 0 0 10642 2267 2746 4279 0 463 32 805 0 0 21 700 3 1 0 950 0 210 4 205 2 0 0 0 0 13 0 0 0 0 5 13 4 0 0 2 0 29 13 6 0 0 31
 112 11 367 0 394 4 0 0 3 1 1 144 39 1 0 51 64 13 0 0 12 76 54 34 0 0 0 0 0 1892 417 3 0 0 234 768 128 1047 41 165 0 411 0 0 0 11 21 1 0 936 0 0 0 2 0 0 0 0 3 0 0 0 0 1 0 0 83 20 0 0 7
 0 0 0 5 5 315 0 239 262 16 54 0 0 0 0 69 0 24 0 0 0 22 19 4 0 0 0 0 0 0 0 0 0 0 1 38 0 0 0 0 0 98 8849 0 0 29 10 19 2 6 0 0 0 0 20 0 20 0 8 12 0 0 0 0 14 0 0 0 0 0 2
 7 1 0 2 4 2 0 37 0 1 20 1 17 0 0 29 129 26 0 17 80 4 526 73 0 0 0 0 0 6 2 56 14 0 0 0 0 0 0 70 0 1 72 0 0 0 788 441 1 12 4 0 0 0 0 4 4 0 0 14 0 0 0 1 0 0 0 0 0 0 6
 1 1 1 1 1 4 0 2 0 3 3 0 1 1 0 3363 104 65 0 1 13 138 0 0 26 32 70 7 635 19 93 0 0 0 157 0 0 0 0 0 0 0 0 0 0 0 2 20859 2899 0 39 0 0 9 0 30 14617 170 1862 890 3536 0 0 112 22 0 0 37 8 0 42
 124 68 96 117 16 115 74 198 0 25 16 0 20 31 49 0 0 38 0 0 37 30 23 4 204 0 1113 9 0 493 39 0 0 0 986 2 27 0 0 0 0 74 0 0 0 0 173 0 15 0 0 0 0 0 0 0 53 0 0 0 0 0 0 3 0 0 0 0 0 0 0
 0 0 0 0 55 0 1 14 0 0 20 0 0 1 1 4 0 0 0 0 0 10 15 0 0 0 0 0 0 0 0 5 0 0 0 0 0 0 0 0 0 0 0 0 0 0 0 0 0 0 0 0 0 0 102 16 3 0 0 0 0 0 0 30 0 0 0 0 0 0 0
 0 0 0 0 0 0 0 0 1 1 0 0 0 0 0 0 0 0 0 3 0 0 416 37 0 0 14 0 0 0 0 0 0 0 0 0 0 0 0 0 2 0 0 0 0 0 0 0 0 0 0 0 0 779 185 0 0 0 0 0 0 0 0 0 112 0 0 0 0 0 0
 0 0 0 0 0 0 0 0 0 4 1 0 0 0 4 0 0 0 0 1 0 34 0 0 0 0 510 0 0 0 0 0 0 0 0 0 0 0 0 0 0 2 0 0 0 159 5 2 11 0 0 0 0 0 2 759 491 9 3486 238 47 87 114 64 0 34 0 12014 8117 10233 837
 419 430 0 142 938 0 41 31 565 0 36 17 52 102 75 23 4 3 12 0 0 49 8 276 22 153 28 0 64 223 0 0 0 0 318 577 421 31 0 0 135 4027 810 125 252 7556 0 30 33 1898 95 0 0 0 117 0 102 0 0 0 0 0 0 4 38 6972 98 241 0 210 144
 25 24 163 178 1056 772 172 434 311 1051 83 391 1040 7 81 506 174 57 24 0 149 187 450 37 0 7 0 0 14 0 105 0 0 0 246 227 17 33 0 0 14 4 228 0 349 62 0 0 18 1338 0 0 0 170 976 0 1 51 29 0 12 11 0 1 0 0 0 0 0 0 2
 0 2 48 1858 193 2 0 82 35 35 2 0 23 125 35 6088 193 31 73 0 0 77 0 0 0 35 34 0 106 41 0 0 0 0 17 5 0 0 0 0 143 21 0 17 22 385 0 0 76 126 0 11 0 71 543 270 3 313 3310 4243 782 459 8359 223 0 3 7378 441 0 0 189
 6790 317 1732 62 117 490 456 118 69 748 488 0 2403 0 807 579 112 106 341 0 0 90 2133 476 1344 21358 12235 4730 2644 4048 1352 50 0 726 910 1476 662 0 0 0 913 1 0 0 8 135 172 45 10 79 102 176 0 118 154 864 427 387 72 67 247 1481 435 223 3 0 1041 29 0 270 215
 1535 88 15 73 5198 7 151 26 0 0 0 0 0 0 1 0 0 42 78 0 5363 2937 1715 259 0 0 0 0 1529 166 32 847 0 3 626 29 13563 0 0 0 0 15 687 0 19 70 0 0 1 0 6 0 0 0 5 0 92 79 229 162 314 265 110 174 39 162 185 149 463 0 0
 0 0 0 0 39 0 0 0 0 0 0 0 197 0 0 0 0 0 0 0 0 0 93 44 0 1317 0 0 0 175 4 0 0 0 123 0 0 41 0 1194 29 0 0 0 18 0 0 0 0 0 16 0 0 0 0 0 0 0 0 0 1 0 0 0 0 0 0 0 0 0 1
 11 2 3 8 88 0 1 190 10 18 843 0 164 0 6 0 0 8 0 0 0 0 0 0 3 0 2857 0 0 0 0 0 0 0 2 226 162 98 0 0 11 160 75 0 137 0 59 0 0 25 76 3 0 241 0 0 313 0 28 15 0 0 2 0 6 10 41 24 0 0 52
 10 26 651 77 179 29 0 135 38 62 0 0 0 0 1 0 0 626 0 22 2 0 3 1000 5849 92 581 0 0 728 392 234 21 7165 3934 92 1474 0 0 8 270 26 637 0 95 74 1862 0 328 2729 731 543 39 10204 924 0 12 180 743 721 510 0 223 75 253 83 0 30 0 0 76
 199 63 408 115 190 21 59 0 65 27 333 238 135 187 156 171 17263 248 0 16657 9508 973 967 693 2569 317 1622 276 1723 633 672 0 375 0 11 86 33 0 0 0 68 0 1303 772 186 4014 424 429 468 331 520 410 0 925 410 1697 61 509 906 887 2004 34 260 4528 0 447 0 202 0 359 28
 411 283 1311 81 293 222 121 0 217 306 42 2057 462 529 0 0 2926 2639 414 6976 259 396 1176 1315 917 1206 148 0 0 1983 108 0 171 1172 1686 193 100 3265 0 0 95 0 0 0 0 0 0 0 0 0 0 0 0 0 0 0 162 0 60 0 0 0 5 0 0 0 0 44 701 0 0
 0 0 0 2 0 0 0 0 0 0 0 0 0 0 0 0 0 0 0 0 0 60 0 0 0 0 0 0 0 0 0 0 0 0 0 32 0 0 0 0 0 0 0 0 0 1 0 4 0 7 0 6 0 0 0 0 1 0 0 7 0 0 1 5 11 0 383 0 0 0 0
 0 0 0 0 0 0 0 0 0 0 2 0 0 0 0 0 0 0 7 0 0 1 53 9 0 0 0 0 0 6 0 0 0 0 0 40 25 0 0 0 0 0 0 0 0 9 1 256 168 7 3931 0 108 4 2 0 65 74 17 8 0 2 69 28 562 5 0 0 0 0 1118
 37 9 23 0 414 12 0 0 0 0 3 4 24 0 2 37 0 22 103 452 0 501 19 1606 0 0 109 0 0 18 0 0 0 0 17 0 198 0 0 0 0 223 0 0 3 147 2 19 0 23 121 17 40 0 20835 3360 33 84 2 7 5 0 0 318 0 70 0 35 0 0 165
 47 27 86 213 230 3 0 0 4456 424 167 0 93 37 178 45 0 69 23 213 32 152 209 144 0 0 73 42 103 0 0 446 65 0 94 78 44 91 0 0 93 0 0 0 226 55 214 769 0 69 0 39 0 0 0 0 0 15 65 117 466 34 15 4851 1105 563 8 0 0 0 4
 15 68 3 300 1275 32 138 96 299 17 21 0 43 602 0 0 0 200 9272 463 2704 7095 6600 4631 1161 766 1939 694 1358 671 2075 647 231 1196 1356 1138 476 409 450 0 9977 1164 501 469 67 514 148 0 0 38 0 0 0 45 0 0 0 9 0 0 99 0 0 0 1 10 66 1 0 0 3725
 1033 457 7 0 0 30 0 7 0 70 196 0 71 0 982 0 0 61 0 169 0 2 50 241 1099 13990 1519 3521 1109 0 420 0 69 130 402 295 277 442 782 1088 1453 579 141 1625 1896 1179 2604 2157 491 671 0 903 57 110 0 0 0 3 46 0 0 4 0 6 0 84 0 0 0 0 0
 0 1 0 0 0 8858 0 0 0 0 1 0 0 0 2 0 447 72 721 464 293 8 0 0 0 0 0 0 114 0 0 0 0 0 0 0 0 0 0 0 0 0 0 0 1 0 1 15 0 0 0 0 0 1 177 0 0 0 0 0 0 0 0 9 0 0 0 0 0 0 46
 21 3 22246 7495 8 1 0 0 0 0 1 0 1 0 1 0 0 0 0 8 0 68 0 0 0 0 0 0 0 88 0 0 149 4 246 96 0 5 0 0 43 138 0 0 0 501 81 22 0 99 1161 0 0 0 0 0 0 0 27 147 0 0 0 0 0 7 0 0 0 0 0
 0 1 10 17 256 0 14 0 144 62 124 590 0 0 2 0 4 0 0 65 207 14 3 6 0 0 115 8 0 185 0 0 0 22 210 138 6 1064 0 0 287 103 104 0 113 86 297 94 1264 284 417 243 69 655 952 0 12408 592 219 489 216 118 83 131 0 101 0 0 0 0 387
 2961 16 201 62 2 34 136 236 0 36 43 0 159 452 69 0 6695 3197 212 839 90 8 7 36 0 995 0 797 505 474 40 116 0 65 373 50 323 379 0 0 17 404 475 458 137 1374 539 1717 175 0 0 137 0 231 308 17 969 459 310 317 286 992 1214 496 3668 553 382 0 0 294 619
 53 0 240 476 18 13 147 363 0 1919 27 86 17 0 48 0 5 36 20 28 215 216 51 20 0 0 0 0 0 0 0 0 0 1 0 1 0 0 0 0 0 7 0 0 0 0 7 33 0 0 0 6 71 655 871 198 116 0 103 135 52 0 65 149 0 0 0 0 0 1572 17
 974 8 0 5 273 212 0 1500 0 0 0 0 1 0 0 0 0 0 9 383 878 18 75 0 0 0 0 0 0 0 20 0 0 0 0 0 0 0 0 0 0 0 0 0 0 0 0 0 0 0 0 0 0 0 1 0 0 202 0 0 0 0 1 0 0 0 0 0 0 0 1
 0 3 0 0 0 19 0 0 55 16 90 0 296 0 2 0 0 0 0 0 0 0 48 0 380 91 23 0 270 13 0 0 0 0 0 0 0 0 0 0 0 0 0 0 0 0 6 0 0 0 0 118 0 0 0 0 8 0 0 558 0 0 1 4 0 0 2 0 0 0 0
 0 18 45 2 0 0 0 0 0 7 0 0 0 260 0 0 0 0 0 0 3 0 0 0 0 13 100 0 43 3 1221 221 0 3 0 0 0 0 0 0 0 0 0 0 0 2 1 0 0 0 0 0 0 10 0 0 0 0 0 0 0 0 336 2 6 0 0 0 0 0 0
 0 0 0 0 22 4 0 0 0 7 0 0 8 108 2 0 204 0 0 0 0 3 0 0 0 0 0 0 0 4 35 0 0 19 124 0 0 10 8 0 4 76 0 0 45 34 78 9 33 3 17 0 0 196 0 0 51 0 328 469 50 84 394 321 173 7 121 0 0 57 308
 285 316 173 185 62 101 243 251 108 478 618 89 132 24 37 50 0 0 0 42 3 0 183 0 0 0 0 0 3 16 0 0 0 0 0 0 0 0 0 0 154 0 0 13 85 16 43 1 0 1 293 68 322 560 15 0 2 0 180 0 0 33 6 56 22 0 2 0 0 0 1
 1 2 2 378 4 4 0 0 0 0 1 0 1 0 5 3 4 14 0 0 0 0 21 0 0 339 57 0 0 0 0 0 0 21 28 0 0 38 15 13 340 0 0 1169 193 181 123 21 0 0 6 0 46 4 38 0 2 0 318 87 117 6 201 77 0 0 8 81 0 343 7
 384 64 143 357 469 1079 552 383 567 2087 230 79 614 134 101 10 186 46 105 1167 478 637 58 72 50 525 0 0 147 11 0 0 0 773 0 43 0 0 13 0 46 6 0 0 0 5 0 119 201 0 2 206 75 156 0 3 28 0 45 2 113 3 28 51 90 38 26 77 0 0 11
 36 290 0 12 61 52 344 219 38 252 1071 266 451 199 122 146 502 395 474 1377 265 311 175 53 37 293 196 4 1842 743 259 0 60 71 270 0 0 213 421 0 40 160 0 596 0 20 21 76 24 0 0 0 0 0 0 0 0 0 3 0 0 1 0 2 0 0 0 0 0 0 31
 12 0 5 0 16 0 0 0 2 12 2 0 8 4 22 0 0 1 3 0 5 19 0 9367 0 0 0 0 303 375 0 0 0 1 58 0 5 2 0 0 0 171 0 0 0 544 10 0 0 0 0 0 72 0 0 0 0 0 0 0 0 3959 1852 2 56 0 0 0 0 0 9
 0 0 0 0 0 85 0 0 1 1 2 0 0 0 1 5 4 0 60 14 9 0 0 0 0 0 0 0 0 3 835 0 0 2 13 0 0 1922 3 117 0 0 0 0 0 0 11 375 1 0 0 130 735 29 24 4 0 0 0 0 0 0 6 13 111 333 0 0 0 0 140
 0 0 0 1 0 0 22 1 44 4 1 0 56 1 10 0 11 23 0 0 8 0 473 0 0 330 0 0 30 80 70 227 0 220 780 66 0 1267 2076 670 250 692 107 0 0 132 201 410 78 79 112 0 0 525 0 1 17 0 266 0 142 0 0 1 63 45 0 0 0 0 0
 0 1 0 1050 535 0 0 0 0 0 43 0 0 0 0 0 0 0 0 0 0 0 0 0 0 0 0 0 0 3 0 0 0 0 0 0 0 1 3 1 70 0 0 0 0 0 0 201 0 0 0 0 0 0 26 0 53 11 0 0 0 0 0 28 0 12 0 0 0 0 0
 2 0 31 2 1 5438 1906 12 23 0 5 0 6 0 25 3 3 3 0 0 7 3 6 0 14 0 0 0 0 46 8 0 0 18 44 0 0 0 0 0 34 0 0 0 244 0 236 261 356 714 203 111 1163 11 261 72 0 51 0 0 0 193 95 42 35 37 223 41 0 0 327
 31 0 9 0 0 0 0 0 0 5 0 1409 460 1495 3 0 0 0 0 0 1 2 3 0 1 0 0 0 0 7 0 0 0 0 3 0 0 0 10 0 20 0 0 0 0 0 7 1 0 0 0 0 0 3314 74 0 165 2375 201 0 3 0 74 2091 0 0 94 0 0 0 0
 3 80 1 79 11 2 76 0 0 0 0 0 0 0 0 0 517 0 0 0 3 1 3 0 8 9 0 0 0 34 0 0 0 77 0 0 0 0 12 38 0 0 0 0 0 0 0 7 0 69 0 0 6507 8 940 12 251 15375 9144 743 371 1463 23 1009 1642 121 66 358 0 0 18
 93 0 915 2002 0 0 0 214 1 6 300 0 448 2 49 0 2 7 12 0 1 308 96 0 9 0 0 0 0 0 6 0 0 4 0 5 0 0 0 1 2 16 0 0 0 2 1 21 0 5 0 0 206 87 7 0 7 2 0 0 42 0 0 0 234 0 17 573 3284 0 79
 7 0 10 48 15 0 28 167 27 90 12 113 0 605 4 553 13 9 5 48 71 6 73 0 1 0 0 0 0 314 105 11 0 1 1 0 4 0 54 0 32 25 0 0 10 1 6 13 0 0 0 0 0 0 100 54 1 0 362 0 151 189 222 26 59 0 0 18 0 0 74
 0 0 0 0 132 48021 46 737 31 0 13 229 249 0 123 559 47 33 17 170 25 10344 36 0 63 3 0 0 0 9 0 0 0 0 0 0 2238 0 1 0 0 0 0 0 0 0 0 0 0 0 0 0 19 0 0 0 2 0 0 0 10 0 29 74 0 9 0 0 0 0 52
 55 0 77 0 9 209 26 0 52 10608 111 0 2 1 1991 0 0 27 0 0 0 0 0 0 0 0 0 0 0 0 550 0 0 3 0 0 0 0 0 0 0 0 0 0 0 1 0 0 0 0 0 0 0 0 0 0 0 0 0 0 0 0 0 3 0 0 0 0 0 0 1
 0 2 0 0 0 0 0 0 0 46 1 908 0 0 10 1408 7 0 100 0 62 13 0 332 0 5 223 0 0 35 0 0 3 1 0 0 14 0 0 1158 492 17 58 0 5 2 9 0 0 0 8 0 34 0 0 0 19 0 0 0 0 0 0 25 13 93 18 0 63 0 27
 0 0 0 0 27 7 54 0 61 252 43 326 0 130 27 0 357 454 60 432 30 11 54 0 0 172 0 6 0 35 0 0 0 0 3687 0 0 0 0 0 8 0 0 0 1 1 19 3 0 17 0 0 4 8 0 0 0 0 9 0 576 2 0 13 0 7 19 0 0 0 0
 6 0 0 0 8 18 9 0 0 0 9 0 0 7 56 0 0 2 16 198 64 9 25 259 0 27 0 0 0 23 0 54 244 241 0 517 2321 0 0 181 1201 17 5 0 1 14 0 6 0 0 0 0 4 1 562 196 3 0 0 0 0 830 30 9 0 0 8 0 106 0 0
 25 0 2 29 0 77 0 0 7 4 1 0 4 17 1 0 0 4 1 0 5 3 52 0 0 73 0 0 0 1 0 0 0 0 1 439 0 53 0 84 742 325 89 429 676 198 19 109 622 108 0 0 1304 975 98 486 52 0 243 0 0 0 6611 2279 386 6714 123 300 290 254 80
 0 12 0 270 2273 768 1474 4136 1022 1125 400 2844 1820 22 96 439 2776 1843 1539 0 751 531 752 0 55 184 53 239 0 348 136 1218 212 0 222 274 951 1215 391 1650 1238 340 351 306 624 31372 555 16 3872 14457 2136 737 451 6962 128 2183 772 4687 3891 188 0 175 291 9 0 2 0 0 94 0 0
 0 693 0 490 12 160 28 510 52 84 2 0 63 158 53 695 235 65 188 27 234 213 2 0 0 118 57 0 12 166 138 74 0 21 80 29 44 75 152 77 427 41 26 0 0 463 323 42 0 334 0 141 158 187 1044 1999 4 741 10054 5688 974 1118 7132 826 894 434 4087 0 31 21 0
 0 0 0 0 0 0 0 0 0 0 0 0 0 0 0 0 0 0 0 0 0 0 0 0 0 0 0 0 0 0 0 0 0 0 0 0 0 0 0 0 0 0 0 0 0 0 0 0 0 0 0 0 0 0 0 0 3 0 460 0 0 0 0 0 0 783 2771 0 370 408 296
