62
 8490 1637 17 467 0 0 0 0 0 0 0 59633 0 31 58 0 0 7 0 0 12 3 0 4 7 107 23 0 0 0 0 0 0 0 0 0 0 0 0 0 0 0 0 0 0 0 1 0 0 0 0 0 0 0 3 2 0 0 0 0 0 12
 0 0 66 120 3 0 16775 2855 66 458 0 0 0 0 0 0 0 22546 3351 712 17 0 0 0 0 1 9 1 0 107 0 0 0 0 0 0 0 0 0 0 0 0 0 0 0 0 0 0 0 0 0 0 0 0 0 0 0 0 0 0 0 0
 0 0 0 0 391 86 2 26 37 42 1202 0 1114 0 1731 1 0 281 10 0 0 0 0 0 0 0 1465 0 0 0 150 0 4240 0 0 0 0 0 0 47 3 12 0 0 0 0 0 0 0 0 0 0 10 0 0 0 0 0 0 0 0 0
 0 0 0 1 0 0 0 1 0 0 4 0 0 0 5 5 0 0 1111 0 0 0 18 0 3106 4127 449 304 0 0 0 0 0 0 1009 1905 0 0 0 2 0 0 0 105 0 0 0 1 0 0 0 0 1 0 1 0 0 0 1 0 0 0
 1 0 0 0 0 0 0 0 0 0 0 2 0 0 3 0 0 2 1 0 0 0 0 0 0 0 0 1472 0 3059 0 0 0 0 169 121 0 0 0 0 0 182 0 0 0 0 0 2 0 0 0 0 0 0 1 0 0 1 0 0 74 0
 2 9 0 0 0 0 0 0 2443 13 0 6 6 0 0 1 0 1 5 0 0 0 0 0 1 0 3 0 0 0 0 0 0 0 0 0 0 0 0 0 0 0 0 0 0 0 0 0 0 0 0 240 0 0 0 0 0 0 0 0 0 0
 0 0 0 3 0 1 504 17 0 0 7 0 0 0 3 8 65 1720 0 1 0 12 0 0 0 0 5 0 0 0 0 0 0 0 3 0 0 0 0 2 1 0 0 0 0 0 0 0 0 0 0 0 0 0 0 17 0 0 0 9 0 4412
 8 0 0 0 12 148 0 37 0 7 4 11 1 0 0 299 0 6 341 0 0 0 31 14 0 1 2 340 2476 0 0 0 0 0 1 4 0 0 0 1 6 0 0 0 0 0 0 7 5 0 0 8 0 0 9 0 0 0 0 11663 34 0
 110 0 0 77 14 0 24 1227 304 1 0 0 0 0 0 0 5576 50 0 0 0 0 0 0 8 0 3 1 0 0 17 0 0 9980 1143 117 41 98925 0 0 1 0 29 0 0 0 0 0 0 0 0 0 0 0 4 7 0 0 0 0 0 0
 6 0 0 5 13 0 200 0 0 33012 0 0 0 0 0 0 0 0 13 0 0 179 0 0 8 3 0 0 0 0 1899 921 0 0 0 0 0 0 0 3 0 0 145 0 0 0 12 32 21 300 0 0 0 231 1737 148 0 0 0 0 0 0
 0 0 0 0 1 2 0 0 1 0 3 3 3 0 5 0 2 2 34 0 0 0 0 0 0 2 0 0 0 0 0 0 0 0 0 0 0 0 0 1 75 0 0 0 0 0 0 0 0 0 0 42 0 2 1632 70 0 8 39 0 0 0
 0 97 48 3 0 0 0 0 0 0 0 1 3 0 14 0 0 0 0 1 0 1 0 0 2 2 0 0 0 0 0 0 0 0 0 0 0 0 0 0 0 0 0 0 0 0 0 0 0 0 0 0 0 0 0 0 0 0 0 0 0 0
 0 0 0 0 0 0 0 0 0 0 0 0 0 0 0 0 0 0 0 0 0 0 0 0 0 0 0 0 0 0 0 0 0 0 0 0 0 0 0 0 0 206 488 316 0 0 9 145 4298 4 0 566 211 68 867 12 11 31 0 0 137 0
 0 47 183 90 119 399 176 106 42 758 243 3 12 65 316 613 164 46 272 159 169 49 0 0 4 43 34 59 0 205 2 0 47 37 139 0 0 119 0 44 60 0 62 4780 5216 0 14567 2747 403 24160 290 707 553 522 702 1298 338 3419 0 0 0 0
 0 0 0 0 0 23 0 1537 0 0 0 0 0 0 0 0 0 0 0 0 0 0 0 0 0 0 0 0 0 0 0 3 2 3 0 0 0 0 6 0 0 0 0 0 0 0 0 0 0 0 0 0 1 1 0 0 0 1 0 0 0 0
 117 0 0 0 1 0 0 0 11321 0 103 255 0 0 0 7 0 10 0 0 50207 0 0 0 13 9 6 0 0 300 0 0 581 86 887 102 0 0 277 18 0 17 0 0 0 0 6 7 0 0 0 0 3 5 0 3 0 3 0 0 0 0
 8 3 5 8 4 95 0 30 0 0 0 379 583 0 10 162 178 39923 0 565 4145 1558 1 0 0 0 0 0 0 0 0 0 0 0 0 3294 0 0 0 0 0 0 0 0 0 0 0 0 0 0 0 0 0 0 0 5 0 0 0 0 0 0
 0 0 0 0 0 0 0 0 0 0 0 0 0 0 0 0 0 0 0 0 0 0 0 0 0 0 15 0 0 0 0 0 0 0 3 0 0 0 0 10585 2270 11371 4321 19 931 0 806 0 0 0 0 0 2 0 912 0 0 6 128 0 13 0
 5 0 0 0 0 0 0 0 11 0 0 9 2 0 42 19 4 11 1 29 108 0 0 0 390 3 0 0 0 0 0 0 38 1 0 23 0 0 0 4 36 0 2 0 0 0 0 0 0 1830 0 0 19 0 230 769 34 1062 62 197 196 401
 0 0 13 22 20 0 0 802 0 188 2 0 2 0 0 3 0 11 0 1 0 1 0 0 103 28 5 0 0 0 0 0 3 5 313 0 0 254 0 54 61 0 0 0 31 0 12 42 27 16 0 10 5 1 0 0 0 0 0 0 0 14
 0 0 38 11 15 14 1 13 105 9257 161 14 44 0 20 0 0 4 0 1 2 13 0 0 4 7 12 0 0 0 0 0 4 1 0 0 0 0 0 2 4 0 0 0 0 0 42 1 18 0 0 0 3 29 0 68 0 16 104 0 492 74
 0 49 125 555 1 5 0 56 2 0 0 0 0 0 0 83 0 2 61 0 0 25 826 384 0 48 3 0 0 0 22 0 0 2 0 0 0 0 0 1 7 1 0 0 52 0 6 1 0 0 0 0 1 2 0 1 0 0 0 0 1 3
 3360 79 93 0 0 86 139 0 0 38 73 132 8 613 24 95 0 65 243 153 2 0 11 4 0 0 5 0 0 0 0 0 20778 2899 20 37 0 0 0 1 30 14615 12 1819 901 1861 11 13 108 0 0 0 40 301 0 42 56 209 0 101 16 0
 0 204 5 26 2 13 20 0 43 1 24 50 38 25 37 41 22 5 211 38 1118 0 0 494 18 0 0 63 984 0 102 0 24 0 107 63 0 0 0 4 166 0 0 0 0 0 0 0 0 0 0 0 0 0 0 0 1 2 0 0 1 0
 0 0 0 0 3 0 1 55 0 0 14 0 28 0 3 0 1 2 0 0 0 5 1 0 10 16 0 0 0 0 0 0 0 0 1 0 0 0 0 15 0 0 0 0 0 0 0 0 0 0 0 0 0 0 0 0 0 105 27 0 0 0
 0 0 0 0 32 2 0 0 0 0 0 0 0 0 0 0 0 0 0 0 0 0 0 0 0 0 0 0 0 0 0 0 0 0 407 0 0 0 0 92 2 0 0 0 0 0 0 0 0 0 0 0 1 0 0 0 0 0 0 0 0 0
 0 0 0 0 151 0 0 0 0 0 0 0 1 0 60 0 0 0 0 0 0 0 0 0 0 0 3 0 0 0 0 0 0 0 0 0 0 0 0 1 0 0 0 0 0 0 1 0 0 61 0 0 0 0 0 0 0 0 0 0 0 0
 2 0 0 0 0 66 1 0 0 1 10 5 41 0 938 471 10 3488 240 57 121 205 42 0 19 31 12051 8290 10266 835 400 376 0 147 1073 0 0 0 470 12 0 12 0 97 62 0 3 0 0 0 0 67 6 275 21 184 55 9 0 129 10 147
 21 15 317 578 426 138 70 0 135 3839 846 125 252 7523 425 43 33 1911 92 8 18 3 7 0 101 0 0 0 3 3 0 0 0 6969 79 118 0 0 144 132 25 162 175 1061 778 0 437 287 1048 0 421 1032 0 81 493 139 60 90 0 148 188 449
 39 0 6 6 0 10 87 70 252 137 128 246 227 0 211 0 143 18 16 230 147 404 62 15 0 13 1338 0 0 80 195 69 0 1 0 0 0 0 19 29 0 0 0 0 10 0 8 0 7 0 42 1860 184 22 19 76 0 33 0 0 23 116
 35 6035 0 20 87 56 23 77 0 0 30 41 34 0 181 48 40 70 12 8 13 0 30 0 28 29 143 0 53 0 22 0 29 19 69 74 0 102 40 77 551 317 0 308 3206 3355 783 463 8332 216 0 119 8225 444 33 0 189 6785 0 1652 53 91
 499 473 116 68 725 488 77 2393 24 0 580 112 106 822 0 27 96 2183 292 1352 21425 12270 4728 2645 4119 3653 115 0 722 0 1238 885 0 83 150 905 0 0 16 0 126 161 0 8 84 12 176 0 121 0 666 0 387 0 67 228 1514 432 0 0 0 1050
 54 11 0 214 1532 87 14 60 5197 11 176 26 0 0 0 0 0 0 0 0 0 38 0 0 5370 2944 1721 340 13 3 0 19 1529 188 0 897 1474 0 632 48 13439 0 0 0 291 0 688 0 0 0 67 0 3 0 6 0 17 28 0 85 93 97
 225 177 313 265 110 252 60 91 0 148 654 0 0 0 0 0 0 38 0 0 0 0 0 0 11 196 0 0 0 0 0 0 0 1 0 0 0 0 1404 14 59 0 8 0 1 0 0 29 0 0 0 0 3469 30 625 0 35 0 0 26 0 0
 5 6 11 0 0 0 0 0 0 1 2 2 1 0 0 0 0 0 1 0 6 0 0 0 0 0 87 0 0 36 0 0 804 395 164 0 0 8565 53 5 0 0 0 0 0 0 12 0 2895 1353 0 0 0 3 3 0 0 294 0 94 22 41
 20 164 71 0 0 10 23 0 0 25 76 28 44 57 157 0 0 9 0 19 8 18 0 0 7 44 55 70 0 7 0 0 0 557 80 179 12 0 138 38 0 0 0 0 0 1 100 0 426 0 0 2 0 0 998 5991 338 652 0 0 727 395
 233 47 7626 3933 106 1474 49 265 0 280 50 654 7 62 74 1815 254 331 2665 490 559 228 10208 929 17 13 204 696 649 510 6 217 0 208 77 0 43 0 124 84 183 48 364 0 121 23 57 182 299 64 316 345 135 187 156 182 17259 262 0 16720 9505 973
 967 693 2589 239 1627 329 3285 631 0 26 375 490 11 0 35 9 242 27 54 0 1330 1067 183 4014 424 430 525 300 274 398 0 946 493 2051 0 507 848 888 2006 52 256 2923 0 419 82 174 115 353 11 409 280 1037 82 288 288 108 151 218 0 28 2098 462
 535 875 469 2926 2642 471 7582 379 133 1175 1313 930 1336 10 0 0 1983 107 505 645 1165 1685 177 153 3596 27 22 0 0 0 0 0 0 0 0 0 0 0 0 0 3 0 166 24 0 41 5 0 0 0 0 0 0 5 74 1181 0 0 0 0 0 2
 0 0 0 0 1 0 0 0 0 0 0 0 0 0 0 0 0 0 0 0 0 0 0 0 0 0 0 0 0 0 0 47 0 0 0 0 0 0 2 0 0 0 0 0 0 7 0 0 0 1 0 0 1 0 2 0 1 0 0 0 0 0
 474 5 0 3 0 0 0 0 0 0 0 0 0 0 0 1 0 0 0 0 0 0 0 0 2 0 0 17 0 0 0 0 0 0 6 6 0 0 0 20 40 0 0 0 0 0 3 0 0 0 0 0 288 203 7 3939 0 133 20 0 0 65
 89 18 0 1 0 69 28 561 6 49 572 0 0 1066 38 0 23 0 332 38 62 0 0 0 3 7 23 0 0 29 0 0 103 425 97 522 0 0 13 183 111 223 0 0 0 0 0 56 0 1 147 57 218 382 0 303 2 0 0 0 2 19
 0 23 103 17 39 1 20842 5739 0 0 2 10 0 0 2 312 1 0 0 142 8 21 0 32 27 86 180 185 0 3 130 4444 362 0 7 91 0 178 0 19 83 0 224 41 0 201 0 0 170 0 26 97 441 31 490 69 331 2 25 64 60 0
 0 91 121 0 43 226 55 215 743 4 43 2 0 0 8 5 0 0 13 80 124 462 0 15 4855 1146 571 0 0 2 0 0 9 62 3 300 1165 0 0 91 329 5 0 47 36 625 0 0 0 0 9244 475 2726 7088 6588 4597 1233 868 1860 525 1434 0
 2096 917 465 1238 1360 1146 695 432 447 331 9978 1327 1415 0 81 509 148 0 0 0 13 0 0 45 0 0 0 0 0 0 0 0 0 0 3 9 0 0 14 3 3725 1029 305 0 0 0 0 0 0 0 0 58 118 70 72 904 55 35 0 0 167 0
 2 50 241 1100 14133 1548 3689 1109 2235 145 109 97 134 399 191 652 442 1083 1088 1453 545 722 0 1896 1179 2604 2174 482 494 409 0 0 95 0 35 0 0 0 0 0 6 0 0 0 84 0 7 0 0 0 0 0 0 0 0 8843 1 0 0 0 0 0
 0 4 3 6 667 111 793 456 401 0 0 0 0 0 2 0 405 0 16 0 0 0 0 0 1 1 0 0 0 0 0 0 0 1 0 0 0 0 0 0 0 3 37 0 40 0 0 0 0 0 0 0 14 0 0 0 0 0 0 0 3 22247
 7495 9 0 0 0 0 0 0 125 0 2 1 0 0 7 0 13 0 68 0 0 0 0 5 5 0 185 0 0 155 0 171 74 0 126 163 0 0 136 85 5 0 393 77 21 37 99 1233 0 0 0 0 0 0 3 15 21 0 0 0 0 0
 7 4 0 17 35 0 0 0 4 0 257 0 0 0 134 61 124 587 0 0 0 0 0 410 0 85 179 2 0 0 0 0 158 18 0 0 0 0 29 20 212 121 0 1048 1029 588 287 144 104 20 138 87 297 94 1265 432 429 325 284 564 976 244
 12408 601 223 279 216 122 83 126 0 0 2 2 0 0 279 2960 17 176 0 0 24 138 214 11 42 43 0 164 416 67 0 6592 3288 210 0 89 0 0 31 0 1148 0 714 313 480 107 123 275 0 373 0 313 422 0 55 15 243 539 393 0 1374 548
 1717 187 116 185 139 162 245 253 237 926 463 313 376 0 983 1212 496 2916 84 370 456 227 319 566 55 0 239 463 0 0 120 0 0 1533 20 227 0 0 48 0 9 0 0 0 110 216 57 14 0 7 0 0 0 0 0 0 0 0 0 0 2 0
 14 0 0 5 25 0 0 0 6 33 0 0 0 0 76 1441 871 553 113 0 70 154 52 2 69 149 5 0 0 0 0 1190 15 812 6 0 0 0 215 0 1500 0 0 0 0 0 69 0 0 0 15 34 366 882 0 0 0 0 0 0 0 0
 0 29 0 0 0 0 0 0 0 0 0 1 0 0 0 0 0 0 0 0 0 0 0 0 2 0 3 0 346 0 0 0 0 0 0 0 0 0 0 0 0 0 0 0 0 0 0 19 0 0 77 0 90 0 307 0 0 0 0 0 27 0
 0 0 41 56 805 113 140 19 426 0 0 0 0 0 0 0 0 2 0 0 0 0 0 9 0 0 6 0 0 0 0 61 0 0 0 0 0 0 0 565 0 0 0 0 0 0 2 0 0 1 0 0 18 46 0 0 0 0 0 0 5 0
 0 0 261 0 0 0 0 0 0 0 0 0 0 0 11 115 0 0 0 1218 346 0 3 1 32 0 3 0 0 0 0 0 0 0 0 0 0 0 0 0 0 4 0 0 0 2 1 0 0 0 2 326 0 8 4 0 0 0 0 0 0 0
 0 0 23 4 1 0 0 3 0 0 0 134 0 0 229 0 0 0 0 3 0 0 0 0 3 2 3 0 0 0 43 0 83 15 3 0 0 0 0 106 0 0 0 0 0 0 33 0 0 0 9 131 1 7 50 33 360 57 25 0 384 322
 188 67 124 67 937 163 304 137 315 151 162 62 0 0 252 98 482 408 0 135 30 32 0 0 0 31 73 0 0 146 0 0 0 0 3 0 0 0 0 0 0 0 0 0 0 0 1 0 0 0 127 85 14 43 0 0 1 0 82 147 583 53
 10 2 10 184 0 1 72 6 55 23 0 3 0 0 0 0 1 0 0 380 0 2 0 0 0 0 1 0 0 0 0 0 0 0 0 0 0 0 21 0 0 340 0 0 0 0 0 0 0 0 27 9 7 40 30 0 45 72 12 1309 194 98
 122 21 0 0 5 3 46 13 76 147 0 9 247 168 136 1 201 0 0 1 0 95 604 422 0 384 65 28 316 467 765 333 377 567 1921 164 112 308 139 100 0 371 0 0 1107 477 591 58 0 0 523 92 0 188 24 0 0 0 773 0 40 0
 0 15 2 45 56 89 0 0 5 15 107 203 4 5 204 73 156 163 0 51 16 45 0 123 0 29 51 0 0 0 0 19 0 0 0 214 0 0 65 83 346 76 0 0 1054 329 430 207 0 12 503 397 474 1382 265 91 0 0 55 373 235 76
 1857 758 303 188 0 71 259 0 0 209 422 33 0 163 295 779 6 0 0 65 0 0 0 0 0 0 0 0 0 0 0 7 0 1 0 0 0 0 1 0 3 0 0 0 0 4 0 16 0 0 0 2 0 0 0 0 0 0 0 0 3 4
 0 5 19 4 9402 3 0 4 7 335 375 12 4 31 4 59 31 6 0 0 0 0 57 31 14 788 546 0 0 0 0 0 0 71 0 0 0 0 0 0 0 0 4019 1019 2 61 0 0 0 0 1 21 0 2 1 0 0 0 4 0 0 2
