61
 8490 2163 41 466 0 0 0 0 0 0 0 59594 0 53 0 3 0 7 0 0 15 1 0 78 1 107 23 0 0 0 0 0 0 1 0 7 0 0 0 0 0 0 0 0 0 0 0 0 0 0 0 0 0 0 0 0 0 0 1 0 0
 0 545 0 73 119 4 0 16771 2866 62 179 0 0 0 0 0 0 0 22514 3354 770 13 13 0 3 0 0 8 1 0 142 0 0 0 2 0 0 0 0 0 0 0 2 0 0 1 0 0 0 0 0 0 0 1 0 0 0 0 0 0 0
 0 0 25 7 0 0 392 88 0 21 0 40 1202 0 538 79 1730 1 0 281 0 0 0 0 0 0 0 0 1418 0 0 0 331 0 4601 0 0 0 0 0 0 40 1 0 0 0 0 0 0 0 0 0 0 0 10 2 0 0 0 0 0
 0 0 0 0 0 0 1 0 0 1 0 0 0 0 0 0 0 5 3 0 0 1110 0 0 21 22 0 3105 4096 1142 269 0 0 0 1 0 0 286 1641 0 223 0 0 0 0 0 0 0 0 0 0 0 220 13 5 1 5 0 0 0 0
 3 0 1 0 1 0 1 0 0 0 0 0 0 0 0 1 0 1 0 2 0 0 0 0 0 2 0 13 0 0 36 1505 0 2946 105 5 0 0 0 163 2 3 0 0 0 182 0 0 0 0 0 0 0 0 0 0 0 0 0 0 0
 1 0 1 135 4 2 9 0 0 0 0 0 6 1585 0 0 5 6 40 0 0 0 0 0 1 3 0 0 0 0 0 0 0 0 7 0 0 0 0 0 0 0 0 0 0 0 0 0 0 0 0 0 0 0 0 22 106 0 0 0 0
 0 2 0 0 0 0 0 0 0 5 0 0 504 12 0 19 6 4 0 0 0 7 66 0 1 26 1 13 0 0 0 0 0 0 2 0 0 0 0 1 3 0 0 0 0 0 0 0 0 0 0 0 0 0 0 0 0 0 0 0 0
 17 0 0 0 11 11 4458 8 14 2 0 0 154 0 0 5 2 4 0 0 0 0 330 0 6 346 136 0 0 0 16 0 0 0 260 2313 0 0 0 13 74 0 0 0 0 8 0 6 2 1 1 0 0 8 8 0 5 0 5 0 0
 11 0 146 0 0 11672 59 0 110 0 0 67 14 0 0 1234 300 1 0 0 0 0 0 0 5725 50 2 0 0 0 0 0 0 0 0 1 0 0 0 3 3 10215 1142 0 0 99602 0 0 0 1 23 0 0 41 1 0 0 0 0 0 0
 6 0 0 0 1 0 0 0 0 6 2 0 5 0 0 220 0 0 33009 0 0 0 0 0 0 0 0 17 0 0 226 0 0 0 1 0 0 106 0 1917 1673 0 0 0 0 2 0 0 0 0 0 0 0 2 311 20 33 0 381 0 0
 0 0 1703 147 22 0 8 1 12 0 0 0 0 0 0 1 0 0 0 0 0 0 0 0 5 1 3 2 0 0 0 0 0 0 0 0 0 0 0 2 0 0 0 0 0 0 0 0 0 0 0 0 0 26 0 0 0 0 0 0 0
 0 0 0 1630 80 26 7 29 0 2 0 6 97 0 3 0 0 4 0 0 0 0 0 0 0 13 0 0 0 0 3 0 0 0 0 0 0 0 0 8 0 0 0 0 0 0 0 0 0 3 0 0 0 0 0 0 0 0 0 0 0
 0 0 0 0 0 0 0 0 0 0 0 0 0 0 0 0 0 0 0 0 0 0 0 0 0 0 0 0 0 0 0 0 0 0 0 0 0 0 0 0 0 0 0 0 0 0 0 0 0 0 0 0 0 204 497 0 123 0 8 140 4107
 0 15 594 204 67 0 0 104 25 88 26 129 3 53 50 368 87 120 456 29 112 0 756 204 1 12 65 288 610 0 26 0 151 91 21 23 11 0 0 34 63 27 0 0 93 0 0 139 192 0 166 93 39 60 52 0 4787 5572 1 14370 2671
 352 24263 0 722 554 505 712 1261 552 3435 11 0 18 0 0 0 0 0 0 0 1 1470 0 0 0 0 0 0 0 0 0 0 0 0 0 0 0 0 0 0 59 0 0 0 0 4 0 3 0 0 0 2 0 0 1 0 4 0 0 27 0
 0 10 0 21 0 1 0 0 0 0 0 5 2 0 0 120 0 0 0 0 0 0 29 11321 0 104 255 0 0 0 5 0 0 0 0 50209 4 0 0 13 9 0 0 0 334 7 0 581 0 884 39 0 0 451 10 0 23 0 0 5 0
 4 8 0 1 2 0 0 0 0 3 9 3 5 0 1 8 12 3 0 0 4 75 2 0 149 0 0 379 569 0 0 0 2 39908 2 568 4149 1561 0 1 0 0 0 0 0 0 0 0 0 0 0 3130 0 0 0 0 0 0 0 0 0
 0 0 0 0 0 0 0 0 0 0 5 0 0 0 0 0 0 0 0 0 0 0 0 0 0 0 0 0 0 0 0 0 0 0 0 0 0 0 0 0 0 0 0 0 0 0 0 0 0 0 0 0 0 1 1 0 10645 2187 11367 4380 0
 932 0 807 0 46 0 755 2 2 0 956 0 210 0 205 2 28 0 5 0 0 0 0 0 0 5 13 4 0 0 0 0 0 0 7 11 0 0 116 11 367 0 380 0 0 0 0 0 0 208 32 0 0 49 58 14 0 2 34 0 28
 33 0 0 0 0 0 1892 469 3 19 0 234 769 0 1043 59 192 220 408 1 48 0 21 0 0 25 938 0 0 0 0 0 0 0 0 0 10 0 0 0 0 0 0 15 0 0 2 6 0 0 0 0 2 0 2 238 260 16 53 0 0
 0 0 43 1 24 41 24 13 24 24 2 1 3 0 0 0 0 1 0 0 3 0 37 0 7 0 0 39 83 9178 0 0 0 0 20 1 0 0 0 0 2 0 0 1 0 7 6 0 0 0 0 0 0 0 1 0 0 0 7 0 0
 0 0 2 0 35 41 0 19 15 17 36 3 29 87 0 0 0 118 9 513 73 0 58 109 574 0 6 2 0 0 35 0 0 0 0 0 87 12 0 71 0 7 0 743 347 0 0 1 0 0 0 0 0 3 2 0 9 0 1 0 0
 4 0 0 4 52 6 0 0 3 2 2 0 4 0 2 0 0 3 2 0 0 0 3364 0 91 1 1 87 81 0 0 0 0 133 0 0 0 0 0 4 613 150 0 0 0 9 0 0 2 0 0 0 0 1 20859 2899 0 36 2 0 13
 0 1 14617 177 1861 899 1822 5 26 113 24 12 1 0 301 0 6 139 211 75 107 0 12 75 211 5 26 16 1 0 0 16 0 20 0 31 73 0 0 18 0 218 21 914 34 0 494 39 0 0 38 959 0 127 0 24 0 109 73 0 0
 0 0 173 0 15 0 0 0 0 0 0 19 53 0 0 0 0 0 2 2 0 0 0 0 0 0 0 0 0 0 0 42 0 4 0 0 6 0 0 0 1 2 0 0 0 0 0 21 0 0 0 0 0 0 3 7 0 0 4 0 0
 0 0 21 0 0 0 0 0 0 0 0 0 0 0 0 0 0 0 0 0 88 31 0 0 0 0 0 0 0 0 0 0 0 0 0 0 0 0 0 0 0 0 0 0 0 0 1 0 0 0 0 0 0 0 5 0 0 0 0 59 0
 0 0 16 92 6 0 0 0 0 0 0 0 2 0 0 0 1 0 0 0 4 0 0 0 0 0 0 0 0 593 185 0 0 0 0 0 0 0 0 0 117 0 0 0 0 0 0 0 0 0 0 0 0 1 0 1 0 0 0 0 0
 4 0 0 0 0 0 0 8 1 0 0 2 528 0 102 1 0 0 0 0 0 0 0 0 0 0 0 2 0 0 0 0 0 0 0 0 0 0 0 41 0 958 441 0 2863 240 59 0 210 0 57 0 0 12052 8287 10264 791 425 429 0 114
 1073 0 0 0 563 12 36 19 52 109 40 23 4 0 12 14 0 70 7 85 0 132 0 0 111 225 10 157 21 0 295 0 212 107 38 1 0 3832 765 133 252 7556 408 0 33 1910 10 15 0 0 0 2 0 0 0 0 0 4 5 0 0
 6972 109 258 0 253 143 132 3 151 177 1062 780 178 258 311 1051 68 444 1031 8 0 495 174 40 91 9 0 188 434 39 0 0 0 75 0 85 0 96 0 130 246 218 196 33 98 113 18 0 151 145 402 44 22 0 7 1339 0 0 62 0 942
 1 0 156 0 0 12 19 0 1 0 1 0 10 0 8 0 3 2 54 1860 34 0 19 51 36 33 0 33 0 90 35 5963 192 0 198 0 0 0 0 11 29 41 0 0 173 53 33 71 0 0 0 0 0 26 32 23 139 20 62 0 0
 385 63 18 79 0 31 103 39 70 548 336 2 313 3035 4261 782 304 8369 219 31 109 8226 403 0 0 189 6789 158 1154 56 0 499 0 24 32 582 0 0 2281 0 806 292 54 52 702 0 50 96 2188 0 826 21411 12273 4730 2109 4126 3642 93 56 0 899
 1623 766 0 82 159 915 1 9 8 2 135 193 45 0 84 92 0 75 83 161 1026 427 315 66 67 247 1527 369 0 11 0 467 54 0 360 85 1469 0 0 0 5198 0 0 0 0 0 0 0 0 0 0 0 0 41 70 1 5364 2944 1722 131 16
 0 86 29 1518 0 38 922 1561 179 617 48 13583 0 0 6 288 0 689 3 19 60 162 0 0 0 6 41 16 0 0 85 0 84 230 178 295 191 109 34 61 159 229 0 212 0 0 0 0 0 0 0 0 0 0 0 0 0 11 197 0 0
 1 0 0 0 0 0 0 0 42 0 1404 7 78 0 175 5 0 0 0 119 0 2 475 105 3456 30 625 17 0 0 0 0 0 0 7 0 0 0 0 0 0 0 0 0 0 0 1 0 0 0 0 0 0 0 6 0 10 2 0 0 86
 0 22 188 9 0 834 396 0 0 6 8624 51 9 0 4 0 0 0 0 10 0 2897 1668 0 2 0 3 5 0 0 229 0 0 0 25 27 0 0 25 137 9 59 0 0 0 0 27 44 232 53 0 256 8 28 15 0 18 2 12 0 68
 58 70 137 40 49 10 24 615 80 179 33 1 138 0 61 0 0 0 0 0 109 0 617 0 0 2 0 2 865 5900 319 164 0 0 715 231 234 0 5571 3934 107 1341 54 154 0 211 50 645 1 11 9 1842 176 335 2728 719 514 228 10211 828 0
 13 205 739 0 510 40 223 89 253 0 21 43 59 100 84 197 0 408 85 188 25 0 88 262 52 333 350 125 0 0 113 17205 174 0 16706 9433 926 967 231 2590 457 1600 331 2955 0 605 26 361 490 0 0 37 52 242 28 68 0 1332 727 173 3926
 424 431 481 0 358 410 0 946 653 2045 60 510 907 845 2006 42 259 4529 0 464 75 234 117 345 25 416 283 1306 0 154 292 0 136 0 306 0 0 0 535 876 458 2923 2636 377 6355 0 396 1176 1315 847 1286 101 0 157 1981 106 427 660 1080 1310 0
 159 3593 42 22 0 0 0 0 0 0 0 0 0 0 0 0 0 3 0 259 160 0 0 0 2 0 5 0 0 0 0 47 1115 0 0 0 0 0 0 0 0 0 0 0 0 0 0 0 0 0 0 0 0 0 1 0 45 0 0 0 0
 0 0 6 0 0 0 0 0 0 0 0 0 4 0 0 0 2 0 0 0 0 5 0 2 0 7 0 5 0 0 0 0 0 0 1 0 0 0 0 0 474 0 0 0 0 0 0 0 0 0 0 0 0 0 1 1 0 0 0 0 0
 1 0 0 2 0 1 17 8 0 0 9 146 19 0 48 10 4 0 16 35 9 0 0 0 0 3 0 0 0 0 0 0 203 0 3940 0 0 0 0 7 60 89 5 0 0 0 69 28 536 0 49 572 0 0 1117 38 0 22 1 0 0
 61 0 0 0 3 5 17 4 0 20 18 33 103 47 101 493 21 1606 0 181 141 198 21 0 0 0 4 0 0 0 164 0 42 216 0 317 0 0 0 149 2 0 3 0 0 0 39 1 20665 5292 0 89 0 0 9 8 0 162 2 0 0
 142 12 0 165 47 27 85 208 120 4 4 133 4489 409 167 2 93 29 174 0 0 0 22 0 56 151 209 134 60 0 60 0 77 0 31 502 0 0 0 78 99 82 4 0 0 0 5 0 226 0 202 772 0 0 2 37 8 8 10 0 0
 45 81 97 465 43 15 4848 1144 414 15 1 3 5 0 2 0 3 300 1281 18 132 0 326 0 19 47 44 0 0 0 0 0 9272 475 2727 7070 6483 3998 0 868 1973 775 1314 739 2098 918 472 1218 1360 814 286 436 431 333 9960 982 1528 303 74 456 0
 1 0 37 15 0 3 43 0 0 0 13 2 0 58 0 0 0 3 10 64 0 15 0 3717 1027 456 8 0 0 0 0 7 29 111 194 42 0 0 595 55 35 61 0 47 0 2 50 236 1100 13767 988 3687 1040 1967 415 107 0 24 381 213 453
 441 1115 1080 1344 581 729 1679 1895 916 2604 2174 505 672 392 904 67 110 0 32 0 0 13 20 0 5 0 8 0 0 0 0 0 0 0 0 0 0 0 0 8858 0 0 0 0 0 0 0 0 3 0 209 110 793 464 400 0 0 0 0 0 0
 2 405 1 15 12 0 0 0 0 0 1 1 1 0 0 0 0 0 0 0 11 0 2 0 0 0 6 56 0 53 0 0 0 0 0 0 0 0 0 0 0 0 0 3 0 0 22243 7495 9 0 0 0 0 0 1 122 0 0 0 0 0
 7 1 13 2 68 0 0 0 12 2 3 0 713 0 24 71 4 204 98 92 126 155 0 43 128 92 5 0 482 0 10 0 99 1233 51 0 0 0 0 0 4 0 0 0 0 0 0 0 7 0 0 17 36 0 0 0 0 0 246 0 0
 7 144 61 120 636 0 1 0 0 5 409 0 87 173 14 0 6 37 0 175 12 2 194 0 1 29 22 148 135 0 1059 533 588 287 195 0 0 127 0 297 94 1255 0 374 0 0 676 975 240 12408 53 220 514 216 122 82 98 0 61 2 0
 27 106 386 2960 17 201 62 0 0 140 164 31 42 0 41 0 499 68 0 6753 3354 210 839 0 8 7 36 0 1029 0 796 0 508 68 123 180 0 283 0 324 422 0 23 0 0 0 0 137 1373 0 1717 189 116 198 139 184 0 309 208 781 0
 313 389 286 1003 1212 496 3671 549 365 239 232 334 619 0 0 193 0 19 13 147 390 59 2016 0 228 17 4 8 0 0 37 0 25 221 215 0 0 0 0 0 0 0 0 0 0 0 0 3 0 0 0 14 0 0 10 24 0 0 0 0 0
 3 0 28 0 76 1443 871 560 113 13 109 155 53 0 63 106 5 3 8 0 1 1613 15 967 7 0 2 243 113 0 1469 0 6 0 137 0 0 0 0 11 15 34 383 877 0 0 0 0 0 0 0 0 0 30 0 0 0 0 0 0 0
 0 0 1 0 1 0 0 0 0 0 0 0 0 0 0 0 1 0 0 41 10 0 0 0 1 0 0 0 0 0 0 0 0 1 1 0 0 0 0 0 0 76 9 21 0 0 0 2 4 0 0 39 0 0 0 48 0 704 41 121 0
 427 50 0 0 0 0 0 0 0 0 0 0 0 0 0 0 0 0 0 0 0 0 0 104 0 0 0 0 9 0 0 0 0 1 0 0 0 0 0 0 0 0 0 0 0 0 0 0 0 0 0 0 7 0 2 0 0 0 0 0 0
 0 0 0 0 0 0 18 7 118 0 45 4 866 404 2 2 1 31 0 0 0 16 0 0 0 0 0 0 2 0 0 0 0 0 4 3 0 0 0 1 0 0 0 0 0 0 2 0 0 0 0 0 0 0 0 0 0 0 0 0 0
 0 8 0 0 10 0 2 0 223 0 0 0 0 0 0 0 0 0 3 0 0 0 4 7 56 16 120 0 0 13 0 0 0 113 0 0 0 26 0 0 33 4 12 0 0 109 1 6 41 0 125 499 50 159 133 322 188 14 0 66 881
 163 308 285 315 173 188 62 36 246 214 109 482 599 0 135 24 37 0 0 0 35 73 0 0 183 0 12 0 0 4 0 0 0 0 0 0 0 0 0 0 0 0 0 0 0 0 85 14 26 1 0 1 295 0 322 572 0 10 0 0 0
 0 3 72 6 55 23 0 0 2 0 0 1 0 0 4 375 4 0 0 0 0 0 0 0 0 1 4 0 0 0 0 0 0 0 17 0 0 0 0 0 0 0 0 0 0 0 28 8 0 0 0 442 340 0 12 1363 97 182 123 21 0
 2 6 2 46 13 76 155 0 8 306 180 141 0 0 0 0 1 0 16 639 428 5 379 65 144 0 469 1061 552 167 546 1361 0 113 605 132 0 0 0 54 113 756 405 637 0 0 61 525 92 0 0 18 23 0 0 772 0 32 0 0 0
 0 46 56 88 2 9 4 13 119 203 33 5 0 0 154 157 3 33 0 46 11 126 0 29 51 58 41 0 41 0 9 0 0 290 0 0 48 0 156 225 36 214 1019 329 303 0 118 149 489 395 11 1349 265 289 174 58 0 188 235 64 1860
