76
 8490 2182 41 467 0 0 0 0 0 0 0 59598 0 79 58 0 0 4 0 0 14 3 4 0 0 0 0 0 0 0 0 0 0 0 0 0 0 0 0 0 0 0 0 0 2 0 1 0 0 0 0 0 0 0 0 0 0 0 0 0 0 8 0 0 0 43 5 0 15911 2599 0 337 0 0 0 1
 0 0 0 22436 3353 754 0 0 29 4 0 0 0 0 2 139 0 90 0 0 10 0 0 0 1 0 0 0 0 0 0 0 0 0 0 0 0 0 0 0 0 0 0 0 0 0 0 0 0 0 0 0 307 88 0 0 11 32 463 0 1114 133 1713 0 0 149 26 0 0 0 0 0 0 0 1328 0
 0 1 343 1 4600 0 2 0 44 1 0 0 1 20 29 1 0 0 0 0 0 0 0 0 9 4 0 0 0 0 0 0 0 0 0 0 0 0 0 0 0 0 0 0 0 0 0 0 0 0 0 0 1023 0 0 21 6 0 3072 4115 1124 298 0 0 0 0 1 0 0 1880 0 211 0 0 0 0
 0 0 0 0 3 0 0 235 0 4 1 0 1 0 0 1 3 0 1 0 1 2 1 0 0 0 0 0 0 0 0 0 0 0 3 0 0 0 2 1 0 0 0 0 2 0 33 1290 0 3115 105 23 0 0 169 245 0 0 0 0 0 184 0 0 0 0 0 0 0 0 0 0 0 0 0 0
 0 0 0 0 135 6 0 8 0 0 0 0 0 0 2452 14 0 7 6 57 0 1 1 0 0 0 0 0 0 0 0 0 4 0 0 0 0 0 1 0 0 0 0 3 0 0 0 0 0 0 0 0 0 0 0 0 0 240 0 0 0 0 0 0 0 0 0 0 0 0 0 0 0 0 486 20
 8 0 4 3 0 0 0 4 0 1720 1 0 0 11 0 0 0 0 0 0 3 0 2 0 0 0 0 36 0 0 0 0 2 0 0 0 0 0 0 0 0 0 0 0 0 0 0 17 4 0 0 0 13 4403 0 0 0 0 0 154 0 0 0 0 0 0 1 0 0 130 0 0 23 80 0 1
 31 28 0 0 0 350 2477 0 0 10 13 41 0 0 6 1 0 0 0 0 3 2 0 0 7 0 5 5 0 0 0 0 11 0 131 0 0 11000 0 0 110 0 0 2 0 9 32 1234 0 0 0 0 0 0 0 0 4810 0 0 0 0 6 0 0 0 0 3 0 0 0 0 0 0 9998 963 117
 158 99584 259 0 0 0 26 29 3 41 1 0 5 0 1 0 0 0 0 7 0 1 0 0 0 0 0 2 0 5 0 0 220 0 0 32918 0 0 0 0 0 0 0 0 17 3 0 236 2 0 0 0 0 0 97 0 0 1701 0 19 0 0 0 0 0 0 0 0 0 0 0 250 0 0 0 399
 43 0 0 268 1740 76 22 0 8 1 14 0 0 0 0 0 0 0 0 0 1 0 1 0 0 0 0 1 0 0 0 0 0 0 0 0 0 0 0 0 0 0 0 0 1 0 0 0 0 0 0 0 74 0 0 0 0 0 0 0 0 0 0 0 0 0 1632 0 0 0 0 0 0 0 0 96
 48 0 0 0 4 0 0 0 0 1 3 0 13 0 0 0 0 0 0 0 3 7 0 0 0 0 0 0 0 0 0 0 0 0 0 0 3 0 0 0 0 0 0 0 0 0 0 0 0 0 0 0 0 0 0 0 0 0 0 0 0 0 0 0 0 0 0 0 0 0 0 0 0 0 0 0
 0 0 0 0 0 0 0 0 0 0 0 0 0 0 0 0 0 0 0 0 0 0 0 0 0 174 136 355 113 18 8 0 4307 31 0 551 211 0 867 14 86 0 0 0 176 3 48 43 370 0 118 0 155 112 0 676 244 0 0 63 60 614 0 0 0 0 176 0 0 0 0 0 0 35 0 403
 0 96 0 32 139 170 0 208 148 43 60 52 71 4754 5685 0 14552 2680 313 24259 576 722 553 520 708 1174 369 3400 0 0 0 0 0 0 0 0 0 23 1 1538 0 0 0 0 0 0 0 0 0 0 0 0 0 0 0 0 0 0 20 20 0 0 6 0 0 0 0 0 0 0 0 0 0 0 0 0
 0 95 0 0 10 107 20 0 1 0 2 0 0 0 5 0 0 0 120 0 0 0 0 0 0 0 9786 0 0 140 0 0 0 0 0 0 0 0 50209 0 0 0 7 7 6 29 0 374 4 17 546 62 887 209 9 0 451 0 0 26 0 5 2 0 0 0 0 0 0 0 0 0 0 0 0 0
 0 2 0 8 6 0 1 8 4 96 7 0 148 0 1 365 559 0 0 133 178 39923 0 568 4121 1186 0 1 0 0 0 0 0 0 0 0 0 0 0 3603 0 0 0 0 0 0 1 0 0 0 0 0 0 0 0 0 0 0 0 5 0 0 0 0 0 0 0 0 0 0 0 0 0 0 0 0
 0 0 0 0 0 0 0 0 0 0 0 0 0 0 0 0 10 0 0 0 1 42 0 1 3 0 0 1 0 10003 1303 11372 4394 18 930 0 804 0 49 24 738 0 0 3 957 0 210 0 148 0 33 0 1 0 0 0 0 0 0 5 12 0 0 0 0 0 42 0 0 0 0 0 0 0 360 4
 391 0 0 0 0 1 0 211 36 1 0 48 62 0 0 4 35 76 0 34 0 0 0 0 0 1878 397 3 19 0 0 593 146 1058 61 195 175 349 0 44 0 0 20 1 25 936 0 151 0 0 0 3 0 0 0 0 0 0 0 1 5 0 88 9 0 0 7 0 0 0 0 0 0 0 221 260
 12 0 53 0 0 4 61 1 23 42 28 0 22 0 0 0 3 0 0 0 0 1 0 11 2 0 0 11 9 0 0 0 105 9259 155 0 44 0 6 0 0 0 0 0 2 18 0 0 4 0 12 0 0 5 0 14 0 0 0 1 0 0 0 0 0 0 5 0 0 0 0 0 0 0 0 39
 0 0 129 67 0 21 117 4 524 70 0 0 125 563 3 0 2 57 14 0 0 0 0 0 0 0 61 2 0 0 0 0 772 443 0 47 4 8 0 2 33 0 4 2 0 9 0 0 0 1 8 0 0 0 54 7 0 0 0 0 4 1 0 0 0 0 5 0 0 0 0 0 2823 0 21 3
 1 85 139 0 0 36 67 131 6 635 25 0 0 55 613 104 2 0 11 12 0 0 0 13 102 0 0 0 20806 2899 0 0 3 2 14 0 30 14611 177 1862 865 3515 11 26 100 0 15 0 35 301 0 42 86 211 96 118 0 61 3 211 5 25 7 0 0 0 50 0 0 0 0 0 0 0 0 3
 217 39 1137 59 0 493 36 0 0 127 986 0 128 0 25 0 109 19 0 0 6 0 0 0 0 0 0 0 0 0 0 0 53 3 0 0 0 0 3 2 0 0 0 0 0 0 0 0 0 0 1 55 0 5 14 0 28 0 0 0 0 0 0 0 0 0 0 0 0 0 0 0 0 0 0 5
 0 0 4 0 0 0 0 20 0 0 0 0 0 0 0 0 1 0 0 0 0 0 0 0 0 42 34 3 0 0 0 0 0 0 29 0 0 0 0 0 0 0 0 0 0 0 0 0 0 0 1 0 0 0 0 0 0 0 0 0 0 3 0 0 0 0 0 0 0 0 0 0 0 0 0 0
 0 0 2 0 0 0 0 0 0 0 6 0 0 0 0 0 0 0 0 779 187 1 0 0 0 0 0 0 0 0 0 0 0 0 0 0 0 1 0 0 0 0 0 0 0 0 4 0 0 0 1 0 1 0 1 1 0 0 34 0 0 0 0 0 0 0 0 0 0 0 0 0 0 0 0 0
 0 0 2 0 0 0 154 66 0 12 0 0 7 2 41 4 942 500 5 3315 240 59 125 102 51 0 40 28 12052 7946 9589 644 426 423 0 147 968 0 1 0 523 0 0 0 48 0 74 0 0 4 12 0 14 67 7 276 10 151 58 9 114 224 7 0 0 0 0 524 0 0 0 0 0 3378 822 132
 173 7556 425 48 32 1911 89 15 16 1 119 0 102 0 0 0 0 4 0 2 39 6972 0 258 88 0 144 132 34 0 153 903 780 177 420 311 1051 83 423 1040 0 81 0 61 0 45 0 6 183 451 39 0 7 6 76 18 81 101 243 145 0 242 226 96 0 0 0 0 0 0 0 0 0 0 0 14
 1332 0 0 80 211 978 0 1 154 35 0 0 19 0 0 10 0 1 0 5 8 2 0 0 56 1745 195 22 19 17 0 0 0 0 0 79 35 6082 188 16 157 47 6 0 0 15 30 0 0 39 0 27 40 0 13 10 16 6 32 26 0 28 141 0 0 0 0 0 0 0 0 0 0 4 14 77
 444 336 0 313 3310 4260 775 467 8368 223 0 0 8193 0 34 0 188 6703 317 1732 0 126 434 339 0 69 748 488 77 2327 0 764 580 0 105 835 1 50 0 2218 325 1305 21364 12252 4728 2660 3960 3635 40 56 0 903 1622 0 0 0 0 907 6 10 0 0 128 136 0 0 0 0 0 0 0 153 0 216 358 71
 44 247 1527 435 220 15 0 1053 49 5 0 0 0 87 11 0 5162 0 175 26 0 0 0 0 0 0 1 0 0 0 70 0 5368 2937 0 235 49 4 0 0 1030 166 39 491 1560 171 503 47 13430 0 86 0 291 3 225 25 0 24 162 0 0 0 1 0 0 0 0 0 0 0 0 0 0 0 0 252
 61 160 236 167 653 0 0 0 0 0 0 0 0 0 0 0 0 0 9 197 0 0 0 0 0 0 3 1 0 0 0 0 1403 0 0 0 165 6 0 0 0 95 0 0 482 148 3385 28 460 23 0 0 0 12 0 1 0 14 14 16 0 0 0 0 0 0 0 0 0 0 0 0 0 0 0 1
 7 0 11 2 3 2 22 0 29 192 0 6 739 396 163 0 0 8553 0 9 0 3 0 0 0 0 13 0 2897 2070 0 2 0 3 0 0 0 294 165 6 16 0 27 164 43 60 121 4 56 0 0 0 0 28 41 239 145 0 313 7 18 5 0 0 0 0 0 0 0 0 0 0 0 0 0 637
 80 176 32 2 138 37 54 0 0 0 0 1 0 0 0 1 5 2 0 3 1000 6006 0 488 0 0 687 301 0 47 7618 3934 103 1341 0 256 116 281 50 18 0 0 74 1862 254 222 2686 728 510 226 10211 927 16 8 205 740 739 373 41 223 87 252 0 0 41 59 0 0 123 4 0 0 110 0 0 146
 299 71 332 350 134 189 154 176 17247 262 0 16704 9508 973 0 459 2588 454 1604 332 3286 514 0 0 338 463 0 45 30 0 242 28 68 0 1330 0 172 4014 424 431 0 274 527 410 0 955 671 2007 35 509 907 888 2006 50 260 4528 0 413 0 236 107 392 19 390 280 1311 0 0 34 89 0 0 0 0 1953 431
 535 878 468 2924 2642 469 7586 383 396 1176 1169 934 1335 158 0 0 1944 83 466 641 1172 1687 0 0 3561 0 22 93 0 0 0 0 0 0 0 0 0 0 0 0 0 0 260 162 1 47 0 0 0 3 0 0 0 1 74 1185 0 0 0 0 0 0 0 0 0 0 0 0 0 0 0 0 0 0 0 0
 0 1 0 60 0 0 0 0 0 0 0 0 0 0 0 0 0 0 0 0 4 0 0 0 0 0 0 0 0 0 0 7 0 0 0 0 0 0 1 0 0 7 1 1 0 0 10 0 457 2 0 2 0 0 0 0 0 0 0 0 0 0 0 0 0 0 0 0 0 0 0 0 0 0 0 21
 4 1 0 8 147 19 1 68 16 4 0 23 33 30 0 0 0 0 0 0 0 0 0 0 255 102 0 3926 0 0 27 3 0 65 80 9 0 0 1 66 0 507 0 49 572 0 0 963 0 8 2 1 414 13 64 0 1 0 3 8 23 7 0 0 6 33 15 0 0 383 0 1386 0 164 45 196
 21 20 4 0 3 59 0 5 198 58 204 383 0 317 0 0 0 148 0 19 0 24 111 0 17 0 19120 5664 28 33 0 10 7 0 6 317 0 72 0 137 5 21 165 47 26 8 113 235 1 3 133 4487 407 163 6 84 29 178 94 18 76 15 222 0 150 209 0 0 0 0 0 0 0 0 422 84
 324 94 79 100 83 28 0 0 122 5 0 226 45 219 740 0 54 0 38 10 6 10 0 0 0 0 0 438 43 0 3787 1146 563 0 0 3 0 4 14 0 0 300 1281 41 138 81 15 16 0 36 42 595 0 0 19 199 9272 462 2729 7092 6594 4629 367 742 572 777 1027 358 1996 873 341 0 0 0 0 415
 449 331 9978 1327 1529 469 81 514 148 0 0 38 12 2 0 0 0 0 0 13 2 0 0 0 0 0 0 0 67 0 0 3 3725 1024 455 3 0 0 28 1 0 29 111 196 118 38 0 633 4 25 62 15 169 0 0 50 239 1091 14133 1548 3652 1113 2236 161 0 97 0 0 193 590 288 985 0 0 323 718
 1681 1896 1178 2602 2174 505 0 429 904 90 42 0 34 0 4 0 10 0 0 0 8 0 85 0 0 0 0 0 0 0 0 0 0 8856 0 0 0 0 0 0 0 4 3 10 667 98 740 284 306 8 0 0 0 2 2 0 399 0 16 11 0 0 0 0 0 1 0 0 0 0 0 0 0 0 0 0
 3 1 0 0 0 7 122 0 70 0 0 0 0 0 0 8 0 0 0 0 0 0 0 0 0 22151 7407 8 0 0 0 0 0 0 74 0 0 0 1 0 0 1 13 2 66 0 0 0 0 0 5 0 713 0 23 121 3 244 95 94 120 157 0 0 0 92 0 0 0 0 0 13 0 677 0 15
 6 0 0 0 4 28 175 0 0 0 0 0 3 0 0 0 34 0 0 0 10 17 226 0 0 0 113 62 0 0 0 1 1 0 0 342 0 87 207 14 0 5 35 4 175 16 0 210 0 5 0 21 212 128 2 1062 1030 556 287 195 5 0 136 0 285 94 1252 0 309 104 363 312 0 0 452 258
 223 514 214 122 83 131 0 101 1 2 0 106 385 2961 0 188 56 0 0 132 239 31 0 33 0 0 0 69 0 6750 2833 209 949 62 0 4 28 8 1141 1 813 528 509 107 123 286 54 172 0 322 418 0 56 14 408 542 454 112 1374 548 1689 167 108 0 0 184 8 0 0 929 456 0 0 8 0 1188
 496 3671 553 392 473 232 334 619 53 0 206 477 13 14 140 382 91 2012 0 245 17 4 36 0 0 0 0 0 180 120 0 19 0 0 0 0 0 0 0 0 0 1 3 0 0 0 0 0 0 5 22 0 0 0 6 32 3 0 19 15 20 1438 868 553 86 14 0 0 0 0 35 0 0 0 0 0
 2 1617 15 973 8 0 3 274 215 0 1399 1 0 0 136 0 70 0 0 9 15 31 349 372 0 0 0 0 0 0 0 0 0 20 0 0 0 0 0 0 0 0 0 1 0 0 0 0 0 0 0 0 0 2 0 0 0 0 3 2 354 0 0 0 0 1 0 0 0 0 0 0 0 0 0 0
 0 0 0 5 0 0 0 19 90 0 280 0 0 4 0 0 37 0 0 0 48 60 785 0 63 0 0 48 0 0 0 0 0 0 0 0 0 0 0 0 0 8 0 0 6 0 0 0 0 118 1 0 0 0 1 11 1 551 11 1 0 6 0 0 0 0 0 0 0 0 0 0 0 0 0 0
 0 0 0 0 2 0 247 0 0 0 0 2 0 5 0 0 0 17 0 119 0 45 0 1161 473 0 0 0 0 0 2 0 16 0 0 0 0 0 0 0 0 3 0 0 0 0 0 0 0 2 0 0 0 0 2 344 0 8 4 1 0 0 0 0 0 0 0 0 0 0 0 0 0 0 0 0
 10 134 2 0 229 0 0 0 0 3 0 3 0 0 3 0 0 0 10 7 57 18 12 0 0 0 0 0 0 0 0 0 43 34 0 0 0 0 18 0 0 206 0 6 46 33 364 401 0 220 394 307 188 67 124 64 921 156 307 285 316 152 163 0 100 246 0 0 323 559 0 0 0 0 0 0
 0 36 73 0 0 182 0 11 1 0 0 6 18 0 0 0 0 0 0 1 0 0 0 115 0 0 0 0 0 0 0 5 0 294 0 0 523 0 10 0 0 171 0 3 60 0 56 0 0 2 3 0 0 0 0 0 4 365 0 5 0 1 0 0 0 3 0 0 0 0 0 0 0 0 0 0
 21 1 0 0 92 0 0 0 0 0 0 21 0 9 3 0 10 441 339 72 12 1366 198 0 81 0 0 0 0 0 0 11 76 0 0 0 0 0 140 0 0 77 0 1 2 0 677 430 0 382 65 144 348 451 1081 544 383 431 2087 230 87 614 137 0 0 377 0 0 1158 406 576 0 78 0 0 92
 0 163 20 16 19 0 469 0 43 0 0 15 0 46 0 87 0 7 0 11 118 202 29 0 172 0 0 0 0 0 0 46 0 89 0 8 0 0 29 33 30 37 31 11 36 240 2 7 65 76 348 225 38 205 1066 271 450 168 122 149 491 391 442 357 95 311 30 0 0 0 0 0 1850 462 0 0
 61 64 267 0 0 223 423 27 40 181 207 780 0 20 22 78 26 0 0 1 0 0 0 0 0 0 10 0 1 0 0 0 0 0 0 0 0 0 26 0 0 0 2 0 0 0 0 0 0 2 0 0 12 10 0 1 0 5 7 1 0 0 9408 0 0 6 0 0 79 0 0 0 0 21 0 0
 10 0 0 0 177 31 14 773 544 10 0 10 0 9 0 70 0 0 0 0 0 0 0 0 3853 1126 0 26 0 0 0 0 1 0 0 0 0 0 0 57 0 0 1 0 1 0 0 0 0 6 6 0 96 0 9 0 0 2 0 3 0 0 0 0 296 5 0 0 0 0 0 0 0 0 0 0
 24 11 0 0 11 376 2 35 37 295 271 29 0 16 4 0 8 8 0 0 5 9 103 298 0 0 2359 852 115 0 0 0 0 0 0 0 0 47 7 0 5 56 2 10 0 0 3 0 0 18 17 474 199 1 312 41 184 145 71 186 242 352 479 0 0 2382 1233 0 639 244 666 0 194 331 135 204
 410 0 0 264 0 0 525 12 0 53 0 269 0 152 0 0 0 162 0 0 0 0 0 0 0 0 0 1052 468 0 0 0 0 0 0 0 0 0 0 0 0 0 0 0 0 0 0 0 0 0 0 0 2 0 0 0 0 0 0 0 0 0 0 0 72 0 0 0 0 0 0 0 0 0 0 23
 0 0 30 36 53 0 633 78 1 1 0 28 0 14 3 2 0 2 0 0 36 31 0 0 5369 1026 0 0 0 0 0 0 2 0 0 3 9 0 3 0 0 6 0 11 105 0 0 0 0 0 10 0 17 45 0 0 24 0 3 33 0 0 0 228 0 247 0 0 0 36 65 0 0 52 0 0
 46 92 25 0 268 96 42 0 39 243 57 307 0 327 16 25 10 0 0 0 0 0 0 0 0 1434 0 1496 0 0 0 0 0 0 0 0 1 0 0 0 0 0 1 0 0 0 0 0 0 4 0 0 12 1 20 0 0 0 0 10 0 0 36 0 4 1 0 767 0 0 707 1021 140 0 9 0
 74 2063 0 0 95 16 1 27 45 3 0 6 38 11 1 73 0 0 0 0 0 0 0 0 0 445 0 0 0 0 0 0 2 4 0 0 0 15 0 0 0 0 82 0 0 0 7 0 0 0 27 0 73 15 0 8 0 28 47 90 9 6497 7 503 0 329 11180 9082 192 328 1545 0 819 1628 127 55
 727 0 0 16 74 17 0 85 0 0 0 214 0 6 299 92 444 1 33 0 4 10 0 0 0 140 77 5 0 0 1 0 4 0 0 0 0 0 0 0 0 0 4 0 0 0 0 0 0 0 10 0 0 0 20 7 207 12 0 9 5 0 0 0 0 5 0 0 232 0 0 0 2644 146 77 0
 21 0 84 7 0 31 123 0 90 12 143 15 590 4 554 13 9 4 0 51 6 72 0 0 0 0 0 0 199 0 0 18 1 0 0 0 0 53 0 0 0 4 11 0 0 0 0 0 0 0 0 0 88 97 55 0 0 373 11 154 185 242 21 0 18 37 0 0 0 0 0 0 75 0 124 48016
 56 0 0 4 13 426 249 0 123 568 36 0 18 196 27 10343 36 96 0 30 10 0 0 0 0 0 0 0 0 0 2161 0 1 0 0 0 0 0 0 0 0 0 0 0 0 0 15 0 0 0 0 0 2 0 27 0 22 0 3 14 6 9 3 0 19 55 0 0 0 0 0 0 0 0 10606 102
 33 2 0 1991 0 0 31 0 1 0 0 0 0 0 0 0 0 76 0 563 9 0 0 0 0 0 2 0 0 0 0 0 0 0 0 0 0 0 0 0 0 0 0 0 0 0 0 0 0 0 0 0 3 0 0 0 0 0 0 1 0 0 0 0 0 0 0 0 0 0 0 926 0 0 9 1365
 9 0 0 3 70 6 7 397 1 15 0 15 16 35 0 0 0 0 0 1 16 41 0 1028 472 1 54 3 0 0 0 4 15 0 0 0 0 5 0 0 0 0 0 35 77 0 1 0 0 75 32 0 78 12 18 0 0 0 0 27 7 45 6 0 129 43 0 0 6 0 0 0 213 0 445 0
 0 0 0 0 173 84 0 4 35 72 0 18 0 3687 1 0 7 0 0 6 0 0 0 0 0 11 4 60 0 0 0 3 8 0 0 0 0 22 0 533 0 0 3 0 7 0 0 0 0 10 0 0 2 2 6 0 7 0 0 2 0 9 5 0 0 1 0 0 0 0 0 0 0 251 12 18
 303 0 51 23 18 68 327 246 91 566 2194 0 0 181 1200 0 0 8 0 10 0 5 0 0 0 0 0 1 581 113 0 20 0 6 0 0 0 12 19 0 0 0 109 13 2 0 6 0 0 0 76 0 22 4 0 0 19 0 0 1 0 0 5 0 0 5 0 0 0 0 0 0 0 0 1 43
 13 33 29 6 1009 100 47 0 46 742 280 87 894 679 189 0 108 687 98 11 2 787 818 0 460 0 17 275 337 86 0 6625 2278 349 6652 0 0 316 461 73 875 0 316 270 2273 706 1533 4035 0 1124 397 6854 1820 0 91 0 2687 1785 1564 289 689 521 747 173 133 204 0 0 0 346 94 897 324 457 215 264
 891 1218 396 1650 1238 354 370 537 629 31372 279 14 4801 14477 2834 769 455 6960 2473 2181 357 4967 3871 5 10 162 294 10 13 0 0 26 94 0 0 0 584 117 521 0 21 0 509 52 84 0 86 49 0 7 0 164 0 41 0 222 171 0 0 43 0 15 88 0 173 180 97 0 0 21 0 0 0 13 75 422
 0 0 39 45 463 313 43 103 332 87 9 155 180 1914 1995 8 777 10085 5672 1136 1138 7059 809 808 419 4089 218 43 8 0 0 0 0 0 0 0 0 0 0 0 0 0 0 0 0 0 0 0 0 0 0 0 0 0 0 0 0 0 0 0 0 0 0 0 0 0 0 0 0 0 0 0 0 0 0 0
 0 0 0 0 0 0 0 12 0 0 0 0 530 0 0 0 0 0 0 796 2774 79 54 265 274 756 1704 558 353 1485 531 446 5913 0 1061 0 562 227 1269 0 0 167 4204 374 792 7503 1848 787 0 5124 2179 0 69 1016 2590 0 2805 195 637 658 808 148 133 148 0 365 207 0 24 546 137 0 126 7 962 1204
 330 1767 984 332 441 334 395 4173 1303 17 51654 20996 4132 7732 4564 4194 4925 1585 1459 8961 758 3442 0 2495 3735 290 1137 104 40 910 317 227 47 25634 9492 0 16858 198 1368 174 1921 583 2509 34 830 517 4086 327 2385 3538 1458 38 496 2329 0 0 218 526 1144 2700 2941 474 1908 987 1750 578 296 1042 163 384 691 0 331 3083 1249 1589
 0 843 2396 3197 800 7187 1384 1143 1205 896 1502 5404 469 7 3129 10187 1042 1606 1536 4888 8752 11095 78 6158 443 45 57 1477 1459 0 0 19 51 170 382 0 0 2501 132 0 1651 92 212 81 527 0 392 0 262 0 350 0 650 213 92 0 0 1279 498 7 0 106 342 126 358 76 0 0 421 0 1 0 0 37 128 130
 0 962 0 364 139 0 516 709 243 683 1009 145 214 382 313 3827 1316 15 2039 10811 65187 14742 1895 4601 3780 445 549 3105 45 0 0 1676 10759 0 931 0 0 904 9341 0 0 1007 396 183 1468 0 127 0 214 182 267 0 177 0 405 0 1275 809 345 1126 58 658 789 0 0 207 0 0 172 90 345 0 0 0 61 67
 2 169 107 210 223 861 95 355 27 114 3621 658 192 345 458 518 302 246 454 3650 2450 87 2027 36266 8845 49485 3980 14526 6233 1555 2671 38336 1212 130 22 0 0 16 19 0 0 0 70 31 7 362 119 0 594 5 47 0 201 0 0 0 40 13 52 29 440 170 9 0 14 75 0 0 0 0 85 0 0 0 227 29
 0 26 0 25 12 39 33 0 47 1199 20 145 48 89 528 532 105 127 798 29 84 124 87 194 137 0 238 3351 1712 96 1061 3770 962 0 371 1343 0 37 0 0 1727 5 637 41 107 949 1431 271 13 46381 1454 716 11957 105 0 395 1126 424 1005 0 482 916 2141 0 4507 4129 1022 8669 412 2908 2245 28 0 377 1297 1134
 1125 224 1297 1060 1524 0 200 426 238 573 383 837 1219 3585 521 623 858 0 4204 2841 549 4116 3155 618 1295 482 1211 10966 4703 0 3431 82453 30349 13687 5477 38010 7531 3354 5052 24416 1034 320 173 12 20 13 120 0 0 37 422 0 13 179 0 0 0 0 137 43 0 41 130 0 7 76 0 0 1218 167 75 300 82 54 401 0
 43 62 204 122 154 0 0 69 212 45 0 61 36 113 62 202 101 671 41 185 71 92 0 651 0 0 900 88 239 268 121 2202 379 0 485 10389 1140 1465 0 5228 0 194 551 3557 140 74 32 184 0 0 159 0 64 0 215 0 0 941 123 32 630 0 47 0 0 36 0 0 0 37 185 0 0 141 131 107
 33 0 177 1 0 42 0 22 114 24 92 131 119 46 0 0 16 0 3 67 88 148 0 58 0 0 3 255 30 4868 0 56 261 0 0 3816 0 0 494 0 5 416 686 3752 317 346 682 2071 85 2 8 0 0 259 0 0 0 0 0 0 0 0 0 0 0 0 0 0 0 0 0 0 0 0 16 0
 0 10 0 3 0 0 0 0 0 1 0 1 7 1 0 0 0 0 0 0 0 8 0 0 0 0 0 0 0 0 0 28 0 0 0 0 0 67 0 0 0 1562 2 3 31 4804 1706 0 6613 816 50 0 0 552 33 0 18 0 0 0 24 0 0 0 0 14 0 0 0 0 0 0 77 0 31 25
