47
 8490 2182 40 186 0 0 0 0 0 0 0 59626 0 0 56 0 4 0 0 1 0 0 3 79 5 0 0 0 0 0 0 0 0 5 0 7 0 0 0 0 0 0 0 0 2 0 0
 0 0 0 0 0 0 0 2 1 0 0 1 0 0 18 543 0 0 68 0 0 16770 2871 66 456 0 0 0 0 0 0 0 22544 3354 774 17 0 0 0 0 0 0 0 0 143 53 119
 0 2 10 0 0 0 1 0 0 6 0 0 1 0 0 0 0 0 0 0 1 0 0 0 0 0 0 0 0 0 0 7 0 0 392 84 0 0 29 30 1170 0 1047 139 1720 0 0
 0 26 0 0 0 0 0 0 0 1464 0 0 0 321 2 4601 5 0 0 44 0 0 47 2 0 28 0 4 0 0 0 0 0 0 0 9 0 0 0 0 0 0 0 0 0 0 0
 0 1 0 0 2 0 2 0 0 0 0 0 5 5 0 0 1112 0 0 23 22 0 3106 4085 1225 242 0 0 0 0 0 0 1023 1970 0 223 0 1 0 0 0 0 0 0 4 0 0
 235 13 5 1 4 1 0 0 0 0 0 0 0 0 0 0 0 0 0 0 0 0 1 0 0 0 0 2 2 0 1 2 0 0 2 0 0 0 0 35 1602 0 2705 23 23 2 0
 169 258 0 8 0 0 0 184 0 0 0 0 0 1 1 0 0 0 0 0 0 0 0 0 0 0 111 5 0 0 0 0 0 0 0 5 2412 0 0 0 0 0 0 0 0 1 0
 1 0 1 1 0 1 0 4 0 1 4 9 0 0 0 0 0 0 0 0 0 0 0 0 0 0 0 0 0 0 0 16 219 0 0 0 0 0 0 0 0 0 0 0 0 0 0
 0 0 504 26 1 19 8 4 0 0 0 8 72 1720 1 26 1 0 0 0 0 0 5 1 0 0 0 0 0 1 3 32 0 1 1 1 0 0 0 0 0 0 0 0 0 0 0
 0 0 0 0 17 1 0 0 11 13 4452 0 16 2 0 12 154 0 0 7 6 0 11 0 0 0 331 0 0 346 94 0 0 31 46 0 0 0 164 2467 15 0 0 0 75 1 0
 6 2 7 1 6 2 3 0 1 0 8 5 6 5 66 8 2 0 0 5 0 0 0 11671 0 0 107 0 1 38 0 7 32 1234 304 0 0 0 0 0 0 0 5671 25 0 0 0
 0 0 4 7 0 2 1 0 0 11 0 3 10216 1144 117 158 99602 143 0 1 0 55 29 2 34 1 1 0 0 0 0 0 0 4 7 1 0 0 0 0 0 0 0 0 4 13 0
 220 0 0 33011 0 0 0 0 0 0 0 0 17 0 2 236 3 0 0 1 0 0 189 0 1523 1537 0 17 0 0 0 0 0 3 0 0 0 0 0 314 0 0 0 331 42 0 0
 197 1739 148 0 0 7 0 13 0 0 0 0 0 1 0 2 0 0 0 0 0 0 0 0 0 1 2 30 0 0 0 0 0 0 2 0 0 0 0 0 0 0 0 0 0 0 0
 0 0 75 0 0 24 0 0 0 0 0 0 0 43 0 2 1632 0 0 8 28 12 2 0 6 94 48 1 0 0 0 0 0 0 0 0 0 0 7 0 0 0 0 2 0 0 0
 4 0 2 0 0 7 0 1 0 0 0 0 0 0 0 4 0 0 0 0 0 0 0 0 0 0 0 0 0 0 0 0 0 0 0 0 0 0 0 0 0 0 0 0 0 0 0
 0 0 0 0 0 0 0 0 0 0 0 0 0 0 0 0 0 0 0 0 0 0 0 0 0 0 0 0 0 0 0 0 0 207 497 253 0 4 0 0 4278 0 0 591 0 66 867
 7 40 34 99 29 177 3 53 36 361 87 0 458 175 32 42 758 244 0 8 36 0 614 0 45 276 149 137 45 23 0 24 43 33 0 32 406 22 79 0 0 0 123 28 195 144 19
 60 0 69 4786 5685 3 14571 2744 410 24229 565 722 539 522 694 1298 584 3435 12 0 13 0 0 0 0 0 0 22 0 1473 0 0 0 0 0 0 0 0 0 0 0 0 0 0 0 0 0
 0 54 20 0 0 13 4 2 3 0 0 0 0 3 0 1 0 0 0 0 0 0 0 0 0 18 0 0 0 0 0 0 1 4 1 2 0 1 0 0 0 0 0 0 5 11233 0
 89 255 0 0 0 7 0 10 3 0 50061 0 2 7 0 9 6 0 0 298 7 0 581 84 848 207 9 28 452 0 0 23 6 4 5 8 0 6 0 0 0 0 0 0 0 3 0
 1 0 3 1 8 12 3 5 8 0 96 0 36 146 0 1 379 267 15 8 140 178 39923 0 567 4149 1619 0 0 0 0 0 0 0 0 0 0 0 0 0 3271 0 0 0 0 0 0
 0 0 0 0 0 0 0 0 0 0 0 0 0 4 0 0 0 0 0 0 0 0 0 0 0 0 0 0 0 0 0 0 0 0 0 0 0 0 0 0 0 0 0 0 0 0 0
 0 0 0 0 0 0 0 4 0 3 0 0 10637 2265 11372 4394 19 753 32 797 0 46 25 755 0 1 0 954 0 199 0 205 0 33 0 5 0 16 0 0 0 0 5 0 4 0 0
 0 0 42 1 0 9 0 31 113 6 311 0 0 3 0 0 3 0 1 104 0 0 0 38 64 13 0 0 34 70 4 34 0 0 0 0 0 1892 243 0 0 0 234 672 147 1048 0
 93 220 411 0 0 13 21 21 1 24 936 0 0 0 0 2 4 0 4 0 0 0 1 0 0 5 0 0 27 5 0 4 2 2 4 6 0 312 0 218 0 0 54 0 0 0 0
 46 1 24 41 28 18 0 24 3 0 0 0 0 0 0 1 16 0 3 0 0 0 15 14 2 36 105 9191 153 15 20 7 20 2 5 4 0 0 0 0 0 0 6 0 12 0 0
 6 4 14 0 0 0 0 3 2 1 2 0 0 0 0 2 37 0 0 19 0 16 39 0 25 20 0 0 16 113 0 518 74 0 67 125 555 0 0 0 0 3 57 0 0 0 0
 0 84 71 2 62 0 6 25 826 437 0 49 4 8 0 2 36 0 3 1 0 13 0 1 0 0 0 0 0 0 16 3 6 0 0 2 1 0 0 0 0 0 4 0 0 1 0
 9 3364 108 93 3 1 78 139 0 0 0 72 135 8 635 25 97 0 0 611 139 2 1 0 0 0 0 0 18 112 0 0 2 20859 2899 29 35 0 0 0 0 0 14614 67 1700 898 3510
 11 26 88 24 14 0 38 301 0 0 125 210 94 118 12 120 75 162 5 26 15 13 20 24 0 5 0 47 0 74 37 51 23 2 218 41 1126 0 0 463 6 0 0 0 0 0 126
 30 25 0 108 74 0 0 0 0 147 0 15 0 0 0 0 0 0 20 53 0 0 0 0 0 0 0 0 0 0 0 0 0 0 0 5 0 0 0 0 0 8 0 0 0 0 0
 1 0 4 6 0 5 1 0 3 15 0 15 0 0 6 7 1 0 5 0 0 0 0 19 0 0 0 0 0 0 0 0 1 0 0 0 0 0 0 0 0 95 0 0 0 0 0
 0 0 0 32 0 0 0 0 0 0 0 0 0 0 0 0 0 0 0 0 0 0 0 0 0 0 0 0 3 0 0 0 1 416 38 0 0 0 0 0 0 0 0 0 0 0 0
 0 0 0 0 1 0 0 0 0 0 0 0 0 0 0 0 0 720 187 0 0 0 0 0 0 0 0 0 116 0 0 0 0 0 0 0 0 0 0 0 0 0 0 0 0 0 0
 0 0 0 0 0 0 0 1 0 33 0 0 0 2 527 28 0 0 0 0 0 0 0 0 0 0 0 0 0 0 0 0 0 159 65 2 0 0 0 8 0 0 0 304 482 10 3418
 239 41 123 206 64 51 0 31 12050 8289 10266 836 192 432 18 147 950 0 47 31 557 12 36 17 52 107 67 0 0 0 0 15 14 69 8 262 22 57 58 0 0 31 0 157 21 17 178
 578 406 111 73 0 133 4011 847 133 250 7556 425 47 32 1910 95 0 0 3 0 0 102 0 0 0 0 2 6 3 36 6913 110 258 74 253 144 0 34 146 149 0 735 0 437 274 1051 41
 444 1033 0 81 510 174 60 89 41 0 188 451 37 34 0 7 72 0 87 106 251 145 130 245 0 198 209 96 139 13 9 176 153 314 62 21 0 0 1339 0 0 68 164 979 0 1 105
 35 0 0 19 29 0 3 1 1 0 20 8 0 13 2 56 1717 148 22 19 82 37 35 1 30 0 105 33 6087 177 0 198 65 18 77 0 6 0 40 34 0 110 51 40 70 0 0
 17 13 0 25 34 0 141 26 62 0 22 385 97 19 79 126 0 66 40 77 549 0 3 313 3292 3999 783 410 8367 222 0 117 8226 443 31 9 73 5728 316 1693 63 24 411 592 111 68 722
 488 68 2403 26 697 571 47 106 919 1 50 90 2192 503 1356 21439 12243 4591 2675 4123 3654 116 56 725 910 1607 865 0 79 138 915 0 0 16 7 94 0 0 0 0 0 176 44 125 149 0 0
 385 72 0 246 1526 0 223 18 1 1049 0 11 323 215 1535 88 0 0 5200 11 174 26 0 0 0 0 0 0 0 0 0 42 47 1 5371 2940 1712 183 0 0 0 0 1529 155 25 0 1483
 179 630 0 13586 0 0 5 291 15 676 0 19 0 162 0 4 0 0 41 18 27 6 116 81 0 169 171 318 264 0 124 33 163 236 166 0 0 0 0 0 0 0 0 0 0 0 0
 0 0 0 197 0 0 2 0 0 0 4 0 0 94 44 2 1193 0 77 0 171 6 1 0 0 123 0 2 480 0 2484 10 625 31 31 0 0 0 0 0 0 0 0 16 0 0 0
 0 0 0 2 1 0 0 0 0 0 1 0 2 7 0 11 0 0 9 0 0 32 193 9 0 843 392 164 0 0 8619 50 9 0 3 0 0 0 0 0 0 1827 1381 7 2 0 0
 4 0 2 294 165 130 18 36 27 160 75 63 137 10 56 0 0 0 76 28 33 253 142 107 251 5 27 22 8 0 0 13 7 82 58 0 0 0 0 0 0 224 0 179 33 0 138
