68
 8490 0 0 0 0 0 0 0 0 0 0 59639 0 84 56 3 0 0 0 0 12 0 4 79 7 0 0 0 0 0 0 0 0 0 0 0 1 0 0 0 0 0 0 0 0 0 0 0 0 0 0 0 0 0 0 0 0 0 0 0 0 19 545 0 67 101 5 0
 14593 2871 0 460 0 0 0 0 0 0 0 22546 3350 774 8 18 29 0 0 0 8 0 0 143 53 0 0 0 0 0 0 0 3 0 0 0 0 0 0 0 0 0 0 0 0 0 0 0 0 0 0 0 0 0 0 0 15 0 0 0 347 88 0 28 0 0 1202 0
 1072 121 1731 1 0 280 19 0 0 0 0 0 0 0 1452 0 0 0 315 0 4600 0 0 4 44 0 0 46 0 0 23 0 8 0 0 0 1 0 0 0 0 5 0 0 0 0 0 0 0 0 0 0 0 0 0 0 0 1 0 0 0 0 0 0 0 0 0 0
 645 0 0 23 0 0 3104 4121 1231 304 0 1 0 1 0 2 1024 1938 0 155 0 0 0 1 0 0 0 0 0 0 0 219 0 0 0 0 1 0 0 0 0 0 0 0 0 0 0 0 0 0 0 0 0 0 0 1 0 1 0 1 0 1 0 1 0 0 1 0
 2 0 36 1609 9 3140 109 15 3 0 121 258 0 8 0 0 0 184 0 0 0 0 0 1 1 0 0 0 0 0 0 0 0 0 0 1 131 0 0 0 0 0 0 0 0 0 2357 0 0 7 5 0 0 0 0 1 0 0 0 0 0 0 0 0 0 0 0 0
 9 0 0 0 0 0 0 0 0 0 0 0 0 0 0 0 0 0 0 0 0 208 0 0 0 0 0 1 0 0 0 0 0 0 0 5 0 0 445 0 0 0 1 3 0 0 0 8 72 1720 1 0 0 0 0 0 0 0 0 1 0 0 1 0 0 0 3 36
 7 1 0 0 0 0 0 0 0 0 0 0 0 0 0 0 0 0 0 0 0 0 0 10 10 4437 0 6 0 0 0 154 0 0 0 7 4 10 0 0 0 0 6 0 341 0 0 0 31 28 0 0 0 213 2451 36 0 8 0 75 0 4 0 0 0 0 4 0
 3 1 5 0 0 5 6 5 59 8 1 3 0 5 0 0 0 11672 58 0 106 0 2 78 13 0 0 1214 180 0 0 0 0 0 0 0 5725 42 0 0 0 0 0 5 0 0 0 0 0 0 19 0 0 10210 1098 117 86 99564 59 0 0 0 62 29 1 8 1 0
 6 0 1 0 0 6 4 0 1 1 0 0 0 0 0 2 0 5 11 0 219 0 0 33012 0 0 0 0 0 0 0 0 0 0 0 236 1 6 0 0 0 0 189 0 1916 1721 0 13 0 0 2 0 1 0 0 0 234 0 0 316 16 21 37 399 0 0 0 211
 1742 148 22 0 8 1 14 0 0 0 0 3 0 2 0 0 0 0 3 0 0 0 3 1 2 2 0 0 0 0 0 0 0 0 0 0 1 2 0 0 0 0 0 0 0 0 0 1 75 0 0 0 0 0 0 0 0 0 0 43 0 0 1629 74 0 8 41 0
 2 0 6 97 0 3 0 0 4 0 0 0 0 0 0 1 0 0 0 0 0 0 0 1 0 0 0 0 0 0 0 0 0 0 0 0 0 0 0 0 0 0 0 0 0 0 0 0 0 0 0 0 0 0 0 0 0 0 0 0 0 0 0 0 0 0 0 0
 0 0 0 0 0 0 0 0 0 0 0 0 0 0 0 0 0 0 0 0 0 0 0 0 0 0 0 0 0 0 0 0 0 0 0 0 0 207 114 253 0 0 7 145 4299 0 15 593 192 68 867 0 93 33 73 21 177 0 0 0 112 89 108 457 158 103 42 361
 244 0 12 54 314 614 179 35 276 162 179 49 23 49 0 43 0 44 33 281 41 60 45 37 138 0 0 153 0 0 0 51 43 4773 5684 3 14571 2747 409 24175 0 613 149 509 717 347 566 3361 0 0 0 0 0 0 0 0 0 0 1 1538 0 0 0 0 0 0 0 0
 0 0 0 0 0 0 1 0 0 0 58 20 0 0 0 4 0 3 0 0 0 0 0 0 1 0 0 0 0 91 0 0 0 95 0 1 0 1 0 0 0 0 4 0 0 0 69 0 0 0 0 0 0 0 11225 0 104 239 0 1 0 4 1 10 1 1 50131 0
 0 0 0 8 6 29 5 254 1 21 578 86 863 205 47 42 404 0 0 23 0 0 4 8 7 0 0 0 0 0 0 5 0 0 0 4 5 0 0 8 0 0 0 3 0 88 0 36 0 0 0 191 582 0 0 162 178 39919 0 568 3889 1624 0 0 0 0 0 0
 0 0 0 0 0 0 0 3607 0 0 0 0 0 0 0 0 0 0 0 0 0 0 0 0 0 0 0 0 0 0 0 0 0 0 0 0 0 0 0 0 0 0 0 0 0 0 0 0 0 0 0 0 0 0 0 0 0 0 0 0 0 0 0 0 0 42 0 0
 0 0 3 0 1 10645 2270 11372 4394 18 918 32 773 0 0 25 755 0 0 1 949 0 200 8 204 0 0 0 0 0 0 1 0 0 0 2 13 0 0 0 0 0 42 0 0 0 0 16 114 10 370 0 390 0 0 0 0 0 0 212 0 0 0 49 55 14 0 0
 29 75 53 0 0 0 0 0 0 1892 470 3 0 0 215 769 134 1066 61 143 0 370 0 59 13 0 0 0 0 850 0 190 0 0 0 3 0 0 0 6 0 0 1 0 0 0 0 0 1 2 0 0 0 0 0 4 0 0 188 262 0 52 41 0 0 4 68 0
 24 42 0 18 23 24 4 0 0 0 0 0 0 1 15 14 1 0 38 0 0 0 2 39 104 9184 0 0 0 0 20 1 0 0 0 0 0 14 0 0 0 0 12 0 0 0 0 0 4 0 1 0 0 0 0 1 4 2 0 0 0 0 41 1 18 0 14 38
 2 28 127 0 0 21 101 8 522 71 0 67 0 578 0 6 0 0 4 57 0 0 0 0 0 64 0 0 0 0 8 23 745 220 0 0 0 0 0 0 0 0 4 0 0 10 0 0 2 1 8 0 0 0 43 0 0 1 0 0 0 0 0 2 0 4 5 3
 0 0 0 9 3364 86 89 0 0 84 139 0 0 41 67 135 0 416 10 97 0 57 612 0 1 0 1 10 0 0 5 15 53 0 0 0 20859 2899 28 0 0 0 15 0 30 13804 177 1843 865 3542 1 0 111 0 0 0 40 295 0 0 128 180 89 117 0 119 75 208
 2 25 11 11 20 0 50 7 24 56 34 74 0 49 18 5 218 0 1121 59 0 494 39 0 0 124 905 0 59 19 25 0 39 0 0 0 6 0 149 0 0 0 0 0 0 0 0 0 53 3 0 0 0 0 0 3 8 0 0 0 0 0 0 0 1 0 1 55
 0 5 11 0 28 20 3 0 1 0 3 6 0 0 0 21 0 15 0 21 0 0 6 7 0 0 0 0 0 0 0 10 0 0 0 0 0 0 0 0 0 0 0 0 0 0 0 0 0 104 32 0 0 0 0 0 0 0 28 0 0 0 0 0 0 0 0 0
 0 0 0 0 0 0 0 0 0 0 0 0 0 0 0 5 0 0 0 1 258 38 0 1 15 77 0 0 0 0 0 0 0 0 0 0 0 0 0 0 0 0 5 0 0 0 0 0 0 0 0 648 187 0 0 0 0 0 0 0 0 0 26 0 0 0 0 0
 0 0 0 0 0 0 0 0 0 0 1 1 0 0 0 4 0 0 0 1 0 1 33 0 0 0 0 493 0 102 1 0 0 0 0 0 0 0 0 0 0 0 2 0 0 0 159 66 0 14 0 0 9 0 0 2 957 472 9 3487 189 0 110 213 62 65 38 15
 11945 8171 10265 727 426 432 0 138 1073 0 40 31 369 12 28 20 50 90 0 0 3 0 12 0 14 70 0 0 0 189 58 3 106 166 0 152 14 0 317 576 434 0 73 0 0 3732 847 133 191 7551 425 11 30 1344 7 10 0 0 0 1 8 0 0 0 0 4 9 0
 16 6970 111 257 90 253 136 100 34 129 177 1062 746 174 436 311 1018 62 283 968 0 0 505 167 58 83 41 0 161 451 39 0 0 0 0 18 86 17 0 106 130 0 227 198 203 37 143 18 0 232 153 323 61 0 0 16 1339 0 0 80 191 181 0 0 142 31 0 10
 19 28 0 10 1 0 0 0 8 2 11 2 0 1863 194 17 19 82 22 33 0 26 23 125 0 5813 3 31 0 65 25 77 0 0 0 42 33 15 0 45 2 0 13 0 0 0 31 26 0 29 147 24 60 0 0 369 115 0 79 98 35 0 0 63 415 336 3 0
 3311 4251 780 463 8369 223 31 0 8226 444 34 14 41 6790 315 1732 58 101 455 519 118 0 748 488 49 2381 0 609 580 112 106 887 0 0 0 2225 503 1347 21406 12266 4715 501 4125 3518 0 6 724 910 1483 885 12 83 163 802 0 10 15 0 135 185 0 0 72 0 137 75 125 0
 1070 427 367 72 67 247 1527 434 223 18 1 1059 10 0 359 215 1532 0 5 73 5200 0 177 26 0 0 0 0 0 0 1 0 0 0 0 0 5366 2942 1633 351 50 0 87 0 941 0 38 893 1541 161 629 11 13583 0 0 6 291 13 689 11 0 46 0 0 4 0 6 24
 18 32 0 115 93 97 218 179 318 267 102 252 1 164 233 167 638 0 0 0 0 0 0 39 0 0 0 0 0 0 11 187 0 0 0 0 0 0 4 1 0 0 44 0 1117 0 75 28 0 0 1 0 0 0 0 1 483 162 3470 24 583 22 0 11 0 37 0 0
 7 16 13 0 0 0 0 0 1 1 2 2 0 0 0 0 0 0 0 0 0 1 0 2 4 0 52 0 0 190 0 18 840 280 0 0 6 8557 43 9 0 0 0 0 0 0 12 1 2847 2185 4 0 0 0 0 0 0 294 166 124 0 30 0 154 74 67 134 7
 59 0 0 12 76 28 35 253 140 116 312 9 0 12 5 32 1 11 1 0 0 0 140 42 52 0 19 649 79 179 33 0 138 0 0 0 0 0 0 0 115 0 639 0 0 0 0 3 1000 6006 344 652 66 61 278 383 230 46 7670 3933 69 1398 0 263 29 282 50 644
 2 96 74 1857 253 335 2692 731 559 226 10211 929 0 0 202 743 739 507 37 0 89 177 83 21 43 0 117 66 149 27 408 0 152 29 0 185 294 0 324 266 135 106 154 109 17197 245 1 16722 9508 928 967 510 2590 85 1428 330 3283 633 676 20 132 0 0 88 0 51 241 26
 66 8 1332 1067 187 4014 417 431 523 331 527 410 0 935 661 2053 60 508 899 887 2004 52 260 4527 0 455 2 206 21 315 25 252 222 1251 82 299 294 112 145 92 306 0 2099 439 397 469 455 2926 2642 467 7586 387 396 1122 1193 934 1335 156 0 176 1884 106 0 655 1114 1667 193 149
 3589 37 22 90 0 0 0 0 0 0 0 0 0 0 0 0 0 0 258 113 0 61 5 2 0 0 0 0 0 6 74 1188 0 0 0 0 0 0 0 0 0 0 1 0 0 0 0 0 0 0 0 0 0 0 0 50 0 0 0 0 0 0 0 0 0 0 0 0
 0 54 0 0 0 0 0 0 0 0 3 1 0 4 0 7 0 7 0 5 0 0 1 1 2 0 0 0 0 0 11 0 472 0 0 3 0 0 0 0 0 0 0 0 0 0 1 2 0 0 0 0 0 0 0 0 0 3 0 17 0 0 0 0 72 19 6 53
 16 1 0 23 34 29 0 0 0 0 3 0 0 0 6 1 284 210 0 3932 0 129 35 3 7 48 0 0 0 0 2 0 28 492 0 47 572 0 0 1103 38 9 16 0 320 0 54 4 2 0 0 8 23 0 0 12 19 0 102 422 0 490 0 1601 0 184 141 222
 23 19 4 0 2 0 16 3 183 58 219 0 0 315 1 1 5 146 2 19 0 0 132 15 40 0 20590 5548 0 0 0 0 8 0 0 318 1 72 52 0 0 15 0 0 0 0 189 237 4 1 98 4484 450 0 0 90 44 171 94 16 52 22 97 39 67 207 144 100
 178 99 54 102 433 6 496 117 328 94 79 0 0 28 0 94 113 0 23 224 16 217 772 5 69 0 0 0 0 0 0 0 46 0 0 466 43 0 4713 1146 572 0 1 0 0 0 15 67 0 299 1274 40 0 38 0 24 21 46 44 624 0 0 0 213 9116 466 2729 7089
 6600 4631 1224 865 1971 769 1445 833 2098 917 469 1116 784 1146 683 437 448 331 9972 1291 1535 454 80 514 148 0 0 0 0 0 2 45 0 0 0 13 2 0 92 0 0 0 0 4 0 0 16 3 3725 1001 400 0 0 0 0 0 7 24 111 0 104 0 0 670 0 33 63 0
 169 0 0 49 241 1080 13801 1535 3689 1115 2276 442 0 96 150 402 291 659 434 1111 1083 1454 582 729 1681 1757 933 2533 0 501 578 425 906 0 68 0 35 0 0 47 20 0 6 0 0 0 85 0 7 0 0 0 0 0 0 0 0 8802 1 0 1 0 0 0 0 4 3 5
 664 111 793 463 402 0 0 0 0 4 4 0 0 0 11 12 0 0 0 0 0 1 1 0 0 0 0 0 0 0 0 15 0 0 0 0 0 0 16 0 67 0 0 0 0 0 0 9 14 0 0 0 0 0 0 14 0 22245 7452 0 1 0 0 0 0 0 126 0
 2 1 1 0 7 0 7 0 60 0 0 0 0 3 0 0 691 3 20 155 3 246 99 94 127 162 0 33 0 61 3 3 500 0 0 37 99 1232 4 18 0 0 0 0 0 0 144 0 0 0 0 0 7 0 0 13 35 0 0 0 10 11 239 0 0 0 144 0
 122 634 0 0 2 3 0 402 0 87 207 0 0 4 33 4 170 13 1 215 0 17 29 22 212 3 0 1052 921 0 0 195 82 0 0 87 297 0 1238 445 360 324 366 682 976 105 12405 601 223 497 213 122 83 131 0 82 0 1 27 106 387 2880 0 0 42 0 39 112
 239 31 41 41 35 179 363 69 0 6757 3358 181 0 90 0 7 25 5 1142 0 0 530 509 107 123 0 0 359 0 130 408 0 54 0 0 560 458 99 1288 544 1716 189 116 170 0 184 245 319 229 969 448 313 391 98 631 1210 481 3656 554 389 473 221 315 451 18 0 236 420
 22 13 152 403 0 2012 1 246 17 2 48 0 0 0 21 28 220 107 53 20 0 57 0 0 0 0 0 0 0 0 0 0 3 0 0 0 0 0 0 0 0 0 7 0 0 0 28 15 77 1442 863 566 109 0 0 0 44 0 69 147 4 1 0 0 0 1614 17 972
 8 0 4 274 198 0 1500 0 0 0 138 0 0 0 0 11 0 6 371 881 0 55 0 0 0 0 0 0 0 0 0 0 0 0 0 2 0 0 0 0 0 1 0 0 0 0 0 0 0 3 0 0 0 0 0 0 353 11 1 0 0 0 0 0 0 0 0 0
 0 1 1 3 0 0 0 19 0 0 77 0 78 0 160 0 0 0 0 0 0 0 0 0 46 0 788 79 0 0 257 0 0 0 0 0 0 0 0 2 0 0 0 0 0 0 0 0 6 1 0 0 0 115 0 0 0 3 9 9 2 566 11 0 0 0 0 0
 2 0 0 1 0 0 0 46 2 0 0 0 0 0 7 0 0 0 260 0 0 0 0 2 0 0 0 0 0 0 7 0 0 0 0 1221 475 0 0 0 0 0 3 1 0 0 0 0 0 0 0 2 0 6 0 0 0 0 12 0 0 2 1 0 0 0 1 345
 2 10 4 1 0 0 0 0 0 0 0 0 5 1 0 0 0 1 0 0 0 134 0 0 229 0 0 0 0 0 0 0 0 0 0 2 3 2 0 0 0 19 124 46 0 0 0 14 7 111 1 13 37 0 0 8 31 0 18 0 0 206 1 0 16 12 369 496
 50 220 394 322 123 41 123 64 937 137 308 271 316 173 0 62 95 244 251 104 456 618 110 0 29 0 0 0 0 0 73 1 0 0 0 13 1 0 0 0 15 0 0 0 0 0 0 1 0 0 0 156 0 165 0 0 13 0 1 3 0 295 0 307 556 24 7 0
 11 185 0 3 72 5 54 20 0 3 3 0 0 1 0 2 0 378 2 5 0 1 0 0 0 0 0 0 0 0 4 18 0 0 0 0 19 0 0 203 92 0 0 0 0 0 0 19 28 9 0 40 30 399 279 0 4 1168 221 175 120 21 0 2 0 0 45 0
 76 155 1 8 348 166 0 0 198 77 0 0 14 65 685 430 3 380 63 140 332 469 1082 555 378 0 2065 209 0 614 16 98 0 0 0 112 1169 470 470 0 81 64 526 88 0 0 11 24 0 0 739 0 0 0 0 3 0 44 57 87 2 9 0 0 110 148 31 0
 201 75 156 165 2 52 0 0 17 127 3 0 51 0 32 33 80 31 24 0 21 287 2 14 24 0 349 203 32 164 1071 324 0 0 0 149 504 395 467 1045 235 311 129 57 56 0 127 76 1857 759 225 60 0 71 272 18 0 0 424 26 40 181 0 607 0 6 24 41
 32 0 0 0 0 0 0 0 0 0 10 0 1 2 0 2 3 0 0 4 9 0 31 12 0 0 0 0 0 0 0 2 0 0 0 0 5 0 0 0 1 5 0 0 0 0 9253 1 46 6 0 250 303 0 0 31 1 1 22 0 10 0 0 0 0 0 13 786
 546 0 0 10 30 9 0 0 0 0 0 0 0 0 0 0 4044 1537 0 55 0 0 0 0 0 2 0 0 0 0 0 84 0 0 0 2 0 0 0 0 0 6 1 0 94 0 0 0 2 2 0 0 0 8 1 0 992 0 262 0 12 1 0 1842 0 117 4 0
 24 4 0 0 10 387 0 0 37 295 735 26 1 0 0 1 11 10 0 0 0 9 118 334 0 4 2363 851 132 0 0 0 0 0 0 30 0 14 0 0 0 0 0 10 0 0 18 0 0 23 5 431 0 0 108 0 201 146 80 180 244 0 473 768 0 2370 1265 2060
 704 250 690 348 218 363 122 0 408 85 89 214 0 0 522 12 0 0 16 266 0 150 0 0 0 43 52 0 0 0 0 0 0 0 0 1052 543 0 0 0 0 0 0 0 0 0 0 0 0 0 0 0 0 0 0 0 0 0 0 0 1 3 0 0 0 0 0 0
 0 1 3 0 139 0 0 0 0 0 1 153 0 0 0 24 0 0 28 34 11 55 631 78 0 0 0 0 0 0 0 0 0 0 0 2 0 0 0 0 5244 1911 3 24 0 0 0 5 0 13 2 0 0 0 0 4 0 0 1 14 104 0 1 3 43 0 21 0
 17 0 8 5 31 1 2 33 0 9 4 0 154 247 0 374 686 196 135 1158 0 262 93 43 0 0 0 0 223 85 0 69 0 0 0 308 29 226 0 28 0 0 0 0 0 0 0 4 0 1446 454 1496 0 0 0 0 0 0 0 0 3 0 0 0 0 1 1 5
 0 0 1 0 5 7 0 15 0 14 20 0 4 0 0 11 8 0 5 4 0 1 7 3314 27 3 0 2366 189 0 0 0 0 1601 0 13 94 0 0 31 0 3 82 0 0 0 0 83 0 0 0 0 0 0 0 0 0 172 0 0 12 3 0 0 0 0 9 14
 0 15 36 5 17 0 76 0 0 0 9 0 58 0 29 25 74 0 0 4 0 30 69 0 0 6515 7 913 0 167 15365 9141 687 454 1043 17 1009 1657 0 53 655 27 16 0 79 0 907 2002 0 0 0 113 1 1 3 94 441 0 49 0 3 10 12 0 0 0 96 8
 12 0 1 0 4 1 13 0 0 0 1 0 4 0 5 1 0 16 0 0 0 3 12 22 0 8 23 0 105 85 0 0 0 0 0 94 33 0 0 0 0 42 19 680 3155 0 76 26 20 9 77 0 0 15 0 21 0 0 146 0 603 1 548 14 10 0 58 44
 0 34 33 5 4 7 38 0 272 111 52 0 1 0 0 12 0 54 0 30 9 0 12 15 0 4 0 0 0 0 0 0 0 64 0 2 0 359 0 0 134 244 26 44 0 0 39 32 57 74 0 0 93 0 126 47844 54 666 34 0 12 436 250 0 123 535 48 32
 0 154 23 10342 37 98 71 0 10 0 0 0 0 0 0 0 0 0 2229 0 0 0 0 0 0 0 0 0 0 6 0 0 0 0 0 0 0 0 0 0 0 0 32 15 26 74 0 14 3 13 0 0 49 0 0 46 0 0 209 14 0 47 10301 105 0 2 0 1937
 0 0 31 0 0 0 0 0 0 0 0 0 0 0 0 563 14 0 0 0 0 0 4 0 0 0 0 0 0 0 0 0 0 0 0 0 0 0 0 0 0 0 0 0 0 0 0 0 2 0 0 0 0 0 0 0 0 0 0 0 0 0 0 0 0 35 1 945
 0 0 10 1398 4 0 105 2 0 3 7 0 1 11 256 14 18 34 0 0 0 0 0 2 0 37 0 845 341 0 57 0 0 0 0 3 0 0 0 0 20 0 6 37 0 0 0 36 78 0 0 24 0 89 0 0 78 0 27 5 0 0 0 0 0 0 0 62
