77
 8490 2182 0 467 0 0 0 0 0 0 0 59587 0 84 58 0 1 0 0 1 15 2 0 0 0 38 22 0 0 0 0 0 0 0 0 4 1 0 0 0 0 0 3 0 2 0 0 0 0 0 0 0 0 0 0 0 0 0 0 0 0 10 540 0 0 120 0 0 16354 2781 0 432 0 0 0 0 0
 0 0 22544 3350 768 14 0 26 6 0 1 0 0 1 143 18 119 0 0 4 0 0 0 0 0 0 3 0 0 0 0 0 0 0 0 0 0 0 0 0 0 0 0 0 0 0 0 18 0 0 0 193 85 0 27 32 0 1117 0 1114 133 1718 0 0 101 26 0 0 0 0 0 0 0 1333 0 0 0
 301 0 4601 4 1 0 44 0 0 46 3 0 24 0 0 0 0 0 1 0 0 0 0 0 0 0 0 0 0 0 0 0 0 0 0 0 0 0 0 0 0 0 7 0 0 0 5 0 0 0 1016 0 0 18 18 0 3099 3971 1222 302 0 0 8 0 0 2 704 1315 0 17 0 0 0 0 0 105 0
 0 0 0 1 226 0 0 0 5 0 0 0 0 0 1 0 0 1 2 0 0 0 0 0 0 0 0 0 0 0 0 3 0 0 0 0 0 0 1 0 0 0 0 36 1619 0 3137 46 0 0 0 0 257 0 5 0 0 0 170 1 0 0 0 0 0 1 0 0 0 0 0 0 0 0 0 0 0
 135 0 0 0 2 0 0 0 0 6 2452 14 0 0 6 31 0 1 0 0 5 1 0 0 0 0 0 0 4 0 0 8 9 0 0 0 0 0 0 0 0 0 0 0 0 0 0 0 0 0 0 0 22 236 0 0 0 0 0 0 0 0 0 0 0 0 0 0 0 0 259 0 0 0 8 0 0
 0 0 4 59 1720 1 0 0 14 0 0 0 0 0 1 3 0 2 0 0 0 3 5 0 0 0 1 0 0 0 0 0 0 0 0 0 0 0 0 0 0 0 17 4 0 0 0 0 4206 5 13 0 0 9 143 0 35 0 0 4 0 0 0 0 249 6 0 0 0 0 0 0 0 0 0 0 321
 2477 18 0 5 13 49 1 4 6 2 8 0 0 0 2 4 0 6 0 8 0 5 0 0 0 0 0 0 143 0 0 11672 58 0 97 0 0 69 0 0 0 1234 304 0 0 0 0 0 0 0 5723 0 2 0 0 0 0 0 0 0 0 0 0 0 0 3 0 7130 1016 46 35 99378 57 0 0 0 0
 29 0 40 0 1 5 0 1 0 0 6 0 7 0 0 0 0 0 0 6 0 0 0 0 0 0 0 0 33012 0 0 0 0 0 0 0 0 0 3 0 0 3 6 12 2 0 0 0 0 1914 1726 0 19 0 0 0 0 0 0 0 0 218 0 0 251 20 0 0 223 0 0 0 159 1724 148 6 0
 8 0 14 0 0 0 0 2 1 0 2 0 1 0 3 3 0 0 3 1 3 2 0 0 0 0 0 0 0 0 0 0 0 0 0 0 0 0 0 0 0 0 2 1 75 0 0 0 0 0 0 0 0 0 0 0 0 0 1618 79 0 0 0 0 0 0 0 0 0 0 0 0 0 0 0 0 0
 1 3 0 13 0 0 0 0 2 1 1 0 7 0 1 0 0 0 0 1 0 0 0 0 0 0 0 0 0 0 0 0 0 0 0 0 0 0 0 0 0 0 0 0 0 0 0 0 0 0 0 0 0 0 0 0 0 0 0 0 0 0 0 0 0 0 0 0 0 0 0 0 0 0 0 0 0
 0 0 0 0 0 0 0 0 0 0 0 0 0 0 0 0 459 353 0 19 9 146 3887 0 0 0 159 62 701 0 0 33 101 0 150 0 0 0 357 73 0 464 176 109 40 691 240 0 0 60 308 258 176 0 245 0 156 17 23 2 11 34 9 0 0 406 0 0 0 0 122 0 0 149 147 43 27
 0 62 4769 5685 0 14571 2746 406 24266 573 722 554 522 0 1298 114 3428 0 0 18 0 0 0 0 0 0 19 0 1408 0 0 0 0 0 0 0 0 0 0 0 0 0 0 0 0 0 0 0 0 0 0 0 3 0 2 0 0 0 0 5 0 0 0 0 0 0 0 0 0 0 63 0 0 0 0 0 0
 0 0 0 1 2 0 114 0 0 0 3 0 0 0 11317 0 89 255 0 0 0 7 0 0 0 0 50121 4 0 0 0 0 5 29 0 377 0 15 576 64 831 218 47 32 451 0 0 0 0 1 4 0 0 0 0 0 0 0 0 0 0 0 9 0 0 3 0 0 0 0 0 0 0 72 4 25 54
 0 0 378 580 8 5 160 177 39923 1 568 3431 1597 1 0 0 0 0 0 0 0 0 0 0 0 0 3576 0 0 0 0 0 0 0 0 0 0 0 0 0 0 0 0 0 0 0 0 0 0 0 0 0 0 0 0 0 0 0 0 0 0 0 0 0 0 0 0 0 0 0 0 0 0 0 0 0 0
 0 0 7 0 0 0 0 41 0 0 4 0 0 0 1 10645 2268 11347 4391 16 900 32 0 0 0 0 0 0 0 0 956 0 199 0 201 0 0 0 0 0 0 0 0 0 0 0 11 0 0 6 0 0 42 0 0 0 0 0 116 12 0 0 381 0 0 0 0 0 0 0 0 0 0 0 53 0 0
 1 0 82 53 0 0 0 0 0 0 1685 0 3 19 0 234 730 0 1061 62 198 220 411 0 31 0 0 21 0 0 0 0 191 0 0 0 0 0 0 0 0 0 0 0 0 0 2 0 0 0 0 0 2 0 1 0 0 216 0 231 228 0 20 0 0 0 0 0 0 0 0 0 0 0 23 0 0
 0 0 0 0 0 1 11 14 0 1 0 0 0 17 0 0 105 8816 145 15 44 9 0 0 0 0 0 0 0 0 0 18 0 0 0 0 0 2 0 0 0 1 0 0 2 0 7 0 0 0 0 0 2 0 0 0 0 6 0 0 0 11 99 0 0 21 0 0 275 0 0 0 86 532 0 0 0
 50 13 56 0 0 0 0 0 86 64 0 61 0 8 0 680 0 1 48 4 8 0 0 26 0 0 0 0 0 0 0 2 0 0 0 0 4 50 0 0 0 0 0 4 1 0 2 0 0 0 0 0 0 0 0 2355 0 0 0 0 33 88 0 0 0 73 0 0 0 0 0 0 0 603 156 0 0
 11 10 0 0 4 22 104 0 0 2 20736 2899 31 39 0 0 0 0 30 14617 177 1862 339 3461 0 0 0 0 0 0 0 296 0 41 0 207 94 116 12 0 0 196 0 19 15 0 19 0 0 0 11 0 37 0 0 0 0 0 185 41 1132 35 0 136 0 0 0 0 0 0 75 0 0 0 109 8 0
 0 0 4 172 1 14 0 0 0 0 0 0 19 53 0 0 0 0 0 3 3 8 0 0 0 0 0 0 0 0 0 1 53 0 0 0 0 0 0 0 0 0 0 3 6 0 3 0 0 0 15 0 0 0 0 0 0 0 0 0 0 0 0 0 0 0 0 0 0 0 0 0 0 0 0 0 0
 0 0 0 0 0 104 28 1 0 0 0 0 0 0 0 0 0 0 0 0 0 0 0 0 0 0 0 0 0 0 0 1 0 0 0 0 0 0 0 0 0 0 0 1 416 0 0 0 0 80 0 0 0 0 0 0 0 0 0 0 0 0 0 0 0 0 0 0 0 0 0 0 0 0 0 776 114
 0 0 0 0 0 0 0 1 0 119 0 0 0 0 0 0 0 0 0 0 0 3 0 0 0 0 0 0 0 0 0 1 0 0 0 0 0 18 0 0 0 0 527 26 102 0 0 0 0 0 0 0 0 0 0 0 0 0 0 0 0 0 66 0 0 0 0 0 0 0 0 80 0 0 3486 236 20
 121 213 54 65 37 0 11986 8285 10231 837 0 432 20 147 266 0 27 29 0 8 36 19 52 21 45 0 0 0 12 0 0 63 7 272 0 0 0 0 0 140 0 0 20 17 318 469 430 0 0 0 132 3660 847 89 176 7528 341 44 33 1896 88 0 0 0 0 2 0 0 0 0 0 0 0 0 39 6967 34
 179 87 246 144 131 27 156 165 1062 780 147 437 301 1051 81 443 1038 0 0 508 174 60 0 41 148 72 451 4 11 0 0 7 18 85 0 0 0 130 83 89 3 95 101 143 18 0 229 0 327 58 0 0 0 1288 0 0 65 203 979 0 0 66 0 0 0 0 0 0 0 0 0 0 0 0 0 9 0
 49 1863 195 22 18 82 35 31 2 33 8 126 32 6089 144 0 192 61 14 77 2 17 0 0 34 0 106 37 0 58 0 0 17 12 0 0 0 29 144 0 0 7 22 384 94 0 75 68 0 36 36 0 551 242 1 295 3311 3823 752 70 8334 0 0 108 8038 444 0 0 0 6543 0 0 0 0 498 567 100
 0 748 488 77 2403 20 804 360 112 106 325 1 49 96 2200 491 1352 21435 12248 4730 2675 4122 3633 0 17 726 904 1623 857 0 0 168 915 3 0 0 0 135 151 0 0 0 102 176 71 12 147 988 0 357 73 0 247 1502 422 127 0 0 1059 53 0 0 124 0 0 15 0 4156 0 0 0 0 0 0 0 0 0
 0 0 0 41 80 0 5360 2944 1722 361 0 0 0 0 774 172 31 921 1450 179 632 47 13582 0 0 0 291 0 645 0 19 70 162 0 0 0 0 41 0 0 0 0 94 97 229 44 318 202 0 246 37 81 206 167 559 0 0 0 0 0 0 32 0 0 0 0 0 0 0 0 0 0 0 0 0 0 0
 1 0 93 45 2 1402 9 78 28 171 0 0 0 0 110 0 0 482 137 3470 30 624 27 0 0 0 22 1 0 0 0 14 16 0 0 0 0 0 0 0 0 0 0 0 0 0 1 0 0 0 0 0 0 0 0 0 0 0 193 0 0 840 0 0 0 6 7038 0 0 0 0 0 0 0 0 0 0
 2897 2301 6 0 0 3 0 0 2 294 0 0 21 41 25 163 73 53 122 10 58 0 0 0 36 0 0 252 157 0 230 9 28 14 0 0 0 12 2 0 0 65 140 0 52 0 26 559 19 179 33 0 85 0 61 0 0 0 0 0 115 0 444 0 0 2 0 0 0 5919 256 0 0 46 729 335 198
 47 7669 3933 108 1474 56 271 117 280 50 640 7 86 74 1859 229 314 2729 730 557 228 10210 914 10 0 193 718 732 394 41 0 89 253 81 0 0 0 123 81 0 0 339 116 188 21 0 185 299 1 333 350 135 141 114 155 17282 250 0 16722 9486 0 0 674 2129 0 1635 0 0 0 0 0 0 279 0 89 14 0
 242 28 68 7 1331 1068 188 4014 424 431 412 331 514 410 0 18 672 2052 21 510 906 884 1992 45 247 4446 0 449 0 13 117 394 27 377 132 534 0 298 0 0 0 69 306 42 2099 460 514 690 197 2920 2631 471 6956 295 325 1176 1168 895 1336 123 0 155 1873 0 0 0 413 0 0 0 3333 0 0 0 0 0 0
 0 0 0 0 0 0 0 0 0 3 0 260 153 2 61 5 0 0 0 0 0 0 0 0 1178 0 0 0 0 0 0 0 0 0 0 0 0 0 0 0 0 0 0 0 0 0 0 0 35 0 0 0 0 0 0 6 0 0 0 0 0 0 0 0 0 0 0 0 0 0 0 0 0 0 0 0 0
 0 7 2 7 0 0 0 1 1 7 0 1 0 5 0 0 468 4 0 0 0 0 0 0 0 0 0 0 0 0 0 2 0 0 0 0 0 1 0 0 0 2 0 53 0 0 0 0 147 0 4 56 15 0 0 0 0 0 1 8 0 0 0 0 0 0 0 0 0 0 0 0 0 0 4 0 0
 60 89 24 9 2 2 67 28 562 10 20 572 0 0 1110 36 1 15 0 414 38 63 0 0 0 0 6 24 0 0 0 19 33 103 345 0 0 21 1569 0 0 133 220 23 0 0 0 0 0 3 0 197 57 120 377 0 313 0 1 3 149 0 2 0 0 0 0 0 0 16632 2391 0 0 0 0 0 0
 4 318 2 71 51 142 0 21 165 47 0 86 209 237 0 1 121 4484 311 160 7 92 22 72 62 9 80 23 215 41 0 209 144 0 178 0 0 103 343 0 0 114 331 94 77 99 0 28 0 0 84 0 43 0 0 213 218 0 69 1 38 0 5 0 0 0 0 0 0 0 0 0 4692 1090 540 0 0
 0 3 3 13 68 3 300 1281 46 138 93 337 0 21 45 42 621 0 0 7 217 9271 286 2477 7069 6584 4628 1234 836 1930 0 1445 833 1997 819 473 124 1359 0 0 0 445 333 9971 1327 1538 469 0 481 0 0 0 10 0 0 0 31 0 0 0 5 2 0 0 0 0 0 0 0 0 0 0 0 3463 1006 448 0
 0 1 30 1 8 29 109 196 117 71 19 982 48 35 30 13 168 0 0 50 241 1099 14075 1403 3655 1107 2270 461 107 38 71 402 293 138 388 0 1088 1453 531 128 1185 279 1179 2604 1945 322 672 428 866 80 0 0 26 0 4 0 10 0 6 0 8 0 0 0 0 0 0 0 0 0 0 0 0 8762 0 0 0
 0 0 0 0 4 3 0 650 111 793 414 402 0 0 0 0 0 0 0 377 1 0 0 0 0 0 0 0 0 0 0 0 0 0 0 0 0 1 0 0 0 0 0 0 7 181 0 27 0 0 0 0 0 0 0 0 0 0 0 0 0 43 0 0 18146 5785 0 0 0 0 0 0 0 46 0 0 0
 1 0 5 0 13 2 54 0 0 1 0 5 0 0 708 0 20 150 0 226 99 93 11 0 0 0 120 91 0 0 207 81 23 0 0 87 0 6 6 0 0 0 4 28 177 0 0 0 0 0 0 0 0 0 36 0 0 0 0 0 256 0 0 0 0 0 2 560 0 0 0 0 0 0 0 74 191
 14 3 5 36 1 177 9 0 216 0 0 29 0 212 135 5 1055 1031 468 284 190 104 0 0 61 252 62 1263 368 230 210 366 679 962 212 11713 0 220 514 216 0 75 131 0 101 1 2 27 0 352 2945 13 195 48 3 0 69 229 30 40 39 35 121 187 25 0 5763 3098 0 0 0 0 0 0 0 1067 0
 813 530 507 93 123 296 33 137 50 324 302 0 0 17 393 549 454 135 1299 548 1717 189 106 0 77 172 239 317 179 900 312 313 389 102 502 777 0 3669 554 272 473 232 257 619 55 0 233 462 17 5 149 404 94 2016 27 249 11 4 45 0 17 44 0 17 200 0 0 1 0 0 0 0 0 0 0 0 0
 1 3 1 1 0 13 0 0 10 25 0 0 0 7 32 1 0 25 0 76 1440 869 409 0 0 25 39 52 0 0 0 5 0 0 0 0 0 17 974 0 0 5 255 215 0 1496 0 3 0 138 0 77 0 0 11 11 0 385 882 0 56 0 0 0 0 0 0 0 0 0 0 0 0 0 0 0 0
 0 1 0 1 0 0 0 0 0 0 0 3 0 0 1 0 2 0 351 9 1 0 0 0 0 0 0 0 0 0 0 1 0 0 0 0 0 19 0 0 0 0 90 0 309 0 0 0 0 0 27 0 0 0 48 50 767 104 140 5 425 49 0 0 0 0 0 0 0 0 0 0 0 0 0 0 0
 0 6 1 0 0 0 133 0 0 0 0 8 0 2 566 10 0 0 0 0 0 0 0 0 0 0 0 18 4 0 0 0 0 0 0 0 0 2 0 261 0 0 0 1 0 0 0 0 0 0 5 0 117 0 45 0 1216 475 2 0 0 0 0 0 1 0 0 0 0 0 0 0 0 0 0 0 0
 0 5 12 0 0 2 1 0 0 1 0 345 0 10 3 0 0 0 0 0 0 0 0 0 0 0 0 0 0 0 0 0 1 114 0 0 0 0 0 0 0 3 0 1 0 0 0 0 0 5 35 7 21 19 124 40 0 15 4 11 0 0 0 0 48 0 0 0 0 0 0 0 0 0 0 2 0
 33 369 499 41 220 394 322 188 67 124 0 937 144 308 280 311 171 184 49 100 208 251 0 465 599 0 0 30 27 23 0 0 36 69 0 0 0 0 13 0 0 0 6 23 0 0 0 0 0 0 0 0 0 0 156 0 158 129 85 6 42 0 0 0 295 0 0 493 0 0 0 0 0 0 0 0 0
 55 23 0 0 3 9 0 1 1 2 0 380 4 0 0 0 0 0 0 0 1 2 0 0 0 0 0 0 0 0 0 0 0 341 1 0 0 0 0 0 0 20 26 4 8 40 30 433 340 72 6 1367 218 179 123 0 0 2 4 1 42 0 0 142 2 0 0 0 0 3 0 0 0 0 0 0 274
 430 0 379 0 144 344 469 893 530 383 563 2028 204 113 610 30 99 13 345 53 112 1170 339 484 0 0 0 525 0 0 0 25 16 15 0 692 0 0 0 0 0 0 42 57 87 2 0 5 15 119 190 33 4 206 0 60 163 3 52 16 41 16 0 1 29 0 0 0 0 73 0 0 0 0 0 0 12
 65 81 349 202 38 0 1071 321 451 207 110 129 498 397 473 1354 259 307 125 37 40 373 163 0 1825 332 193 187 0 0 0 0 0 164 424 0 0 181 297 674 0 20 24 81 31 0 0 0 0 0 0 0 0 0 10 0 0 2 1 0 0 0 0 0 10 0 0 0 0 0 0 2 0 0 0 0 0
 2 0 10 9 27 0 1 0 5 7 0 19 0 9408 0 41 4 2 328 365 0 7 30 0 0 0 0 3 0 0 0 177 12 0 694 398 0 2 10 0 0 0 72 0 0 0 0 0 0 0 0 4047 0 0 61 0 0 0 0 0 20 0 0 0 0 0 0 0 0 0 0 0 0 0 0 0 0
 6 1 0 15 9 0 0 0 2 3 0 11 0 3 990 3 257 0 0 0 0 1932 0 95 0 0 0 10 0 0 0 387 0 33 0 294 625 29 17 0 0 0 0 0 0 0 0 0 118 334 28 6 2353 0 126 2 0 0 1 0 0 0 0 0 7 0 0 0 0 0 0 0 0 0 0 0 0
 474 0 2 162 66 204 96 80 186 244 0 467 772 73 2378 1260 2074 702 193 692 350 221 0 135 127 343 0 78 264 0 0 525 0 0 48 21 269 0 148 0 0 0 162 40 0 0 0 0 0 0 0 0 1027 541 0 0 0 0 0 35 0 0 0 0 0 0 0 0 0 0 0 0 0 0 0 0 0
 2 0 0 0 0 0 0 0 0 1 0 0 132 0 0 0 0 1 0 182 0 0 0 6 0 0 0 34 0 0 0 78 0 0 0 0 0 14 5 0 0 6 0 0 0 31 0 0 5440 59 0 0 0 5 1 6 1 25 3 1 7 0 0 0 3 0 0 0 0 0 0 14 0 0 0 0 0
 45 13 0 30 0 0 34 4 9 4 212 152 239 262 367 723 175 136 1089 10 262 93 0 0 0 0 0 264 66 0 0 39 239 0 82 23 327 32 10 0 0 0 0 0 0 0 0 0 1446 462 627 0 0 0 0 0 0 1 0 0 0 0 0 0 1 0 0 0 0 0 0 0 0 0 19 0 0
 15 0 0 0 6 0 9 2 42 5 0 0 6 3314 79 0 756 2460 164 24 9 11 0 2089 0 0 0 23 0 0 0 3 82 0 26 9 0 75 0 0 0 0 0 0 0 0 0 452 0 0 0 2 0 3 2 7 9 18 0 12 30 5 0 0 82 0 0 0 0 0 0 0 0 25 73 0 0
 6 0 30 69 93 6 6502 6 908 12 166 15400 9167 743 454 1542 22 0 1627 121 74 727 0 15 0 0 19 827 2002 0 0 0 191 1 0 297 32 434 7 10 0 0 0 8 0 1 287 0 4 12 0 1 0 3 0 15 0 2 5 0 0 0 0 0 1 0 0 0 0 0 0 0 0 0 0 0 0
 207 45 0 10 8 0 6 94 42 5 0 4 310 42 18 675 3336 60 56 19 21 10 0 0 0 13 173 27 88 0 0 15 569 0 0 0 0 6 59 0 0 39 0 0 5 0 45 0 314 137 52 18 0 2 0 13 9 54 2 0 3 1 0 0 2 0 0 124 0 0 0 0 24 0 14 0 0
 373 0 0 189 244 19 52 19 35 44 0 58 72 35 8 0 0 39 48016 56 739 32 0 0 0 250 0 91 568 47 0 19 166 26 10339 37 99 72 32 0 0 0 0 0 0 0 0 0 0 2244 0 1 0 0 0 0 0 4 0 0 4 0 0 0 1 0 0 0 0 0 0 0 0 33 3 24 0
 2 14 0 0 21 22 44 52 0 77 0 10 206 31 0 52 10592 107 0 2 10 1991 0 0 0 0 1 0 1 0 0 0 0 0 0 78 0 563 4 0 0 0 0 0 0 0 0 0 0 0 0 0 0 1 0 0 0 0 0 0 0 0 0 0 0 0 0 0 0 0 0 0 0 3 0 0 0
 1 0 0 0 2 0 0 0 0 0 0 0 947 0 0 0 1373 11 0 103 3 70 0 6 0 0 15 246 14 0 0 1 0 0 0 0 2 16 24 0 1158 487 0 55 0 0 0 0 2 14 1 0 0 34 0 6 67 28 57 2 35 75 0 0 26 0 0 0 0 0 0 0 0 1 0 0 0
 4 0 7 62 255 32 383 7 109 27 0 360 454 65 77 0 8 0 0 0 173 121 0 3 0 59 0 0 0 2714 5 2 9 0 0 0 0 0 0 0 0 0 0 59 10 0 0 0 5 0 6 2 0 20 0 611 0 0 14 0 7 0 0 0 6 0 0 0 0 0 0 0 0 0 0 0 0
 0 0 9 56 9 25 2 0 191 66 0 24 287 13 21 832 0 0 0 18 75 168 233 0 343 2012 0 0 181 234 0 7 12 7 4 0 7 0 1 0 0 5 0 558 83 8 7 0 7 2 837 40 10 21 0 4 0 110 14 0 4 6 0 0 0 0 0 0 0 0 0 0 0 15 0 0 8
 0 4 0 5 3 46 38 16 42 3 0 18 0 46 0 0 0 6 1003 107 52 0 72 707 293 0 902 283 0 0 0 634 108 0 0 1315 890 84 471 0 30 275 369 107 25 6615 2204 261 6713 124 298 316 497 154 1055 13 305 270 2273 768 1533 4134 1025 1074 400 7600 1325 0 0 447 975 1820 1415 292 693 528 748
 173 145 203 87 252 190 350 274 1265 329 424 218 270 964 1214 346 1582 1238 0 378 538 627 31369 555 0 3274 14477 2672 773 0 6854 2493 2183 770 4985 3787 216 67 200 0 0 15 2 1 12 93 0 0 1390 692 71 659 2 159 29 504 39 84 2 84 64 138 0 696 237 0 0 0 97 154 0 0 11 124 61 83 0
 100 0 197 35 21 0 11 0 78 155 44 427 72 132 40 45 463 283 4 85 334 73 53 146 0 1826 1999 10 757 9627 5199 1142 1176 7137 826 910 433 0 106 0 0 0 0 0 0 0 0 0 0 0 0 0 0 0 0 0 0 0 0 0 0 0 0 0 0 0 0 0 0 0 0 0 0 7 0 0 0
 0 0 0 0 0 0 0 0 0 0 0 0 0 0 0 0 0 0 12 0 0 3 0 512 0 0 0 0 0 0 136 2770 80 240 408 296 840 0 498 353 1393 613 447 5896 54 1104 410 664 228 1274 12 237 270 4203 374 790 7748 1829 841 132 5117 2364 0 1 1278 2597 4134 2748 0 390 632 949 135 135 225 78 362
 202 415 0 928 295 511 308 219 956 1359 289 1663 985 334 438 336 278 4038 1383 17 51697 20995 4031 7702 4552 4123 4927 0 1466 8650 0 3442 45 2496 4073 392 1253 97 0 0 559 227 47 26087 9522 153 16911 103 1340 538 2235 738 2508 27 829 610 4073 440 2443 3779 1450 2113 0 2523 2547 0 222 0 864 2671 2106 411 1895 1232 1782 570 706
 1042 447 0 706 1122 60 0 1215 1503 864 746 3419 3190 800 7187 1315 1367 1223 768 1525 5404 461 7 3135 10175 0 1609 1507 4895 5482 9408 513 6174 520 137 148 1478 1517 0 0 0 53 271 559 87 0 2321 591 108 1885 89 212 67 550 156 397 0 318 292 323 62 625 908 151 551 0 779 498 0 0 0 225 287 377 62 290 273
 0 88 37 87 44 1 0 0 224 962 45 364 127 202 515 709 0 47 72 147 216 377 324 3821 1164 5 2085 10818 64279 14109 1841 4833 3511 519 520 3095 115 65 33 1464 10760 109 1030 45 37 851 9281 195 38 1009 394 183 1366 59 121 72 548 194 268 4 176 168 312 0 1317 644 0 1166 85 621 0 0 0 207 227 37 249
 0 380 0 359 57 36 0 25 166 108 173 213 864 114 145 44 40 3620 657 195 345 418 524 343 0 315 3453 2457 0 1423 36260 8922 49396 0 14060 6304 1962 2822 38335 261 94 76 127 154 3 32 0 0 29 69 39 8 475 122 49 829 12 52 26 124 61 85 0 0 48 0 0 324 0 92 0 0 39 158 4 0 33
 19 115 103 33 0 72 0 26 12 25 0 0 31 66 20 1157 63 48 0 89 559 533 103 135 555 24 85 120 0 574 0 12 410 0 1711 211 1279 3770 967 130 474 2582 130 37 6 372 1839 117 635 85 106 1084 1448 328 34 46409 3386 1058 12157 1252 1440 417 0 461 1036 0 0 803 1338 198 4572 4053 1294 9792 451 3091 2224
 0 337 450 1304 1174 1094 0 1297 1059 1524 127 182 438 240 572 389 771 1223 3555 637 938 0 537 4231 1110 549 4116 3290 28 955 1509 1526 7026 4722 65 3721 82453 30351 13698 5911 39370 8619 3355 5149 25390 1414 248 142 0 18 28 120 0 5 41 413 26 11 189 34 172 687 0 104 43 0 0 0 1 43 0 185 72 1262 522 0 597
 82 342 406 3 35 16 0 0 151 56 184 101 208 45 28 42 0 48 49 205 116 279 83 165 8 92 647 673 33 0 1144 88 249 208 0 2199 384 19 512 11528 2594 1466 556 5470 268 12 552 3546 148 111 9 240 250 39 246 15 0 210 238 44 13 945 0 0 695 0 0 0 80 0 0 0 100 94 174 25 279
 141 0 109 33 117 176 2 0 68 181 0 119 0 125 84 106 0 0 20 32 72 16 69 80 22 25 58 26 0 102 161 56 4795 144 0 0 0 0 4101 223 1 545 11956 1009 218 687 3751 281 429 682 2597 388 16 12 0 0 251 0 0 0 6 0 0 0 0 0 0 0 0 0 0 0 0 18 0 0 0
 16 12 2 9 0 2 5 0 0 2 0 0 0 1 0 0 0 0 0 1 2 0 0 6 0 4 0 2 0 0 14 34 0 18 0 0 32 21 10 74 6 341 26 1559 4 0 17 4516 1705 0 6802 822 25 0 0 588 0 0 43 1 4 46 0 0 3 0 0 0 0 0 0 0 0 58 80 0 38
 22 61 0 148 130 50 270 0 118 173 0 2 0 39 0 32 6 40 0 43 0 0 0 0 0 8 32 21 0 0 17 17 9 106 110 0 207 122 0 0 120 88 436 152 0 245 788 1292 251 679 1908 366 58 311 6940 6 15 0 8 11 4 80 0 0 15 0 0 0 0 35 0 269 0 55 32 292 23
 50 1 44 49 100 0 1121 113 30 144 0 113 0 3 58 28 59 71 52 5 0 0 0 14 0 21 12 21 0 3 28 110 8 49 57 20 368 130 0 220 237 33 80 52 59 327 0 0 817 3757 7177 1425 266 3651 290 41 29 2307 618 12 2 0 0 21 1 0 0 0 0 0 0 0 0 307 0 0 12
