59
 8490 2182 42 460 0 0 0 0 0 0 0 59637 0 84 0 3 4 0 0 1 2 0 0 75 0 87 23 0 0 0 0 0 0 0 0 7 1 0 0 0 0 0 0 0 1 0 0 0 0 0 0 0 0 0 0 0 0 0 0
 0 3 19 545 0 72 120 5 0 16617 2852 66 460 0 0 0 0 0 0 0 22524 3351 764 13 0 0 7 0 0 0 0 1 122 0 118 2 1 0 0 0 0 3 0 0 0 0 0 0 0 0 0 0 0 0 0 1 0 0 0
 0 0 0 0 0 0 25 7 0 0 392 88 0 28 16 42 1201 0 1114 182 1710 0 0 278 26 0 0 0 0 0 0 0 1443 0 0 1 342 0 4594 0 0 4 0 0 0 15 0 19 0 0 0 0 0 0 0 0 0 0 0
 0 0 0 0 0 1 1 0 0 0 0 0 1 0 0 2 0 0 0 0 0 0 0 2 0 0 0 1112 0 0 0 0 0 2380 1183 1232 302 0 0 0 0 0 0 1018 1971 0 0 0 2 0 0 0 0 0 0 2 1 0 235
 13 5 0 4 1 0 0 1 0 1 0 0 0 2 0 0 0 0 0 0 0 0 0 1 0 1 3 2 0 0 0 0 0 0 0 14 0 0 0 1141 0 3140 111 0 0 0 0 229 0 8 0 0 0 0 0 0 0 0 0
 2 0 0 0 0 0 0 1 0 0 1 1 1 135 0 1 8 0 0 0 0 0 0 2451 0 0 7 4 65 0 0 1 0 0 0 0 0 0 0 0 0 4 0 0 0 0 0 0 0 0 0 0 0 0 0 0 0 0 0
 0 0 0 0 0 0 22 240 0 0 0 0 0 2 0 0 0 0 0 0 0 0 0 0 408 26 8 20 7 0 0 0 0 0 20 1523 0 4 0 0 0 0 0 0 3 0 0 0 2 0 0 0 0 0 2 0 7 0 2
 0 0 0 0 0 0 0 0 0 0 0 0 0 1 0 4 0 0 11 11 4267 6 0 0 0 9 154 9 0 0 0 0 0 0 2 1 330 0 0 309 0 26 1 22 27 0 0 0 354 2477 0 0 3 0 0 0 4 3 0
 8 1 6 3 0 4 5 6 8 0 6 5 66 8 0 3 9 0 148 0 0 11633 56 0 94 0 2 79 0 0 0 1204 269 0 0 0 0 0 0 0 4389 50 1 0 0 0 0 0 8 0 0 0 0 0 2 0 0 10215 1144
 117 0 99602 263 0 1 4 62 21 3 41 0 1 6 0 0 0 0 6 0 4 0 0 0 0 0 0 4 0 0 0 13 0 52 0 0 33003 0 0 0 0 0 0 0 0 0 0 0 235 3 0 7 0 0 0 188 7 1885 1725
 0 0 0 0 1 0 1 3 0 0 234 0 2 316 0 13 25 0 43 0 0 0 1740 144 0 0 8 1 13 0 0 0 0 0 0 2 0 0 0 0 3 3 3 0 0 0 0 0 35 0 0 0 0 0 0 1 0 0 1
 0 0 0 1 0 0 0 0 0 1 0 75 0 0 0 0 0 0 0 0 0 0 0 0 0 1630 0 26 8 29 0 1 0 0 0 48 3 0 0 0 0 0 0 0 0 3 0 0 0 0 0 0 0 0 1 2 7 0 2
 0 0 6 0 0 0 0 0 0 0 0 0 4 0 0 0 0 0 0 0 0 0 0 0 0 0 0 0 0 0 0 0 0 0 0 0 0 0 0 0 0 0 0 0 0 0 0 0 0 0 0 0 0 0 0 0 0 0 0
 0 0 0 0 0 0 0 0 0 0 0 0 0 0 0 0 0 0 207 496 351 79 0 0 120 4313 28 9 594 197 0 857 0 97 0 96 0 118 0 0 0 370 90 110 463 54 0 0 0 230 0 0 0 298 340 179 0 259 161
 121 49 0 49 23 37 34 46 31 406 21 71 47 37 139 192 29 209 148 13 57 42 71 4790 5669 3 14571 2747 410 24196 0 702 551 514 0 1297 574 3369 0 0 0 0 0 0 0 0 0 6 0 1538 0 0 0 0 0 0 0 0 0
 0 0 0 0 0 0 0 0 0 58 0 0 0 13 0 2 0 0 0 0 0 0 0 1 0 4 0 0 104 0 0 2 0 0 0 0 0 0 0 0 0 5 2 0 0 77 0 0 0 3 0 0 0 11293 0 104 255 0 0
 0 4 0 9 3 0 50209 4 0 9 0 9 6 29 0 399 7 23 581 74 885 216 47 2 433 19 1 26 6 0 0 6 0 0 0 0 0 0 0 0 0 0 10 4 0 0 0 8 11 3 5 0 0 68 0 36 149 0 0
 372 583 15 8 163 176 39923 3 563 4151 1229 1 1 0 0 0 0 0 0 0 0 0 0 0 3575 0 0 0 0 0 0 0 0 0 0 0 0 0 0 0 0 0 0 0 0 0 0 0 0 0 0 0 0 0 0 0 0 0 0
 0 0 0 0 0 0 0 0 0 0 0 0 0 0 0 0 0 0 15 0 0 0 1 0 0 1 4 0 4 0 0 10643 1487 11360 0 17 768 22 68 0 0 25 755 0 0 0 0 0 209 8 201 0 0 0 0 3 7 1 0
 0 1 0 6 4 1 9 0 4 38 22 7 11 0 0 116 0 370 7 394 3 0 0 0 0 0 212 39 1 0 0 8 0 0 4 0 82 28 0 0 0 0 0 0 1882 0 0 0 0 188 741 0 693 5 200 220 400 0 43
 0 0 0 1 25 938 0 0 2 0 2 4 0 0 0 9 0 1 1 0 5 1 37 0 0 0 0 2 2 0 0 0 0 0 153 248 10 0 20 0 0 4 69 0 15 37 0 0 24 3 0 0 0 0 0 0 0 0 0
 11 0 0 38 10 15 12 0 0 104 8978 161 15 0 0 14 0 6 4 8 0 2 19 0 0 6 6 12 4 0 0 0 0 0 0 0 0 0 0 0 0 6 2 0 0 0 0 0 0 15 15 0 0 3 28 128 0 0 0
 114 0 526 74 0 61 125 562 0 5 0 12 15 38 0 0 0 0 0 87 0 0 73 0 0 18 827 0 0 0 0 0 0 0 0 0 0 0 0 0 0 1 0 0 2 3 0 0 51 0 6 0 0 0 0 0 0 0 0
 0 0 0 0 0 0 8 3362 106 93 0 1 87 130 0 0 0 73 93 5 608 25 97 0 0 599 158 0 1 1 0 0 0 0 7 0 0 0 0 20858 2804 25 38 0 0 0 0 0 14607 0 1862 475 3542 11 26 113 24 15 0
 33 283 0 37 139 194 0 118 0 120 53 209 5 0 0 13 0 0 50 6 19 37 30 9 37 51 23 4 218 0 1097 0 0 329 0 0 0 125 903 0 128 30 25 0 107 66 0 0 0 0 173 0 0 0 0 0 0 0 0
 0 24 3 0 0 0 0 0 3 8 4 0 0 0 0 0 0 5 0 0 54 0 0 0 0 28 20 3 0 0 0 0 0 0 0 0 17 0 0 0 21 1 0 0 0 0 0 0 0 0 0 0 4 0 0 0 0 0 0
 0 0 1 0 0 0 0 0 0 0 0 25 34 0 0 0 0 0 0 0 25 0 0 0 0 0 0 0 0 0 0 0 0 0 0 0 1 0 0 0 0 0 0 0 0 0 0 0 0 1 409 0 0 1 1 73 6 0 0
 0 0 0 0 0 0 0 0 0 0 0 0 0 0 0 0 0 0 0 0 0 0 340 185 0 0 0 0 0 0 0 0 0 0 0 0 0 0 0 0 1 0 0 0 0 3 0 0 0 4 0 0 0 1 0 1 0 0 0
 1 0 34 1 0 0 0 491 14 100 0 0 0 0 0 0 0 0 0 0 0 0 1 0 0 0 159 66 2 0 0 0 0 0 0 0 958 500 0 2978 240 58 124 211 51 65 0 0 11650 8290 10265 593 0 431 0 147 1071 0 46
 31 556 12 36 18 52 108 68 14 4 4 0 15 0 0 6 271 22 188 58 8 115 176 0 116 20 17 318 564 435 103 50 0 68 4026 847 133 250 7472 0 48 33 1858 92 0 0 0 0 0 102 0 0 0 1 0 0 4 39 6958
 111 257 90 230 142 131 34 157 147 1057 780 166 437 243 475 83 439 1040 9 30 504 168 56 79 0 188 188 451 39 0 7 0 0 0 83 104 239 145 0 0 227 146 202 94 0 0 0 0 153 405 26 0 0 17 1320 0 1 78 168
 979 0 1 135 34 0 12 15 0 0 10 0 1 0 0 0 0 12 0 0 1858 191 14 19 24 33 35 1 32 0 119 35 4357 0 28 0 64 24 8 0 18 30 41 10 0 68 54 0 71 0 10 0 0 29 0 0 28 146 0
 62 0 0 385 117 18 75 115 0 99 40 77 551 322 0 205 3303 4261 0 453 8054 209 33 124 8218 438 34 14 179 6789 236 0 63 0 493 430 0 68 340 436 77 2403 27 799 553 0 106 259 1 49 96 1711 0 1355 21439 12274 4730 2674 4048
 3651 62 56 0 908 1618 877 11 82 0 912 0 10 0 0 114 186 45 0 84 99 172 73 120 0 1068 427 269 68 0 229 1334 309 223 0 0 0 0 0 101 215 1531 79 13 0 5157 0 0 22 0 0 0 0 0 0 0 3 0 27
 79 0 5370 0 1721 360 0 0 88 31 1528 97 39 889 843 178 631 48 9192 0 0 5 255 0 650 19 18 70 121 0 0 0 0 23 18 2 0 116 0 0 230 179 171 228 0 237 46 0 232 166 644 0 0 0 0 0 0 38 0
 0 0 0 0 0 8 0 0 0 3 0 0 0 0 0 0 93 45 0 1368 0 77 24 63 6 0 0 0 119 0 0 285 0 3469 0 625 29 0 0 0 37 1 0 0 0 0 14 0 0 0 0 0 0 0 2 0 0 0 0
 0 0 0 0 5 0 10 0 4 0 86 0 32 164 0 17 841 396 0 0 0 8625 49 9 0 0 0 0 0 0 0 0 2779 1245 1 0 0 2 0 0 0 294 160 97 19 0 24 0 0 67 0 0 0 0 0 21 74 0 26
 253 147 114 313 9 27 0 3 32 2 13 7 82 0 0 138 40 52 0 0 597 77 177 31 0 128 37 62 0 0 0 0 0 61 0 607 0 22 0 0 2 998 5938 241 648 0 31 147 394 227 47 7670 3750 108 1474 56 271 115 280
 50 654 0 95 38 1862 253 329 2729 731 561 227 10211 926 5 13 202 743 0 476 0 221 88 251 0 5 43 59 114 0 69 0 0 103 96 11 55 183 299 0 73 350 119 0 23 175 17282 0 0 16721 9493 872 722 683 2590 462 1635 322 3276
 633 677 21 364 0 10 76 0 52 242 28 64 8 1279 1068 188 4009 424 429 525 331 520 396 0 949 672 2053 61 0 482 642 2004 0 0 4432 0 465 83 164 117 234 25 412 183 0 81 299 0 110 138 211 304 0 2074 432 496 878 465 2720
 2642 471 7586 386 387 1176 1315 798 0 158 0 176 1983 58 487 660 1168 1687 144 159 3596 41 23 0 0 0 0 0 0 0 0 0 0 0 0 0 1 0 0 0 2 60 5 0 0 2 0 0 0 5 0 1186 0 0 0 0 0 1 0
 0 0 0 0 0 0 0 0 0 0 0 0 0 0 1 0 57 0 0 0 0 0 0 0 0 0 0 0 0 0 0 0 0 0 0 0 0 0 0 0 0 0 0 0 0 0 0 0 9 0 0 0 0 2 7 1 1 0 0
 8 0 430 3 0 3 0 0 0 0 0 0 0 0 0 0 0 2 0 0 0 0 0 0 0 7 2 5 0 0 0 0 0 0 0 18 0 0 0 0 0 18 40 0 0 4 0 0 3 0 0 0 0 1 288 214 0 3940 0
 133 35 2 0 42 88 24 0 2 2 68 28 564 0 49 570 0 1 1105 38 8 18 0 411 38 58 4 2 0 0 0 0 0 0 0 12 0 0 257 0 520 21 1576 14 91 126 223 0 20 4 0 0 0 10 5 150 58 218 350
 0 311 2 0 3 141 0 0 3 24 127 16 40 0 20842 5742 28 84 0 0 0 7 0 313 0 66 52 142 0 6 22 8 0 13 104 221 0 0 0 3178 450 160 6 0 44 110 0 0 83 22 224 0 0 176 144 47 176 99 0
 103 441 0 501 117 322 93 78 89 74 27 0 94 0 5 0 223 55 216 302 0 67 0 23 0 7 5 0 0 28 66 0 354 0 0 4841 1105 506 0 0 0 5 0 0 0 3 300 609 45 125 95 320 0 18 45 0 625 0 0
 20 214 9269 252 2560 7095 6597 4630 1234 865 1970 776 1446 721 2098 918 472 1239 403 1143 667 400 450 332 9978 1327 1538 468 41 511 131 0 0 27 0 0 0 0 0 0 0 6 2 0 11 0 0 0 2 5 67 0 0 3 3725 920 196 8 0
 1 29 0 8 0 110 196 116 64 70 980 41 35 21 0 169 0 2 50 222 1081 14091 1544 3659 1115 2271 458 109 66 34 170 255 0 265 949 1088 1290 0 467 1387 1896 1177 2604 2151 486 0 429 906 89 105 0 0 0 0 62 0 0 6 0
 8 0 56 0 5 0 0 0 0 0 0 0 0 8100 0 0 0 0 0 0 0 3 0 0 661 111 793 463 0 6 0 0 0 0 0 2 330 0 15 0 0 0 0 0 0 0 0 0 0 0 0 0 0 0 1 0 3 2 0
 0 0 6 181 0 70 0 0 0 0 0 0 9 0 0 0 0 0 0 0 0 0 22240 7318 5 1 0 0 0 0 0 113 0 2 0 1 0 0 0 0 0 68 0 0 0 0 0 0 0 713 0 0 0 0 245 0 94 104 0
 3 43 130 91 5 3 500 45 20 31 99 1233 51 17 6 0 0 0 0 0 172 0 0 0 0 0 0 3 0 18 0 0 0 1 0 17 120 0 0 0 70 62 124 636 0 0 0 3 5 406 1 0 0 0 3 0 36 0 0
 18 2 216 0 17 29 21 212 137 0 1069 1037 588 275 195 104 77 138 85 150 93 1248 448 0 330 366 648 975 0 12408 579 206 0 216 122 82 121 0 0 0 0 26 106 383 2899 0 200 27 3 15 53 239 0 0 42 41 177 498 2
 7 6757 3358 102 951 87 5 0 36 5 1148 0 813 465 509 74 119 296 32 0 47 285 419 0 41 0 409 560 32 137 1374 534 1213 189 116 197 80 0 0 277 238 968 454 254 239 261 988 1214 495 3514 347 363 473 0 334 619 55 0 116
 477 21 13 152 220 95 1980 14 249 17 4 47 0 0 51 0 0 221 216 0 20 0 55 0 0 0 0 0 0 0 0 0 0 3 0 12 0 0 0 0 0 0 0 0 0 0 0 22 14 73 1429 829 334 116 14 109 150 53 0
 64 149 4 3 7 3 0 1542 0 974 8 0 5 0 215 0 1494 1 1 0 138 0 73 0 0 11 0 30 364 878 0 49 0 0 0 0 0 0 0 0 0 0 0 0 0 0 0 0 0 0 0 0 0 0 0 0 0 0 0
 1 0 0 0 1 3 1 355 8 0 0 0 1 0 0 0 0 0 0 0 1 0 2 0 0 0 0 0 0 68 17 56 0 308 0 1 0 0 0 0 0 0 0 0 0 761 0 120 7 333 44 0 0 0 0 0 0 0 0
 0 0 0 0 0 9 0 0 3 0 0 0 0 88 3 0 0 3 0 0 2 498 7 0 1 7 0 0 0 0 0 0 0 0 18 46 0 0 0 0 0 0 0 0 0 0 0 0 0 0 0 0 0 0 0 0 0 18 0
 119 0 45 3 1221 475 0 0 0 0 0 1 1 0 0 1 0 0 0 1 1 0 4 0 0 0 4 11 12 0 0 0 0 0 0 2 317 0 0 0 0 0 0 0 0 0 0 0 0 0 0 0 0 0 8 0 0 10 0
 1 0 219 0 0 0 0 1 0 0 0 0 3 0 3 4 34 7 56 0 108 25 1 14 8 14 7 112 0 0 0 8 0 0 33 13 0 0 0 0 1 2 51 0 316 495 50 220 394 159 11 0 0 62 937 158 295 151 316
