73
 8490 2182 42 465 0 0 0 0 0 0 0 59610 0 83 58 0 0 6 0 0 0 3 0 13 0 105 0 0 0 0 0 0 0 0 2 0 0 0 0 0 0 0 0 0 0 0 1 0 0 0 0 0 0 0 0 1 0 0 0 0 0 18 545 0 71 112 0 0 16335 2791 0 0 0
 0 0 3 0 0 0 22392 0 774 16 18 0 7 0 1 0 1 0 143 54 43 2 2 8 0 0 0 0 0 0 0 0 0 0 0 0 0 0 0 1 0 1 0 0 0 0 0 0 0 1 0 0 0 0 0 252 79 0 20 39 42 1182 0 1086 165 1729 0 0 0 0 0 0 0
 0 0 0 0 1465 0 0 0 154 1 4601 2 3 0 44 0 0 36 3 21 29 1 8 0 0 0 0 0 0 0 8 0 0 0 0 0 0 0 0 0 0 0 0 0 0 0 2 1 0 0 0 0 0 0 0 5 0 0 1105 0 0 23 22 0 3100 3260 0 302 0 0 0 0 0
 0 1025 1972 1 221 0 0 0 0 0 110 0 0 2 1 0 0 0 0 0 5 0 0 0 0 0 0 0 0 0 0 0 0 0 0 0 0 0 0 0 1 0 0 0 0 0 0 0 0 0 2 0 8 0 0 36 1373 0 3110 87 22 3 0 167 0 0 0 0 0 0 0 0 0
 0 0 0 0 1 0 0 0 0 0 1 0 0 0 1 0 0 0 0 0 0 0 0 0 0 0 2449 0 0 7 0 44 0 1 0 0 1 0 0 1 0 0 0 0 0 0 0 6 0 0 0 0 0 0 0 3 0 0 0 0 0 0 0 0 0 0 0 0 1 0 0 0 0
 0 0 2 0 0 0 0 0 0 0 5 0 1 491 0 0 0 7 2 0 0 4 8 62 1717 0 0 0 0 0 0 0 0 5 1 0 0 0 0 1 0 0 0 0 0 0 0 0 0 0 0 0 0 0 0 0 0 0 0 0 0 0 17 0 0 0 0 0 4458 0 0 0 0
 12 0 8 35 7 7 4 0 1 0 1 242 6 0 346 134 0 0 0 46 0 1 2 349 2358 35 0 0 0 75 0 0 0 2 8 0 0 0 0 0 4 0 0 0 6 0 66 3 2 0 0 0 148 0 0 11670 0 0 95 0 0 70 14 9 18 1232 4 0 0 0 0 0 0
 0 2371 49 2 0 0 2 0 0 8 0 0 1 0 0 0 0 0 10216 1142 115 158 99602 222 0 0 0 0 0 3 0 0 0 6 0 0 0 0 0 1 7 0 0 0 0 0 0 0 2 0 5 0 0 196 0 0 32623 0 0 0 0 0 0 0 0 9 0 0 236 0 0 0 0
 0 0 0 7 1917 1728 0 12 0 0 2 0 1 0 0 0 14 0 0 314 5 33 38 397 0 0 0 0 1681 147 0 0 0 0 14 0 0 0 0 0 0 0 0 0 1 0 0 0 3 0 5 0 0 0 0 0 0 0 0 0 0 2 0 0 0 0 0 0 1 0 0 0 0
 0 0 0 75 0 0 20 0 0 0 0 0 0 0 45 0 0 1471 55 0 8 41 0 0 0 6 0 0 0 0 0 0 0 0 0 0 0 0 0 0 0 0 0 0 4 0 0 0 7 0 0 0 0 8 0 1 0 0 0 0 0 0 0 0 0 0 0 0 0 0 0 0 0
 0 0 0 0 0 0 0 0 0 0 0 0 0 0 0 0 0 0 0 0 0 0 0 0 0 0 0 0 0 0 0 0 0 0 0 0 0 0 0 0 0 0 0 0 0 0 0 0 0 0 0 0 0 0 0 207 360 0 111 17 0 124 4310 0 15 580 0 0 867 0 0 0 0
 0 148 0 52 50 370 0 117 464 176 112 42 758 237 4 10 3 272 171 148 46 276 162 169 49 4 0 23 0 27 53 0 107 41 97 44 0 139 161 0 207 145 36 60 52 71 4788 5561 2 14541 2701 113 23478 565 637 554 0 634 969 578 3283 0 0 0 0 0 0 0 0 0 0 0 0
 0 0 0 0 0 0 0 0 0 0 0 0 0 0 0 0 0 0 58 0 0 0 13 0 0 0 0 0 0 1 0 0 0 0 3 0 0 100 0 0 0 102 0 1 1 1 0 0 0 0 0 0 0 0 31 0 0 0 0 0 0 0 11320 0 98 230 0 0 0 0 0 0 0
 0 50209 0 0 9 0 3 6 26 5 402 0 23 581 86 0 196 27 0 450 19 0 26 0 1 4 0 0 8 0 0 0 0 2 3 0 0 0 0 0 3 0 4 12 0 5 7 1 96 0 0 143 0 0 112 583 0 0 0 136 39679 0 565 4073 1616 0 0 0 0 0 0 0 0
 0 0 0 0 0 3581 0 0 0 0 0 0 0 0 0 0 0 0 0 0 0 0 0 0 0 0 0 0 0 0 0 0 0 0 0 0 0 0 0 0 0 0 0 0 0 0 0 0 0 0 0 0 0 0 0 0 0 0 0 0 0 0 0 26 0 0 0 0 4 0 0 10569 1624
 11369 4385 18 931 31 799 0 30 25 755 13 0 3 70 0 210 7 199 0 17 0 5 3 0 0 0 0 0 5 9 0 0 0 2 4 40 3 0 11 1 30 0 0 370 7 394 4 0 0 0 0 0 202 1 1 0 7 0 0 0 0 26 80 27 30 0 0 0 0 0 0 210 0
 15 0 234 534 12 1046 36 197 0 409 1 0 13 0 21 0 25 934 0 190 0 3 2 0 0 3 0 0 2 0 0 0 0 3 109 0 0 0 5 2 0 0 0 4 315 3 238 248 16 0 56 0 0 0 0 0 0 18 0 15 4 10 5 0 0 0 0 0 0 0 0 0 0
 0 36 0 2 11 0 38 102 9258 0 15 0 10 0 2 0 0 8 0 0 18 0 20 0 0 2 0 0 6 0 11 0 0 1 1 0 0 0 0 6 0 3 0 0 37 42 0 13 0 0 23 0 20 0 56 0 0 109 0 214 37 0 66 122 567 0 0 0 57 0 0 0 0
 0 0 0 82 70 0 42 0 6 0 827 0 0 6 4 6 0 0 36 0 4 2 0 0 0 0 0 0 8 5 0 0 0 7 4 0 0 0 0 0 0 0 0 3 5 0 0 0 0 0 3245 108 93 0 0 32 114 0 0 0 29 106 8 632 17 96 0 63 613 145 0 0 0
 11 0 0 4 13 112 0 0 0 20833 2899 0 19 0 5 0 0 28 14613 177 1862 904 3542 0 0 105 0 0 0 8 263 0 0 139 210 0 56 0 0 71 211 5 0 13 11 20 32 49 0 0 0 38 2 13 0 0 5 142 0 1119 27 0 492 35 0 0 0 899 7 0 0 0 0
 94 0 0 0 4 4 172 0 0 0 0 0 0 0 0 20 51 0 0 0 0 0 0 0 0 2 0 0 0 0 0 0 0 0 1 0 0 0 0 0 0 3 0 0 1 2 3 0 0 0 0 20 10 0 0 0 0 0 0 0 0 0 5 0 0 0 0 0 0 0 0 0 0
 0 0 0 0 0 0 0 0 0 0 0 0 105 33 3 0 0 0 0 0 0 32 2 0 0 0 0 0 0 0 0 0 0 0 0 0 0 0 0 0 0 0 0 0 0 0 5 0 0 0 0 416 38 0 0 15 0 5 0 0 0 0 0 0 0 0 0 0 0 0 0 0 0
 2 0 0 0 0 0 0 0 0 771 187 0 0 0 0 0 0 0 0 0 116 0 0 0 0 0 0 0 0 0 0 0 0 1 0 0 0 0 0 0 0 0 0 0 1 1 1 0 33 0 0 0 2 527 28 101 0 0 0 0 0 0 0 0 0 0 0 0 2 0 0 0 0
 0 0 14 0 1 0 0 0 0 956 500 0 3484 234 59 109 209 58 51 29 28 12052 8290 10266 705 370 306 0 147 230 0 0 0 565 7 15 0 0 0 59 0 0 0 0 14 14 70 0 266 16 113 58 12 104 73 10 65 0 0 239 539 435 139 66 0 110 3998 151 133 0 6818 0 3
 26 1911 95 14 19 0 0 2 59 0 0 0 1 0 9 3 39 6964 111 232 82 253 144 0 34 0 0 1036 780 0 436 121 0 82 443 0 0 0 0 162 56 0 0 190 188 442 37 21 6 4 0 18 87 93 248 117 91 214 211 175 112 90 143 0 8 227 57 169 62 0 0 0 1269
 0 1 79 213 973 0 0 156 35 0 12 0 27 0 5 0 0 0 19 0 0 13 2 0 1699 195 0 19 83 0 34 0 0 23 73 21 5990 0 0 198 0 17 77 2 17 30 40 1 0 148 0 40 71 13 10 8 0 31 8 13 20 0 25 0 12 4 0 49 19 0 91 0 0
 17 77 550 335 0 287 3311 4257 783 370 8369 174 33 116 8226 444 31 10 187 6765 315 1732 63 0 320 570 118 69 737 488 0 2141 0 747 571 0 52 86 0 50 0 1156 448 1346 21439 12274 4730 2662 4025 3643 113 56 726 909 1622 871 0 48 72 905 0 0 16 0 122 193 0 0 84 0 0 0 0
 165 1067 427 387 56 66 237 1465 154 175 18 0 1059 46 13 360 204 1534 87 0 73 5200 10 156 0 0 0 0 0 0 0 0 0 0 41 0 0 3273 2847 1722 267 0 0 63 31 1523 188 21 601 1487 127 622 48 13580 0 82 0 220 0 605 0 19 23 0 0 3 0 0 41 0 0 0 0
 94 97 230 179 318 253 97 223 0 163 236 124 654 0 0 0 0 0 0 38 0 0 0 0 0 0 0 197 0 0 0 0 0 0 6 0 0 0 0 2 1277 0 0 28 175 5 1 0 0 0 0 0 0 149 3417 24 587 28 0 3 0 0 0 0 0 8 0 0 0 0 0 0 0
 1 2 2 0 0 0 0 0 0 1 2 0 0 10 2 0 8 84 0 0 193 10 18 0 218 127 0 6 8626 53 8 0 0 0 0 0 0 0 0 2896 2141 0 0 0 3 5 0 0 241 164 84 22 0 0 164 74 0 55 0 59 0 0 0 0 19 39 0 0 116 0 0 0 0
 9 26 0 11 1 82 58 29 118 41 52 0 20 650 80 175 32 0 138 0 62 0 2 0 0 0 38 0 639 0 22 0 0 3 853 5986 0 0 0 75 726 200 0 47 7670 3934 108 1268 46 262 100 280 48 320 7 90 42 1856 254 304 2695 620 562 201 10185 924 0 11 205 709 0 351 0
 223 88 246 82 0 43 55 123 84 195 69 375 116 188 29 59 184 295 68 333 350 135 196 109 0 17280 0 0 16722 9508 971 967 0 2590 443 1631 215 1926 0 676 0 271 353 4 90 37 47 241 26 0 0 1331 1007 160 4014 424 403 444 331 354 406 0 956 659 2050 58 0 874 888 1937 0 0 4346
 0 462 83 236 117 396 22 415 276 1311 82 0 293 120 151 209 301 41 2045 420 530 878 466 2895 1591 438 7562 384 396 1172 1315 241 1336 158 0 176 1652 0 63 660 1034 1602 0 126 3596 0 11 88 0 0 0 0 0 0 0 0 0 0 0 0 0 0 250 0 0 56 0 0 0 0 0 0 0
 2 73 1188 0 0 0 0 0 1 0 0 0 0 0 0 0 0 0 0 0 0 0 0 0 0 0 0 0 0 0 0 0 0 6 0 0 0 0 0 0 0 0 0 1 0 0 0 0 0 0 0 0 5 0 7 0 7 0 0 0 0 0 0 0 0 0 0 0 5 0 0 156 0
 0 3 0 0 0 0 0 0 0 0 0 0 0 0 0 0 0 0 0 0 0 7 2 0 0 0 0 0 0 9 0 0 6 68 16 0 0 0 0 30 0 0 0 0 3 0 0 0 9 0 237 213 7 3070 0 102 35 0 5 53 0 0 0 0 0 17 0 493 10 0 76 0 0
 1111 38 8 23 0 411 37 63 4 2 2 0 8 20 8 0 11 16 31 7 397 100 521 0 566 0 72 60 222 23 0 0 0 4 55 17 0 0 0 219 380 0 128 0 1 6 147 0 16 0 0 131 17 0 0 20839 5742 33 83 0 10 9 9 0 309 0 0 0 142 0 0 0 0
 26 86 213 237 0 4 127 4488 450 166 7 56 44 175 94 0 79 21 221 0 152 209 140 88 168 0 0 102 441 32 158 0 0 94 79 97 91 0 0 94 0 0 0 211 53 216 771 0 0 0 0 0 7 8 0 0 47 84 0 451 0 15 4747 1112 547 0 0 0 5 0 0 2 0
 300 1281 45 138 95 335 22 21 47 41 625 0 0 10 217 9265 473 2722 7093 6584 4624 1233 867 1921 696 1253 0 0 824 460 587 0 1038 695 414 252 305 9978 598 1537 388 0 316 71 0 0 37 0 0 3 12 0 0 0 0 0 0 105 0 0 0 0 7 58 0 0 0 3552 1025 0 0 0 0
 30 2 8 28 108 196 115 65 72 981 55 0 61 13 169 0 0 48 236 980 14119 1547 3688 1003 1766 430 108 0 108 401 229 27 0 1114 1048 1396 582 0 1681 1895 1156 2154 2035 0 669 418 906 0 54 0 0 0 6 62 0 0 5 0 0 0 37 0 0 0 0 0 0 0 0 0 0 7920 0
 0 0 0 1 0 0 0 0 7 653 111 759 464 397 8 0 0 0 3 0 2 405 1 0 0 0 0 0 0 0 0 0 0 0 0 0 0 0 0 1 0 0 0 0 0 0 6 0 0 56 0 0 0 0 0 0 4 14 0 0 0 0 0 40 0 0 21897 7297 9 0 0 0 0
 0 1 126 0 1 0 0 0 6 1 13 0 58 0 0 0 11 3 1 0 685 4 23 134 0 181 3 0 0 0 0 17 0 37 4 0 379 0 0 22 99 901 0 0 0 0 0 0 4 0 146 0 0 0 0 0 7 4 0 4 17 0 0 1 0 0 0 0 15 0 0 0 0
 636 0 1 2 3 2 404 0 85 207 14 0 0 36 4 61 14 0 214 0 0 29 18 208 47 0 0 985 574 280 0 0 0 138 79 296 89 1184 0 426 0 366 367 860 233 12397 256 35 511 0 111 81 131 0 101 2 0 27 106 377 2765 15 0 0 0 37 0 218 31 0 0 0 3
 496 69 7 6756 3357 176 943 89 6 7 36 0 1127 0 813 518 503 105 121 270 62 373 49 320 381 0 0 13 331 558 224 0 1181 548 1717 0 73 0 0 182 194 0 238 955 462 312 389 219 1001 784 460 3666 554 364 473 227 0 619 51 0 212 477 22 0 102 358 0 1933 27 14 0 0 0
 0 18 50 25 28 214 208 57 20 0 57 0 0 0 0 0 0 0 0 0 1 3 0 2 0 0 0 0 0 0 0 0 0 0 0 26 0 0 938 871 545 0 0 109 154 52 0 0 129 0 0 6 0 3 1617 15 0 8 0 0 0 215 0 1494 0 0 0 108 1 0 0 0 0
 13 34 385 880 15 74 0 0 0 0 0 0 0 27 0 0 0 0 0 0 0 0 0 0 0 0 0 0 0 0 0 0 0 3 0 0 0 0 0 2 350 0 0 0 1 0 0 0 0 0 0 0 0 0 0 0 0 0 0 0 0 0 0 15 72 0 87 0 2 0 0 0 0
 0 0 0 48 61 798 108 140 22 431 50 0 0 0 0 0 0 0 2 0 0 0 0 0 0 0 0 0 0 0 0 0 91 3 0 0 0 9 0 2 566 0 0 0 6 1 0 0 0 0 0 0 0 11 46 0 0 0 0 0 0 7 0 0 0 231 0 0 0 0 0 0 0
 0 0 0 16 12 117 0 45 1 1220 475 0 1 0 32 0 0 0 14 0 0 0 0 0 0 0 0 0 0 0 0 0 0 12 0 0 0 0 0 0 2 0 0 5 4 1 1 0 0 0 0 0 0 0 23 0 1 0 0 0 0 0 0 62 0 0 0 0 0 0 0 0 0
 3 0 0 1 0 1 0 29 4 54 19 0 46 0 15 8 0 0 112 0 8 48 33 70 0 0 0 0 2 8 0 0 0 49 33 368 494 35 130 213 322 0 0 55 67 935 163 308 283 0 85 187 60 97 246 248 109 468 310 75 102 30 2 83 0 0 0 0 3 0 0 0 0
 1 0 3 5 14 0 0 0 0 0 0 0 0 0 1 156 0 151 128 78 14 40 0 0 0 256 0 0 595 0 0 0 11 185 0 0 3 4 0 23 0 0 0 0 0 1 0 0 4 0 0 3 0 0 0 0 0 0 0 0 0 0 3 0 0 0 0 0 21 0 0 24 7
 0 0 0 0 0 7 18 28 8 9 40 0 441 333 72 9 1313 204 175 99 15 1 1 0 0 0 0 0 32 0 0 281 180 138 5 198 75 0 1 0 70 484 0 2 384 65 144 41 89 1082 331 371 567 2085 230 104 614 138 89 7 377 54 113 1170 0 583 0 5 65 231 0 0 0
 25 25 12 0 772 1 32 0 0 13 3 0 52 53 2 8 0 0 0 146 32 4 206 0 75 110 0 0 26 0 0 119 3 28 0 72 3 0 45 37 0 0 0 287 2 13 65 0 344 0 38 250 1071 319 451 205 121 146 492 389 474 819 262 0 0 58 0 241 236 0 1413 683 0
 189 36 71 271 25 0 218 410 32 40 181 0 778 0 20 23 81 31 0 0 0 0 0 0 0 0 0 0 6 0 0 0 2 3 0 0 1 10 0 31 12 0 0 0 16 0 0 0 0 0 0 0 10 11 27 0 0 1 5 0 0 5 3 9403 0 0 0 0 335 64 0 0 27
 4 60 31 0 10 0 0 2 174 31 14 0 544 10 2 0 35 0 0 0 0 0 0 0 0 0 0 0 3564 1811 0 0 0 0 0 0 0 21 0 2 1 0 0 83 4 3 1 0 0 0 0 0 1 0 6 0 93 7 8 1 2 1 2 0 5 0 0 0 992 0 0 0 0
 1 7 1932 1 117 4 0 0 9 0 0 0 387 1 38 0 291 606 25 0 0 4 0 0 0 0 0 0 0 91 0 0 7 2365 0 100 0 0 0 1 0 2 0 0 46 0 1 0 55 0 0 0 9 23 0 0 26 9 474 0 2 328 64 197 0 0 0 0 356 0 0 0 2175
 1262 2076 700 250 692 351 221 368 100 204 410 0 0 0 0 0 456 0 0 2 21 268 0 0 0 0 0 162 0 0 0 0 0 0 0 0 0 1039 524 1 0 0 0 0 42 0 0 0 0 0 0 0 0 0 0 0 0 0 0 0 0 0 0 3 0 0 0 0 0 0 0 0 0
 0 0 0 0 0 0 0 1 203 0 0 0 24 0 0 30 35 53 0 610 57 0 0 0 0 0 0 0 0 0 0 0 2 36 0 0 1 5438 1911 12 25 0 0 0 3 0 21 0 7 0 0 4 9 3 6 1 8 106 0 0 18 47 0 24 0 0 0 0 5 0 0 0 0
 4 0 4 0 154 247 203 0 725 212 0 641 11 247 93 0 27 73 0 0 267 12 41 0 0 229 87 302 0 260 0 0 14 0 0 0 0 0 0 0 0 1444 130 523 3 0 0 0 0 0 0 1 0 0 1 0 1 0 0 0 0 0 0 0 0 0 0 0 12 0 0 0 0
 3 4 11 0 2 42 3 31 1 7 2959 0 3 788 2469 137 0 0 11 0 2091 0 13 74 0 0 0 0 0 0 0 0 11 0 81 0 0 0 0 0 0 0 0 0 528 0 0 0 0 0 0 0 0 0 9 0 16 36 7 17 1 78 0 1 0 0 0 0 0 0 0 30 0
 0 0 0 0 69 93 0 6515 8 953 0 0 15397 9005 728 451 1520 13 1009 1637 121 73 727 11 0 0 0 4 880 1992 0 0 0 205 0 0 174 94 440 7 48 0 0 11 12 6 1 0 95 0 0 0 0 0 4 1 14 0 2 4 0 7 0 0 0 0 0 0 0 0 0 0 0
 22 0 8 0 14 207 87 7 10 8 0 0 94 0 5 23 0 0 1 0 673 3356 168 0 0 0 0 0 0 0 0 0 27 90 0 145 0 609 4 554 0 0 6 54 52 6 65 0 3 0 0 39 0 116 137 51 10 0 0 0 13 7 37 1 18 0 0 0 3 0 0 0 0
 36 0 0 0 88 101 56 2 75 373 76 0 189 0 26 55 0 0 0 0 57 74 35 0 0 0 126 47996 57 739 0 0 10 438 162 0 80 568 0 39 0 0 0 10070 37 99 72 0 5 0 0 4 0 0 0 0 0 0 2243 0 1 0 0 0 0 0 0 0 0 0 0 0 0
 0 0 0 0 0 1 0 2 0 33 0 17 41 0 14 0 0 21 0 44 55 14 77 0 0 62 21 0 18 10609 0 32 1 11 1967 0 0 28 0 1 0 0 0 0 0 0 0 0 75 0 0 0 0 0 0 0 0 0 0 0 0 0 0 0 0 0 0 0 1 0 0 0 0
 0 0 0 0 0 0 0 4 0 0 0 1 0 0 0 0 0 0 0 0 0 4 0 0 0 0 0 0 0 927 0 0 0 1411 3 0 0 0 63 15 7 196 0 15 179 15 12 0 0 0 0 0 0 0 14 24 1 1158 502 0 58 3 10 0 7 0 0 0 5 0 0 0 0
 99 0 57 0 36 74 0 3 26 9 63 22 2 0 0 0 5 0 0 0 27 7 54 0 44 193 35 224 6 59 0 0 198 456 63 441 0 0 54 0 0 111 107 0 0 33 0 0 0 0 3376 0 0 0 0 0 7 0 0 0 4 1 17 7 59 14 0 0 5 0 0 0 0
 0 0 0 360 22 5 0 1 6 21 0 0 0 0 11 0 0 0 0 18 9 2 5 3 0 0 0 8 49 0 0 0 14 192 64 0 0 289 13 7 838 15 0 23 0 75 325 246 91 88 2198 4 0 35 1201 20 2 9 3 0 0 7 0 0 6 0 0 0 59 179 0 0 0
 0 0 0 38 12 22 0 0 1 110 0 3 0 5 1 32 0 74 0 25 8 4 1 0 0 0 0 0 0 0 0 0 0 2 0 36 2 67 3 20 1 0 0 7 34 0 6 1011 107 0 0 45 731 246 90 882 672 189 18 85 689 110 13 0 1308 975 0 0 58 0 0 230 0
 21 6624 1048 380 6714 115 0 313 504 160 862 13 317 269 2269 768 1533 4130 1025 999 400 7634 1821 0 0 65 2736 1841 1579 40 734 21 747 172 117 131 86 249 191 0 19 1137 234 487 0 274 735 1181 407 1592 1182 352 377 352 629 31327 555 4 4807 14473 2832 771 446 6961 2488 2078 773 0 3892 0 0 5 204
 11 15 0 4 26 81 12 0 1401 693 50 659 11 160 30 510 54 82 0 0 43 170 53 0 0 0 183 21 218 56 0 0 41 125 0 39 9 0 179 0 37 0 0 0 65 80 155 4 427 0 0 33 42 219 324 28 87 276 71 160 158 188 1913 1995 9 293 5094 5704 1142 0 6265 310 700
 0 3820 250 44 0 0 0 0 0 0 0 0 0 0 0 0 0 0 0 0 0 0 0 0 0 0 0 0 0 0 0 0 0 0 0 0 0 0 0 0 0 0 0 0 0 0 0 0 0 0 0 0 0 0 0 0 0 0 0 0 0 0 0 0 0 0 0 0 0 0 0 87 2551
 0 346 407 296 600 1702 560 357 1609 613 433 5913 81 1205 418 715 227 1259 0 109 276 4202 374 540 7733 1770 739 127 5131 2128 0 0 1273 2586 4171 2815 235 194 658 1193 167 94 0 23 361 206 415 321 927 0 438 0 247 482 1359 298 1751 956 334 439 331 396 4167 1375 0 51645 20780 2957 7732 4586 0 4676 721
 1400 8982 748 3258 54 2497 4120 386 1253 106 9 971 615 227 46 24195 9584 418 17258 169 1371 624 2240 0 2509 0 654 594 4088 431 1704 3821 1461 2114 0 2697 2532 78 222 558 1077 2658 2931 477 1960 1237 1787 395 711 950 0 645 444 347 406 3082 1233 1575 863 836 3421 3198 763 7187 1375 1102 1159 0 1525 1208 471 0 3022
 9729 1044 1608 1559 4898 8766 11095 498 6175 560 187 150 1468 1518 0 0 5 53 270 535 102 102 2501 208 102 1854 70 206 81 522 0 137 12 0 296 198 0 650 0 178 489 39 1333 498 7 129 119 380 0 379 0 290 281 348 87 35 86 0 134 113 178 272 957 84 344 0 0 0 0 0 676 1058 0
 216 382 323 3831 1353 16 2096 10824 65279 14742 1932 3295 3796 520 0 3102 112 65 22 1676 10760 139 871 0 0 801 9297 112 39 990 355 0 1472 54 129 25 584 193 267 6 55 0 360 126 1278 878 357 1160 0 669 503 0 49 0 379 239 256 70 368 70 359 58 55 69 67 62 0 0 0 0 0 210 68
