36
 8490 2181 42 467 0 0 0 0 0 0 0 59639 0 83 0 0 0 0 0 0 11 3 0 56 0 105 23 0 0 0 0 0 0 3 0 5
 0 0 0 0 0 0 2 0 0 0 0 0 0 0 0 0 0 0 3 0 0 0 0 0 3 16 512 0 0 120 5 0 16761 2868 24 439
 0 0 0 3 0 0 0 22546 3353 773 18 13 21 1 0 0 7 0 2 143 54 119 0 0 0 0 0 0 0 0 0 0 1 1 0 0
 0 0 0 0 2 0 0 0 0 0 0 0 0 0 1 0 0 7 0 0 392 88 0 0 39 42 1202 0 546 182 1731 0 0 277 7 0
 0 0 0 0 0 0 440 0 1 0 343 0 4599 0 3 0 41 0 0 43 3 21 0 0 8 0 0 0 0 0 0 0 0 7 0 0
 0 1 1 1 0 0 0 0 0 0 0 0 2 0 2 0 1 0 0 0 5 5 0 0 1112 0 0 15 0 0 3064 4127 1150 300 0 0
 11 0 1 1 0 1972 1 223 0 0 0 0 0 104 1 0 0 0 1 235 13 5 0 0 1 0 0 0 2 1 1 0 0 0 0 0
 0 0 0 0 0 1 0 2 0 0 1 2 0 0 2 0 0 2 1 14 2 0 22 1225 9 3140 110 22 2 0 168 253 0 0 0 0
 0 182 0 0 0 0 0 2 1 0 0 0 0 0 0 0 0 1 1 1 135 6 0 0 2 0 0 0 0 6 2448 4 0 5 3 64
 0 1 0 1 4 0 1 0 1 0 1 0 0 0 0 2 9 0 1 0 0 0 0 0 0 0 0 0 0 0 0 0 0 0 0 0
 22 239 0 0 0 0 0 0 0 0 0 0 0 0 0 1 0 1 502 23 8 20 0 0 0 0 3 5 72 1720 0 25 1 13 0 0
 0 0 0 1 1 0 1 0 1 1 3 36 0 0 7 0 0 0 0 0 0 0 0 0 0 0 0 0 0 0 0 8 4 0 0 0
 13 4458 0 16 0 0 12 154 9 33 7 0 4 3 1 5 0 331 0 0 346 136 0 0 31 46 0 0 2 354 2476 34 0 5 13 71
 0 4 0 2 3 0 0 1 3 4 5 5 0 8 0 4 0 6 2 3 11 5 145 0 0 11568 58 0 110 0 0 75 0 6 31 1233
 246 1 0 0 0 0 0 0 5724 49 2 0 0 7 0 7 8 0 3 1 0 0 0 0 3 10214 0 106 158 99602 0 0 0 0 46 28
 0 41 0 1 2 0 1 0 0 0 0 5 0 0 0 0 0 0 0 2 0 5 0 0 220 0 0 33008 0 0 0 0 0 0 0 0
 13 3 0 211 0 0 11 3 0 0 189 6 1916 1662 0 19 0 0 2 0 1 3 0 0 234 0 0 311 20 33 0 394 24 0 0 278
 1735 148 21 0 7 1 13 0 0 0 0 3 0 0 2 0 1 0 3 0 3 1 0 0 3 0 25 0 0 0 0 0 0 0 0 0
 1 0 0 0 1 0 0 0 0 0 0 1 69 0 0 20 0 0 0 0 0 0 0 0 0 0 1619 79 26 8 0 11 0 0 0 90
 47 1 0 1 0 0 0 0 0 1 0 1 8 0 0 0 0 1 1 1 3 7 0 0 0 0 0 0 0 0 0 0 0 0 0 0
 0 0 0 0 0 0 0 0 0 0 0 0 0 0 0 0 0 0 0 0 0 0 0 0 0 0 0 0 0 0 0 0 0 0 0 0
 0 0 0 0 0 0 0 0 0 0 0 0 0 0 0 0 0 0 0 0 0 0 0 0 0 0 0 0 0 207 495 343 0 15 0 144
 4309 30 13 592 182 68 866 0 111 34 93 29 151 0 34 36 370 85 120 462 176 112 42 0 244 2 7 60 316 614 130 0 214 157 177 44
 0 49 22 15 33 63 28 0 32 94 43 37 138 196 31 205 148 43 15 50 71 4790 4927 3 14571 2747 8 24258 576 722 529 515 520 1293 545 3437
 5 0 8 0 0 0 0 0 0 23 1 1538 0 0 0 0 0 0 0 0 0 0 0 0 0 0 0 0 0 0 0 0 0 0 0 2
 0 0 0 0 0 2 6 0 1 0 4 0 0 0 0 0 9 106 19 1 1 1 0 0 0 1 0 0 2 0 107 0 0 0 0 0
 0 0 11321 0 104 255 0 0 0 7 0 10 2 0 49065 4 0 0 0 1 6 29 0 0 6 18 581 79 886 218 45 43 452 0 0 0
 6 5 5 8 7 0 0 0 2 2 0 5 3 1 0 0 0 3 0 8 12 3 0 0 4 94 0 36 149 0 0 379 521 0 0 162
 178 39850 0 0 4150 1608 0 0 0 0 0 0 0 0 0 0 0 0 0 3606 0 0 0 0 0 0 0 0 0 0 0 0 0 0 0 0
 0 0 0 0 0 0 0 0 0 0 0 0 0 0 0 0 0 0 0 0 0 0 0 0 0 0 0 0 0 0 0 0 0 0 0 0
 15 0 0 0 1 0 0 0 0 0 3 0 0 10643 2007 11372 4356 19 891 32 807 0 0 0 696 0 0 2 957 0 210 7 184 0 13 0
 5 3 10 0 1 0 1 0 0 4 0 0 0 0 42 22 0 11 0 31 116 0 324 0 374 4 0 0 3 1 0 212 38 1 0 12
 64 0 0 4 26 0 53 32 0 0 0 0 0 1878 469 3 0 0 232 769 147 943 0 0 220 411 0 0 13 22 0 0 25 938 0 188
 0 0 0 0 0 0 1 3 0 1 0 1 0 0 105 28 5 0 7 2 2 0 0 0 315 3 222 247 16 54 59 0 0 4 65 0
 22 0 27 0 24 24 4 1 0 0 0 0 0 0 0 14 3 1 32 11 15 8 0 0 92 9256 160 5 44 10 0 2 6 0 8 0
 0 0 0 20 6 7 12 4 0 6 4 3 0 0 0 1 0 2 0 2 6 0 0 0 0 37 16 0 20 15 17 0 0 28 127 68
