43
 8490 2182 42 379 0 0 0 0 0 0 0 59638 0 82 56 1 0 7 0 0 0 3 3 76 7 107 7 0 0 0 0 0 0 0 2 5 1 0 0 0 0 0 0
 0 2 0 0 0 0 0 0 0 0 0 0 0 0 0 1 0 3 19 533 0 73 110 4 0 16775 2870 66 458 0 0 0 0 0 0 0 22546 3354 774 0 14 26 0
 0 1 9 0 2 142 54 119 2 0 0 0 0 0 0 0 0 6 1 0 0 0 0 0 0 0 1 0 0 0 0 0 0 0 0 0 1 0 25 0 0 0 262
 0 1 27 39 42 1201 0 1114 184 1730 0 0 274 12 0 0 0 0 0 0 0 1459 0 0 1 343 2 4601 3 0 0 43 0 0 43 1 21 29 1 6 0 0 0
 1 0 0 0 10 5 0 0 0 0 0 0 0 0 0 0 0 1 0 0 0 1 0 0 7 0 0 0 3 0 0 0 1112 0 0 17 22 0 3103 4113 1218 300 0
 1 11 0 0 0 1025 1970 0 223 0 0 0 1 0 0 1 0 4 1 0 235 12 1 0 5 0 0 0 0 0 0 1 0 0 0 0 0 0 0 0 0 0 0
 0 2 0 1 3 0 0 1 2 0 0 0 0 14 0 0 33 1631 9 3094 93 23 1 0 169 258 0 5 0 0 0 183 0 0 0 0 0 2 1 0 0 0 0
 0 1 0 0 1 0 0 135 6 2 9 0 0 0 0 0 5 2452 17 0 7 2 55 0 1 1 0 0 0 0 0 0 0 0 0 0 0 0 7 0 0 0 0
 0 0 0 0 0 0 0 0 0 0 0 0 0 0 0 0 8 240 0 0 0 0 0 0 0 0 0 0 0 0 0 4 0 0 504 10 8 20 5 0 0 0 0
 8 72 1718 0 25 1 13 0 0 0 0 0 1 3 0 2 0 1 1 0 36 7 0 0 2 1 0 0 0 0 0 0 0 0 0 0 0 0 0 0 0 0 0
 0 11 3 4457 7 14 2 0 12 154 9 32 0 7 0 11 1 6 1 283 6 0 340 100 26 0 29 0 0 0 0 349 2466 10 0 0 13 75 0 0 0 0 0
 0 1 3 3 3 5 4 6 8 1 0 66 5 2 0 11 5 148 0 0 11672 57 0 0 0 2 75 0 0 24 1160 304 0 0 0 0 0 0 0 4767 38 0 0
 0 11 0 0 8 0 2 1 0 0 12 0 3 10216 1122 117 158 99602 0 0 1 4 57 29 3 40 0 0 0 0 1 0 0 0 4 7 1 1 0 0 0 0 0
 0 0 5 0 4 220 0 0 33012 0 0 0 0 0 0 0 0 17 0 0 213 0 0 14 3 0 0 127 0 1915 1661 0 19 0 0 0 0 1 0 0 0 200 0
 0 316 17 33 38 291 41 0 0 281 1738 145 0 0 8 0 13 0 0 0 0 0 0 0 2 0 0 0 0 0 0 0 0 0 0 0 35 0 0 0 0 0 0
 0 0 0 1 2 0 0 1 0 0 0 0 0 2 0 75 0 0 7 0 0 0 0 0 0 0 34 0 2 1632 0 20 0 0 9 1 0 0 97 0 0 0 0
 0 0 0 0 0 1 0 0 0 0 0 0 0 4 0 1 3 7 0 0 0 0 0 0 1 0 0 0 0 0 0 0 0 0 0 0 0 0 0 0 0 0 0
 0 0 0 0 0 0 0 0 0 0 0 0 0 0 0 0 0 0 0 0 0 0 0 0 0 0 0 0 0 0 0 0 0 0 0 0 0 0 0 0 0 0 0
 0 0 0 0 0 0 0 0 0 0 0 207 234 352 123 0 7 146 4313 0 15 593 0 0 867 0 0 0 33 21 175 1 51 0 370 90 120 464 175 0 0 580 0
 3 0 62 316 614 178 0 276 163 176 0 23 49 22 43 34 61 33 375 41 97 45 0 0 196 0 197 135 43 48 0 66 4788 5647 3 14571 2747 410 24265 512 144 117 520
 705 1298 583 3439 10 0 0 0 0 0 0 0 0 0 1 1538 0 0 0 0 0 0 0 0 0 0 0 0 0 0 0 0 0 0 56 20 0 0 0 0 0 0 0
 0 0 2 0 0 0 0 0 0 0 98 0 0 7 105 21 1 1 0 0 0 0 0 2 2 0 0 99 0 0 0 0 0 0 30 11321 0 104 254 0 0 0 0
 0 0 3 1 50207 0 0 0 13 8 0 27 0 396 6 23 573 86 676 181 47 42 453 0 1 7 0 4 0 2 8 6 0 0 0 0 2 5 4 0 0 0 0
 0 0 8 11 3 4 8 4 94 0 0 39 0 0 377 583 15 10 95 39 39923 0 549 4151 1630 0 0 0 0 0 0 0 0 0 0 0 0 0 3607 0 0 0 0
 0 0 1 0 0 0 0 0 0 0 0 0 0 0 0 5 0 0 0 0 0 0 0 0 0 0 0 0 0 0 0 0 0 0 0 0 0 0 0 0 0 0 0
 0 0 0 0 0 14 0 0 0 0 41 0 0 4 0 4 1 1 10631 2236 11372 4392 0 931 32 807 2 49 1 751 13 0 0 739 0 210 8 18 0 0 0 0 2
 0 0 0 0 1 5 11 3 1 9 0 0 41 22 6 0 1 31 3 0 370 7 388 3 0 0 3 0 0 211 39 0 0 10 64 14 0 3 8 0 0 0 0
 0 0 0 0 1892 470 0 14 0 234 723 133 1065 0 200 220 411 1 28 0 22 0 0 25 938 0 190 2 2 1 0 0 3 0 11 2 1 1 0 0 0 0 0
 5 0 6 0 0 3 6 4 315 3 240 253 10 46 58 0 0 4 0 0 24 42 23 19 24 0 4 0 3 0 0 0 0 0 16 14 3 1 37 0 0 0 2
 39 105 9259 158 10 41 10 17 2 6 3 0 2 0 18 0 20 6 0 0 4 1 0 4 14 0 0 0 1 3 0 6 0 0 2 5 2 2 37 21 0 0 3
 17 39 3 25 129 67 0 20 118 10 524 0 0 0 122 498 3 6 0 5 14 57 0 0 0 0 0 83 72 0 73 0 0 0 822 443 1 49 4 0 0 0 17
 4 4 2 0 14 0 0 1 0 8 0 0 3 54 6 0 2 3 0 0 1 1 0 2 4 3 2 3 1 0 9 3364 0 54 4 0 82 139 0 0 0 32 105
 8 633 25 96 0 65 612 158 2 1 0 11 0 0 0 14 108 0 0 0 20859 2899 30 39 3 2 16 0 30 14615 169 1754 904 3542 10 26 113 25 15 1 7 111 0
 37 139 211 96 118 15 120 74 210 5 0 16 7 20 31 9 7 24 7 0 74 37 50 23 5 0 0 1135 58 2 469 0 0 0 72 986 4 127 30 0 0 0 66
 0 0 6 0 173 0 15 0 0 0 0 0 0 20 50 0 0 0 0 0 0 0 6 4 2 0 0 0 0 0 0 0 0 0 0 7 14 0 28 0 0 0 0
 0 4 6 0 0 0 21 6 0 0 11 1 0 4 5 0 0 5 0 0 0 0 19 0 0 0 0 0 0 0 0 0 0 0 0 0 0 0 0 0 90 0 2
 0 0 0 0 0 0 32 2 0 0 0 0 0 0 0 0 0 0 0 0 1 0 0 1 0 0 0 0 0 0 0 0 0 0 0 1 416 38 0 0 0 56 0
 1 0 0 0 0 0 0 1 0 0 0 2 0 0 0 0 0 0 0 0 0 0 0 0 783 0 0 0 0 0 0 0 0 0 0 119 0 0 0 0 0 0 0
 0 0 0 0 0 1 0 0 0 1 0 0 1 1 1 0 1 1 0 0 21 0 0 0 2 526 0 101 0 0 0 0 0 0 0 0 0 0 0 0 0 0 0
 0 141 59 0 0 0 1 1 1 40 0 0 500 10 3488 192 59 125 101 0 61 40 28 12052 8290 10233 755 421 421 0 139 1073 0 22 11 565 11 36 20 52 110 0 21
 4 0 12 15 0 70 8 276 22 172 52 0 116 225 10 154 21 17 276 0 433 138 62 1 135 4028 793 130 237 7555 425 7 0 1911 92 0 3 3 117 0 102 0 0
 0 0 4 9 0 39 6972 110 258 86 251 142 132 0 164 179 1062 780 0 0 308 1051 79 444 1040 5 47 401 157 40 89 0 0 79 451 5 0 7 7 6 18 87 104
 249 138 0 245 227 200 211 102 139 18 9 232 147 405 62 21 0 18 1095 0 1 73 211 979 1 0 157 7 0 0 0 0 1 0 0 0 3 19 8 0 13 0 56
