67
 8490 2182 0 462 0 0 0 0 0 0 0 59639 0 84 0 0 4 0 0 0 13 0 4 79 7 107 0 0 0 0 0 0 0 5 0 0 1 0 0 0 0 0 0 0 0 0 0 0 0 0 0 0 0 0 0 0 0 0 0 0 3 0 545 0 69 115 0
 0 16775 2871 66 458 0 0 0 0 0 0 0 22543 3354 774 8 18 0 5 0 0 0 0 2 143 54 118 0 0 0 0 0 0 1 0 0 6 0 0 0 0 0 0 0 0 0 0 1 0 0 0 0 0 0 0 0 0 25 0 0 0 388 69 0 27 31 0
 1160 0 1114 187 1730 1 0 279 0 0 0 0 0 0 0 0 1465 0 0 0 335 0 4548 5 3 4 0 0 0 0 0 20 0 1 0 0 0 0 0 0 0 0 0 7 0 0 0 1 1 1 0 0 0 0 0 0 0 0 0 0 1 0 0 0 0 0 0
 0 0 0 1112 0 0 22 14 0 3068 4125 1232 254 0 0 0 1 1 0 1022 1967 0 220 0 2 0 0 0 100 0 0 3 0 0 163 0 5 1 0 0 0 0 0 2 0 0 0 1 2 1 0 0 0 0 0 0 0 0 0 0 0 0 0 0 2 0 0
 0 0 0 14 2 0 33 1630 6 2739 0 23 0 0 169 0 2 8 0 0 0 158 1 0 0 0 0 0 0 0 0 0 0 0 0 0 0 0 0 0 88 0 0 8 0 0 0 0 0 6 2451 0 0 2 0 28 0 1 0 1 5 0 0 0 0 0 0
 0 4 0 1 8 9 0 0 0 0 0 0 0 0 0 0 0 0 0 0 0 0 0 0 0 20 107 0 0 0 0 0 0 0 0 0 0 0 0 0 0 0 0 503 0 0 0 9 4 0 0 2 0 70 1576 0 25 0 13 0 0 0 0 0 0 0 0
 2 0 1 0 0 36 7 0 6 2 0 0 0 0 0 0 0 0 0 0 0 0 0 0 1 3 0 0 0 0 0 4456 8 16 0 0 12 154 0 0 0 7 0 0 0 0 0 331 6 0 346 136 0 0 0 35 0 0 0 342 2477 0 0 0 12 0 0
 4 6 0 0 0 5 2 3 3 5 0 8 0 6 0 0 8 1 0 5 0 133 0 0 10889 59 0 93 0 0 0 0 9 0 1038 0 1 0 0 0 0 0 0 5722 47 0 0 0 13 0 2 0 0 3 0 0 0 17 0 2 10192 882 114 100 99595 211 0
 1 1 36 29 0 41 0 0 6 0 0 1 0 6 3 0 0 0 0 0 0 0 3 2 0 4 0 0 186 0 0 32998 0 0 0 0 0 0 0 0 0 0 0 234 0 0 0 2 0 0 189 8 1887 1728 0 0 0 0 2 0 1 0 0 0 230 0 2
 316 20 33 0 0 43 0 0 281 1742 136 22 0 8 0 13 0 0 0 0 1 0 0 2 0 0 0 0 0 0 0 0 1 0 0 0 0 0 0 0 0 0 2 0 0 0 2 0 0 0 0 0 0 0 0 0 1 75 0 0 26 0 0 0 0 0 0
 0 45 0 0 1521 80 24 2 40 0 2 0 0 97 45 2 0 0 0 0 0 0 0 1 3 0 0 0 0 0 0 0 0 0 0 0 1 2 0 0 0 0 0 0 0 0 0 0 0 0 4 0 0 0 0 0 0 0 0 0 0 0 0 0 0 0 0
 0 0 0 0 0 0 0 0 0 0 0 0 0 0 0 0 0 0 0 0 0 0 0 0 0 0 0 0 0 0 0 0 0 0 0 0 0 0 0 0 0 0 0 0 0 0 0 0 207 65 337 123 17 8 0 4248 19 15 581 211 32 730 12 39 33 102 29
 177 0 53 0 367 87 120 456 176 112 36 758 244 4 0 65 315 563 118 9 271 121 177 49 23 45 0 21 0 0 0 400 0 94 46 0 139 196 11 188 0 44 54 45 0 4703 5276 3 14571 2697 397 24263 576 720 0 434 718 1298 466 3287 0 0 0 0 0 0 0
 0 0 23 1 1538 0 0 0 0 0 0 0 0 0 0 0 0 0 0 0 0 0 0 27 20 0 0 13 0 0 0 0 0 0 0 0 0 1 0 0 0 0 42 0 0 0 0 7 1 1 0 2 0 0 0 0 0 1 0 116 0 0 0 2 0 0 33
 11263 0 104 254 0 1 0 2 0 9 0 1 50197 4 2 10 13 0 6 28 1 191 7 21 581 0 868 200 25 0 0 19 0 0 0 0 5 8 0 0 0 1 0 2 0 0 0 3 11 4 5 0 0 5 0 0 3 0 0 96 0 0 118 0 1 325 583
 12 0 163 167 39665 3 568 4085 1623 0 0 0 0 0 0 0 0 0 0 0 0 0 3607 0 0 0 0 0 0 0 0 0 0 0 0 0 0 0 0 0 0 0 5 0 0 0 0 0 0 0 0 0 0 0 0 0 0 0 0 0 0 0 0 0 0 0 0
 0 0 0 0 0 0 0 0 14 0 0 0 0 42 0 1 4 0 0 0 0 10527 2270 11372 4393 0 813 30 690 0 0 0 755 0 0 0 957 0 146 0 200 0 27 0 0 0 0 0 1 0 0 5 13 0 0 0 2 2 0 0 6 0 0 1 115 0 0
 0 365 4 0 0 3 1 0 211 39 0 0 0 64 5 0 4 36 81 37 30 0 0 0 0 0 1890 469 0 3 0 234 766 81 373 0 200 220 407 0 58 0 22 21 1 0 390 0 191 2 0 0 0 0 0 0 11 1 0 0 0 0 0 40 25 0 2
 7 0 1 2 6 5 315 0 241 262 12 54 0 0 0 4 65 0 24 3 23 0 19 24 0 0 0 0 0 0 0 0 11 0 0 0 38 11 13 0 0 38 97 9259 161 0 0 10 20 2 0 2 8 2 0 0 0 20 0 8 12 0 0 0 0 10 3
 0 1 0 0 2 7 2 0 2 5 2 2 0 41 0 20 14 0 0 3 26 54 68 0 21 0 10 310 0 0 52 0 578 0 0 0 57 15 55 0 0 0 0 0 87 0 0 73 0 8 23 824 430 1 0 0 6 0 0 36 0 0 0 0 0 0 1
 0 0 0 0 0 4 54 2 6 0 3 2 0 1 0 2 1 0 0 0 3 0 0 9 3364 0 93 0 0 0 0 0 0 0 0 0 8 636 22 93 0 62 528 158 0 0 0 12 0 0 2 17 111 0 0 0 20847 2813 31 39 0 5 0 0 30 14602 177
 1859 895 3540 10 0 113 25 0 1 39 301 0 0 139 0 96 0 16 101 0 210 5 0 16 13 0 32 49 0 0 32 0 0 0 0 0 4 216 33 1005 0 0 494 39 0 0 0 979 6 128 29 0 0 88 0 0 0 2 4 173 0 0 0 0 0 0 0
 0 19 0 0 0 0 0 0 0 1 8 4 0 0 0 0 0 0 0 0 0 30 0 7 14 0 25 19 0 0 0 0 0 0 0 0 1 20 0 0 0 0 0 0 0 0 0 0 5 0 0 0 0 20 0 0 0 0 0 0 0 0 0 0 0 0 0
 0 0 0 0 105 34 3 0 0 0 0 0 0 0 0 0 0 0 0 0 0 0 0 0 0 0 0 0 0 0 0 0 0 0 0 0 0 0 0 0 0 0 1 402 38 0 0 13 92 7 1 0 0 0 0 0 0 1 0 0 0 0 0 0 0 0 0
 0 0 0 0 0 0 0 0 187 1 0 0 0 0 0 0 0 0 114 0 0 0 0 0 0 0 0 0 0 0 0 0 0 0 0 0 1 0 0 0 0 0 1 1 1 0 0 1 0 0 0 509 5 0 0 0 0 0 0 0 0 0 0 0 0 0 0
 0 0 0 159 66 0 0 0 0 9 4 41 0 958 414 10 3469 240 58 7 105 44 65 40 30 12052 8286 10266 501 250 430 0 106 965 0 47 31 563 0 29 0 52 112 75 23 0 0 0 15 14 69 0 276 0 131 0 0 114 195 10 151 0 6 0 491 396 139
 50 0 91 4027 847 0 248 7554 411 48 19 1911 71 15 0 3 0 0 99 0 0 0 0 4 9 0 39 6960 108 183 86 235 117 0 0 0 179 1057 761 85 100 310 1051 83 444 526 0 66 510 165 43 45 41 190 106 0 36 36 5 0 81 0 11 0 245 145 130
 246 225 200 211 100 143 18 0 228 150 406 62 0 0 0 1339 0 0 80 0 975 0 0 156 35 0 0 19 0 0 7 1 0 0 0 0 2 12 0 12 1838 165 21 19 83 0 0 0 33 23 126 32 6089 193 0 0 64 25 30 0 16 0 0 0 29 194 46
 40 69 13 0 16 14 32 26 0 26 147 26 28 17 0 385 0 16 79 52 34 96 37 77 551 0 0 283 3311 4096 777 430 8294 0 22 16 8226 391 0 0 168 6788 317 1732 56 4 36 0 118 69 747 473 77 2403 0 496 577 112 99 918 0 0 94 1760 496 1355 21439
 12274 4720 2628 4125 3656 116 45 724 910 1620 885 12 20 166 872 5 8 0 8 135 107 21 12 83 102 0 0 124 0 1070 386 387 6 0 157 1022 435 214 0 0 1012 46 13 315 211 1452 0 0 70 5194 11 169 26 0 0 0 0 0 0 1 0 0 29 0 0 5283 2944
 1722 361 49 4 88 31 1516 115 39 922 1563 179 599 45 13133 0 39 6 291 0 550 0 18 69 159 0 0 0 0 0 18 31 0 0 57 0 224 178 217 248 66 223 61 145 235 36 263 0 0 0 0 0 0 39 0 0 0 0 0 0 8 0 0 0 0 0 0
 0 6 0 0 94 45 0 1390 0 73 24 175 0 1 0 0 98 0 1 358 162 3432 28 625 30 14 0 0 0 0 0 7 6 0 0 0 0 0 0 0 0 0 0 0 0 0 0 0 1 1 2 0 0 4 0 0 4 82 0 32 192 0 0 0 302 106 0
 6 8626 24 8 0 2 0 0 0 0 12 1 2856 2304 6 2 0 0 0 0 2 220 162 130 23 0 0 163 0 0 131 0 59 0 0 0 76 19 23 230 157 0 312 0 0 0 0 18 0 13 5 0 59 49 115 0 33 9 24 651 0 151 32 0 96 36 42
 0 0 0 0 1 115 0 610 1 19 1 0 0 1000 5980 344 639 0 62 726 354 197 41 7670 3933 0 1342 46 48 50 166 36 654 7 68 0 1862 107 0 2505 727 444 228 2716 929 15 0 96 742 739 508 40 223 61 228 0 17 0 49 81 0 185 34 281 111 115 29
 58 185 291 0 332 350 133 0 156 188 17279 262 0 16720 9502 973 965 0 2587 456 1562 281 3284 633 673 26 341 470 0 0 0 36 242 0 68 0 1332 1049 174 3952 403 360 524 322 527 408 0 801 669 1919 61 496 906 879 1987 0 0 4514 0 465 71 236 46 322 5 43 284
 1304 82 299 281 122 151 218 2 42 2064 455 535 841 463 2921 2642 468 7527 386 394 1041 1292 928 1336 157 0 12 1975 0 0 564 1172 1662 119 151 3596 42 17 0 0 0 0 0 0 0 0 0 0 0 0 0 0 0 249 162 0 58 0 0 0 0 0 0 0 3 0 1188
 0 0 0 0 0 2 0 0 0 0 0 0 0 0 0 0 0 0 0 0 0 0 0 60 0 0 0 0 0 0 0 0 0 0 0 0 0 0 0 0 0 0 0 0 0 0 0 0 0 5 0 0 0 0 0 0 0 0 0 1 2 7 0 0 0 0 9
 0 473 4 0 2 0 0 1 0 0 0 0 0 0 0 1 2 0 0 0 0 0 0 0 7 0 0 0 0 0 0 0 0 0 0 0 13 16 0 0 0 0 30 1 0 0 0 0 0 0 0 0 0 258 213 0 3934 0 133 35 0 7 59 73 0 0 0
 2 66 27 559 9 49 563 0 1 1118 38 9 0 1 406 38 0 0 0 0 0 0 14 3 1 27 0 31 69 435 0 522 0 1271 0 89 141 219 23 0 0 0 4 59 0 0 0 0 218 380 1 302 0 0 0 0 0 17 3 24 130 17 0 0 20823 5498 31
 89 1 10 8 8 6 281 2 73 52 142 13 0 161 39 27 78 213 220 4 0 0 4473 450 163 0 0 0 164 93 0 83 0 0 0 152 209 144 88 178 0 0 99 442 32 485 0 326 93 70 97 58 0 0 94 61 0 41 198 55 213 771 0 0 0 13 10
 8 10 0 0 0 79 119 466 26 15 4847 1146 424 15 0 3 0 0 13 68 3 241 1281 43 137 76 0 0 0 0 0 624 0 0 0 217 9268 452 2725 6996 6600 4614 1231 867 1958 576 1112 830 2097 907 461 1226 1344 1074 695 366 75 330 9960 1327 1536 464 79 495 0 0 0
 38 15 2 3 39 0 0 0 10 2 0 105 0 0 0 3 8 56 0 16 0 3717 1012 457 8 0 0 0 0 0 0 109 80 0 0 72 982 15 35 9 0 169 0 0 43 179 481 14125 1547 3687 1103 2258 418 97 82 0 390 287 186 442 1090 1088 1370 0 561 1661 1874
 1176 2604 2164 504 670 428 902 90 108 0 34 0 0 0 18 0 0 0 0 0 0 0 6 0 0 0 0 0 0 0 0 8856 0 0 0 0 1 0 0 0 0 10 667 110 649 461 347 5 0 0 0 2 3 0 402 0 9 1 0 0 0 0 1 0 0 0 0
 0 0 0 0 0 0 4 0 0 0 0 0 0 179 0 70 0 0 0 0 0 0 9 0 0 0 0 0 0 0 0 4 22238 0 0 1 0 0 0 0 0 124 0 2 0 0 0 2 1 2 0 58 0 0 0 13 0 4 0 713 0 0 157 4 220 55 20
 125 163 3 42 136 66 4 0 498 81 23 37 28 1233 48 21 1 0 0 0 2 28 171 0 0 0 0 0 0 0 0 18 8 0 0 1 8 9 240 0 0 0 0 61 124 496 0 0 2 2 4 204 0 0 150 0 0 3 0 4 168 0 2 216 0 0 26
 22 210 138 7 1069 1029 582 285 189 103 85 138 0 287 89 1265 447 404 317 294 685 976 237 12408 600 219 0 179 0 0 0 0 79 0 0 27 106 387 2956 0 0 0 0 38 0 239 0 25 43 40 178 498 0 0 6668 2934 145 0 24 8 5 33 8 1148 0 755 516
 508 107 123 296 65 353 49 324 407 0 56 17 0 452 454 137 1358 0 1673 187 105 70 138 183 211 315 228 934 0 225 0 286 995 1201 495 3671 551 394 275 115 0 0 0 0 240 446 23 0 153 397 95 2009 0 228 15 0 17 0 0 42 21 28 221 2 0 0 0
 57 0 0 0 0 0 0 2 0 3 1 3 0 0 0 0 9 25 0 0 0 0 33 0 0 16 0 75 851 856 566 116 0 0 0 53 4 66 91 0 0 0 0 0 1616 0 960 8 0 4 273 164 0 1500 0 0 0 0 0 78 0 0 11 13 19 350 868
 19 75 0 0 0 0 0 0 0 30 0 0 0 0 0 2 0 0 0 1 0 0 0 0 0 0 0 0 0 0 0 0 0 0 0 2 356 11 0 0 0 0 0 0 0 0 0 0 0 1 0 0 0 0 0 0 0 0 0 19 87 0 309 0 2 0 0
 0 39 0 0 0 48 55 805 113 139 22 0 0 0 0 0 0 0 0 0 5 0 0 0 0 0 0 0 0 0 1 0 0 0 0 3 0 0 0 0 0 0 566 0 0 0 0 0 0 2 0 0 0 0 0 0 46 0 0 0 0 0 0 0 0 0 0
 261 0 0 0 0 2 0 0 0 0 0 0 0 118 0 45 3 1218 469 0 0 0 32 0 1 0 0 0 0 0 0 0 0 0 0 6 0 0 0 0 0 0 0 0 0 0 0 0 1 345 2 0 0 0 0 0 1 0 0 0 0 0 23 0 0 0 0
 8 0 0 10 117 0 0 221 0 0 0 0 0 0 0 0 0 1 0 0 0 10 7 57 0 116 0 0 0 0 14 0 31 0 0 45 27 69 0 0 0 0 0 0 0 0 0 0 30 370 489 50 218 348 119 182 61 117 0 935 149 307 0 0 146 56 7
 102 246 252 109 482 610 87 135 0 37 83 0 0 37 72 3 0 179 0 0 0 0 5 6 0 0 0 0 0 0 0 0 0 0 0 155 0 165 127 57 0 0 0 10 0 226 74 322 595 52 6 0 11 172 0 0 0 0 0 20 0 1 3 13 0 0 0
 2 4 380 5 0 0 0 0 0 1 3 0 0 5 0 4 14 0 0 0 0 0 0 0 239 70 0 0 0 0 0 0 0 0 0 0 33 0 441 340 0 0 1365 221 97 116 0 0 2 6 2 0 0 76 150 0 0 346 0 141 6 198 77 0 0 0 21
 695 430 7 384 59 0 326 468 1082 556 383 421 1533 229 101 614 138 97 13 328 52 37 1170 478 636 0 0 34 499 92 0 186 0 0 0 0 771 0 37 0 0 0 0 45 0 0 0 8 5 16 118 0 33 0 206 0 142 48 0 51 25 44 3 127 0 0 51
 94 41 32 80 0 30 0 36 271 0 14 0 0 344 222 38 243 1068 308 447 205 122 149 504 397 416 931 67 0 175 58 52 331 153 27 1858 750 296 40 0 0 119 24 0 209 0 29 34 162 279 780 0 17 22 5 34 0 0 0 0 0 0 0 0 0 0 0
 1 2 1 1 3 0 0 11 10 0 31 0 0 3 0 16 0 0 1 0 0 2 0 10 12 15 0 0 0 5 7 0 0 0 9148 0 46 0 5 330 0 0 0 26 1 0 0 6 10 0 0 0 105 22 0 788 546 10 0 10 0 3 0 61 0 0 0
 0 0 0 0 0 4046 1851 0 61 0 0 0 0 0 13 0 0 0 0 0 0 0 3 0 2 0 0 0 0 1 6 0 0 53 0 4 3 2 0 0 0 0 0 0 0 41 5 124 3 11 1 0 1926 0 0 4 0 24 0 0 0 10 384 0 34 25 264
 734 22 22 14 3 0 10 10 0 1 6 0 0 334 24 7 2323 869 134 0 0 0 1 0 2 0 0 0 0 1 5 56 0 0 1 13 22 0 0 0 0 0 199 2 294 0 188 145 3 186 244 289 424 600 70 2381 1265 2065 705 250 667 350 219 362 0 0 410
 85 89 266 0 0 525 0 0 53 21 269 0 0 0 0 1 140 52 0 0 0 0 0 0 1 0 1045 542 0 0 0 0 0 0 0 0 0 0 0 0 0 0 0 0 0 0 0 0 0 0 0 0 0 0 0 0 0 0 0 0 0 2 0 139 0 0 0
 0 2 0 202 0 0 0 0 0 0 30 0 41 55 626 78 0 0 0 24 6 12 6 6 1 0 0 0 35 28 0 0 5360 1827 0 20 0 2 0 0 0 0 4 3 0 0 0 10 0 6 1 0 106 0 0 18 12 17 0 0 20 37 6 0 22 4 0
 15 0 9 1 257 154 211 0 386 725 212 0 1163 11 226 93 33 46 90 21 0 253 104 40 92 18 225 69 258 38 130 22 0 0 0 0 0 0 0 0 0 0 1446 440 1479 0 0 0 0 1 0 0 0 0 0 1 0 0 0 0 0 0 0 0 0 0 0
 0 0 5 14 17 1 4 0 6 11 9 0 24 5 0 1 6 3311 85 1 782 2469 200 24 9 0 0 2049 0 0 95 14 0 0 0 3 81 0 41 6 0 0 0 0 0 0 0 0 0 0 0 243 0 0 0 3 1 0 0 7 0 18 0 5 0 0 0
 1 80 0 1 2 4 2 0 0 30 25 0 20 0 8 7 0 0 87 14 6514 8 953 12 329 15082 9062 709 0 1467 23 166 1675 0 0 727 27 0 17 27 0 333 2001 0 0 0 0 0 6 293 90 132 0 49 0 4 0 10 0 0 303 95 0 12 0 0 0
 0 0 15 0 1 5 0 0 0 0 6 0 2 16 0 0 0 0 8 8 0 8 24 14 207 0 0 0 0 1 3 0 0 0 0 0 311 18 0 678 3208 0 78 0 21 6 27 0 0 31 172 0 90 11 144 15 609 0 419 14 0 5 23 71 6 34 26
 0 0 8 44 2 312 62 0 17 1 2 0 13 9 0 2 20 20 0 12 0 2 7 9 136 0 0 0 0 0 101 0 0 0 0 11 151 180 0 0 58 0 36 0 15 0 54 0 35 97 9 0 48020 43 710 24 4 0 234 251 0 118 561 47 0 19 0
 23 10302 32 98 71 33 9 0 0 9 0 0 0 0 0 0 1874 0 0 0 0 0 0 0 2 0 0 0 0 0 0 1 0 0 0 0 0 7 0 0 33 0 29 0 0 0 10 0 21 29 52 0 13 0 0 4 209 0 0 55 10606 104 15 2 0 1795 0
