58
 8490 2181 42 467 0 0 0 0 0 0 0 59604 0 84 0 3 2 0 0 0 15 0 1 75 0 68 21 0 0 0 0 0 0 0 0 0 0 0 0 0 0 0 3 0 0 0 0 0 0 0 0 0 0 0 0 0 0 0
 0 0 3 19 544 0 73 84 0 0 16769 2871 66 460 0 0 0 0 0 0 0 22546 3352 772 18 18 23 7 0 0 0 0 0 129 0 94 0 0 0 0 0 0 3 0 0 0 0 0 0 0 0 0 0 0 0 0 0 0
 0 0 0 0 0 0 1 0 12 7 0 0 392 88 0 28 0 37 1202 0 1114 187 1724 0 0 281 25 0 0 0 0 0 0 0 1077 0 0 1 310 0 4074 0 3 4 43 0 0 0 0 21 29 0 0 0 0 0 0 0
 0 0 10 7 0 0 0 0 0 1 0 0 0 0 0 0 0 0 0 0 2 0 5 0 0 0 0 5 0 0 1111 0 0 0 0 0 3106 4123 1229 51 0 0 11 1 0 0 799 1054 0 0 0 0 0 0 0 0 0 0
 4 0 1 235 13 5 1 0 0 0 0 1 3 1 0 0 1 1 1 0 0 0 0 0 0 0 0 1 0 0 0 0 0 0 0 0 0 2 0 0 1 0 36 1631 0 3138 56 0 0 0 155 207 0 0 0 0 0 184
 1 0 0 0 0 2 1 0 0 0 0 0 0 0 0 0 1 0 135 3 0 8 0 0 0 0 0 5 2452 13 0 0 0 0 0 0 0 1 0 0 0 0 1 0 0 0 0 0 1 8 9 0 0 0 0 0 0 3
 0 0 0 0 0 0 0 0 0 0 0 0 21 240 0 0 0 0 0 0 0 0 0 0 0 0 0 5 0 0 0 0 0 0 0 0 0 0 0 0 0 1720 0 24 0 5 0 0 0 0 5 0 0 0 0 0 0 0
 3 0 7 0 2 2 2 0 0 0 0 0 0 0 0 0 0 0 0 0 0 0 2 0 0 0 0 4458 8 0 0 0 0 28 0 34 5 7 4 0 0 6 1 331 5 0 341 0 0 1 31 46 0 0 2 354 2476 35
 0 5 0 74 0 4 6 2 8 0 0 3 0 4 0 6 8 3 6 0 47 0 0 0 8 0 147 0 0 11662 0 0 0 0 0 73 0 0 30 1110 243 1 0 0 0 0 0 0 5484 49 2 0 0 0 0 2 7 0
 3 1 0 0 19 3 3 10216 1143 117 0 99602 256 0 0 4 29 21 3 33 1 0 0 0 0 1 0 6 3 0 0 0 0 0 0 0 0 1 0 0 0 4 220 0 0 32694 0 0 0 0 0 0 0 0 0 0 1 236
 3 0 15 3 0 0 189 8 1911 1570 0 18 0 0 0 0 0 0 0 0 0 0 0 316 4 0 32 401 43 0 0 151 1717 30 21 0 0 0 13 0 0 0 0 1 0 0 0 0 0 0 0 0 0 0 0 0 3 2
 0 0 0 0 0 0 0 2 0 0 0 2 0 0 0 0 0 0 0 0 0 0 74 0 0 0 0 0 0 0 0 0 0 0 0 0 1602 0 25 0 0 12 1 0 2 24 38 0 0 0 0 0 0 0 0 1 3 0
 14 0 0 0 0 3 0 1 0 0 2 2 0 0 0 0 0 0 0 0 0 0 0 0 0 0 0 0 0 0 0 0 0 0 0 0 0 0 0 0 0 0 0 0 0 0 0 0 0 0 0 0 0 0 0 0 0 0
 0 0 0 0 0 0 0 0 0 0 0 0 0 0 0 0 0 0 0 0 0 0 0 0 0 0 0 0 0 0 0 6 479 0 110 0 0 144 4313 0 0 594 156 15 865 0 103 0 0 19 0 3 0 0 154 89 120 464
 118 112 40 758 243 4 12 65 311 613 177 45 268 163 179 49 23 0 24 38 0 60 16 400 0 91 42 37 136 132 0 0 118 0 0 0 36 4790 5043 0 14311 2747 410 24257 573 709 554 0 0 631 0 3439 0 0 0 0 0 0
 0 0 0 22 1 1537 0 0 0 0 0 0 0 0 0 0 0 0 0 0 0 0 0 0 0 16 0 0 12 0 0 0 0 0 0 0 0 0 0 0 0 0 0 103 0 0 10 0 0 0 0 1 0 0 0 1 5 0
 0 0 81 0 0 0 3 0 0 0 11320 0 103 255 0 1 0 6 1 0 0 1 50206 1 0 0 13 9 6 0 0 259 0 0 0 0 887 213 25 0 453 19 0 26 0 0 0 0 0 0 0 1 0 0 3 0 4 0
 4 1 0 3 0 7 12 3 0 0 1 96 7 36 100 0 0 379 583 14 0 163 149 39921 0 566 4151 1629 0 0 0 0 0 0 0 0 0 0 0 0 0 3607 0 0 0 0 0 0 0 0 0 0 0 0 0 0 0 0
 0 0 0 3 0 0 0 0 0 0 0 0 0 0 0 0 0 0 0 0 0 0 0 0 0 0 0 0 0 0 0 0 0 0 0 0 14 0 0 0 0 39 0 0 2 0 0 0 0 10243 2270 11365 4028 0 932 0 806 0
 48 25 755 12 2 0 955 0 205 0 205 2 33 0 0 3 6 0 1 0 0 4 0 3 0 9 0 0 41 0 5 0 0 0 43 0 369 0 391 0 0 0 3 0 0 126 0 0 0 43 64 10 0 0 36 82 51 0
 0 0 0 0 0 1890 470 2 0 0 0 767 147 1066 28 199 217 401 1 61 13 6 21 0 0 938 0 191 1 0 0 0 0 0 0 0 0 0 0 0 0 0 107 22 0 0 0 2 0 4 6 4 0 0 241 262 16 43
 58 0 0 4 69 0 24 25 20 18 23 23 5 1 0 0 0 0 0 0 0 14 0 0 13 11 15 16 2 0 105 8853 90 0 33 0 4 0 0 0 0 0 2 0 0 0 0 0 0 4 0 0 0 0 4 0 1 0
 0 0 0 0 6 0 5 0 0 31 40 0 20 15 0 39 0 0 129 55 0 18 118 8 511 74 0 51 124 152 3 0 0 56 0 0 0 0 0 0 0 85 69 0 0 0 0 10 385 443 0 13 0 0 0 0 36 3
 0 0 0 14 0 1 2 1 5 5 0 4 54 7 0 2 0 0 5 0 3 1 0 4 4 3 3 0 0 0 3364 86 83 0 0 0 123 0 0 0 0 74 7 632 0 93 0 63 0 154 1 1 0 0 0 0 0 15
 105 0 2 2 20859 2899 31 39 0 4 0 1 26 14617 136 1803 902 3539 11 25 88 0 0 0 40 301 0 35 138 190 93 118 0 24 75 0 5 0 0 0 0 27 50 7 0 0 0 71 0 47 21 5 0 0 1136 0 8 493
 0 0 0 128 985 7 128 19 20 0 76 50 0 0 0 0 163 0 15 0 0 0 0 0 0 20 53 2 0 0 0 0 0 0 8 0 2 0 0 0 0 0 0 0 0 0 0 0 0 0 27 19 0 0 0 0 4 6
 0 0 0 16 10 16 0 8 0 0 0 7 1 0 0 0 0 0 0 19 0 0 0 0 0 0 0 0 0 0 0 0 0 0 0 0 0 30 0 0 0 0 0 0 0 0 31 2 0 0 0 0 0 0 0 0 0 0
 0 0 1 0 0 0 0 0 0 0 0 0 0 5 0 3 0 0 416 34 0 0 0 91 0 0 0 0 0 0 0 0 0 0 0 0 2 0 0 0 0 0 0 0 0 0 0 0 0 782 187 0 0 0 0 0 0 0
 1 0 119 0 0 0 0 0 0 0 0 0 0 0 0 0 0 0 4 0 0 0 0 3 0 0 0 1 1 0 0 0 0 0 2 528 27 0 0 0 0 0 0 0 0 0 0 0 0 0 0 0 0 0 156 66 0 14
 0 0 10 5 40 0 957 484 0 3481 240 59 125 213 0 61 11 30 12052 8268 10263 798 0 423 0 147 1073 0 46 31 0 0 7 0 52 112 74 13 0 0 0 15 7 62 0 183 18 176 0 0 115 225 0 0 21 17 318 577
 435 130 73 0 132 4028 343 131 193 7555 425 48 33 1911 61 13 14 3 119 0 100 0 0 0 0 4 9 4 5 6407 111 42 0 0 143 132 32 105 0 0 629 178 435 311 910 39 429 1038 0 81 497 159 60 0 27 190 0 451
 39 35 7 7 79 11 61 106 250 144 0 246 227 0 2 99 0 18 17 221 149 0 56 0 0 18 1339 2 0 68 0 979 0 0 154 35 0 12 0 0 0 3 0 1 0 0 0 2 0 2 54 1856 94 0 19 83 37 35
 2 31 23 126 35 6083 185 19 88 65 0 77 2 0 0 42 27 39 194 54 40 0 11 0 1 11 32 24 34 0 57 25 62 0 22 385 116 19 0 0 0 29 40 74 528 242 0 208 1137 4261 715 323 8367 0 33 124 8224 426
 29 0 189 6767 315 1667 43 0 499 592 0 24 748 133 33 2403 4 807 580 81 102 904 0 46 0 2222 504 1356 21439 12254 4477 2674 4105 3656 74 17 726 885 149 192 0 0 168 915 0 0 0 8 0 194 45 0 82 0 166 75 121 119
 1068 373 0 51 65 247 1518 426 221 18 0 1059 54 0 301 215 954 88 15 0 5197 0 162 25 0 0 0 0 0 0 0 0 0 0 81 1 5371 2868 1666 0 0 4 87 31 1525 110 0 923 891 178 632 0 13559 0 63 6 291 13
 682 0 19 70 161 1 0 0 0 41 18 30 6 97 42 95 144 179 318 255 99 242 4 79 25 163 654 0 0 0 0 0 0 0 0 0 0 0 0 0 0 197 0 0 3 0 0 0 0 0 0 0 0 0 1404 0 78 28
 174 4 0 0 0 122 0 0 469 156 3462 0 625 22 0 12 0 37 0 0 5 0 14 0 0 0 0 0 0 0 0 2 0 0 0 0 0 0 0 0 0 1 9 0 0 0 0 0 0 192 0 18 456 0 164 0 0 8626
 53 7 0 0 0 0 0 0 4 0 2896 2224 7 0 0 3 0 0 2 287 165 128 23 41 1 164 0 67 35 0 0 0 0 0 0 28 43 253 0 0 0 9 21 21 0 0 0 3 0 81 54 69 0 0 52 10 26 651
 80 169 0 0 137 33 58 0 0 0 0 0 115 0 0 0 0 2 0 0 999 6000 344 652 50 76 695 395 233 43 7491 3915 29 0 0 271 116 125 50 0 0 96 73 1574 237 183 2392 662 452 228 10206 927 0 0 198 743 739 510
 41 223 87 0 69 20 35 48 0 79 199 61 408 85 187 29 17 185 299 68 332 346 135 155 143 190 17279 262 1 16718 8446 943 841 0 2229 462 1633 216 2632 633 0 24 374 276 6 0 12 51 242 28 68 5 1131 782 155 4014 424 431
 525 331 0 410 0 953 600 2052 0 496 907 847 2006 37 0 4525 0 465 82 236 112 388 28 343 264 1311 82 293 294 110 0 217 271 30 2047 451 528 565 462 2249 2642 471 7588 380 198 1032 1294 918 1301 158 0 171 1921 0 502 661 1124 1680
 193 159 3591 42 23 94 0 0 0 0 0 0 0 0 0 0 0 0 0 1 257 160 0 0 0 2 0 5 0 0 0 0 0 1105 0 0 0 0 0 0 0 0 0 0 0 0 0 0 0 0 0 0 0 0 0 0 0 60
 0 0 0 0 0 0 5 0 0 0 0 0 0 0 0 0 3 0 0 0 0 0 0 0 0 0 0 7 0 0 0 8 0 0 0 1 0 0 0 0 0 5 11 0 255 0 0 0 0 0 0 0 0 0 0 0 0 0
 1 2 0 0 0 0 0 0 0 7 0 5 1 0 0 0 0 9 146 18 0 47 14 0 0 23 40 30 1 0 0 0 0 0 0 0 7 0 0 0 0 3940 0 133 0 0 0 0 27 23 0 0 0 0 13 564 0 49
 570 0 0 1117 29 8 22 0 414 38 63 0 2 0 0 6 18 8 0 38 14 33 30 428 77 521 21 1606 14 176 0 213 0 14 0 0 0 50 0 0 0 57 0 348 1 263 2 0 0 148 0 0 0 0 55 17 0 0
 20842 5736 32 87 0 10 0 3 6 0 0 0 52 128 0 21 160 47 27 0 212 217 4 0 76 4433 450 167 7 0 0 158 0 9 0 23 215 30 0 119 0 108 173 96 0 103 438 24 502 102 85 80 48 0 0 27 0 94
 121 4 43 0 0 215 772 0 69 2 37 0 8 0 0 0 42 84 122 427 36 9 4847 1146 534 15 0 3 5 0 0 60 0 284 1242 46 50 94 0 0 0 47 44 618 0 0 21 217 9266 472 2630 7092 6558 4158 363 868 1541 777
 1446 830 2051 0 450 1239 1360 1010 695 437 450 330 9978 1293 1016 361 73 514 147 0 0 30 0 0 0 38 0 0 0 0 0 0 0 0 0 0 3 0 0 0 0 3 3722 968 456 0 0 1 30 0 0 23 68 0 0 70 22 982
 55 34 60 16 166 0 2 24 0 1100 14132 1548 3689 1013 1556 440 101 96 152 402 293 648 0 502 1051 1440 582 729 1681 1838 1169 2591 0 370 0 423 874 83 0 0 0 0 6 0 14 0 0 0 8 0 0 0 0 0 0 0 0 0
 0 0 0 8635 1 0 1 0 0 0 0 3 3 0 0 110 785 464 0 0 0 0 0 0 0 2 405 0 16 0 0 0 0 0 0 0 0 0 0 0 0 0 1 0 0 0 0 0 0 0 0 3 2 0 56 0 0 0
 0 0 0 9 0 0 0 0 0 0 43 17 5 22070 6911 8 0 0 0 0 0 0 125 0 0 0 1 0 5 0 0 0 0 0 0 0 3 0 0 0 713 4 23 148 2 0 0 86 42 163 3 0 0 37 0 3 501 81
 23 37 98 1231 0 21 5 0 0 0 1 28 177 0 0 0 0 0 0 0 0 12 0 0 0 0 10 16 257 0 0 0 0 50 76 542 0 0 0 0 0 410 1 85 188 0 0 0 37 0 134 18 0 216 0 17 29 17
 212 138 0 1069 1035 587 284 194 104 85 135 87 297 41 1253 448 427 332 0 686 661 240 12404 590 5 511 216 122 83 121 0 0 0 0 0 61 0 2821 0 0 0 3 39 138 236 0 0 0 34 0 361 67 7 6517 3305 212 951 90
 8 7 36 7 1140 4 813 529 496 107 122 296 65 323 50 324 420 0 37 13 406 546 450 125 1333 548 1717 189 116 41 48 162 22 217 238 967 67 271 378 0 896 1214 496 3602 530 292 0 36 334 619 0 0 0 477 18 14 153 404
 90 2014 27 249 17 4 46 0 18 34 23 28 221 0 39 20 0 57 0 0 0 0 0 1 0 0 3 1 0 0 0 0 0 0 0 0 0 0 0 0 0 0 28 0 0 1352 0 448 116 0 104 155 0 0 69 149 5 3
 6 3 4 1507 17 974 8 0 0 271 214 0 1501 0 6 0 133 1 46 0 0 10 13 34 326 880 19 75 0 0 0 0 0 0 0 16 0 0 0 0 0 1 0 0 0 0 0 0 0 0 0 0 0 0 0 3 0 0
 2 0 2 1 356 11 0 0 0 0 0 0 0 0 0 0 0 1 0 0 0 0 0 14 0 0 77 19 88 0 121 0 0 0 0 0 33 0 0 0 0 61 805 103 100 22 0 0 0 0 0 0 0 0 0 5 0 0
 0 0 0 9 0 0 5 0 0 0 0 133 3 0 0 1 6 11 0 532 0 0 0 0 0 0 2 0 0 0 0 0 0 0 0 0 0 0 0 0 0 0 2 0 260 0 0 0 0 2 0 0 0 0 0 18 13 119
