44
 0 0 0 91 79 86 0 50 88 0 0 72 23 7 86 0 0 0 0 0 5 20 8 130 134 6 0 0 50 74 0 50 0 101 0 46 0 0 0 24 0 0 82 135
 67 0 0 32 95 80 0 23 0 114 0 62 104 47 84 44 0 0 54 30 0 40 0 73 22 23 0 62 33 0 0 39 0 77 81 23 0 109 9 70 86 0 87 0
 48 113 0 0 0 35 0 74 0 32 91 103 21 90 74 7 85 0 26 0 0 136 97 120 144 78 27 0 57 35 0 29 0 23 0 0 79 94 91 0 69 0 0 71
 0 0 96 0 66 118 0 77 122 76 96 112 124 0 15 0 8 95 30 99 0 12 111 9 116 74 0 0 99 50 57 35 0 66 68 0 70 15 60 0 0 0 57 0
 0 0 99 0 0 0 91 0 47 151 0 12 144 37 25 0 0 0 0 0 142 73 100 0 0 44 0 0 96 125 53 24 85 0 20 67 0 92 0 73 0 56 0 89
 0 0 0 0 79 0 0 0 78 61 0 0 0 0 0 0 0 0 0 0 92 0 0 0 0 56 0 86 79 0 0 44 0 30 0 0 42 0 0 85 0 0 0 0
 140 23 91 88 0 120 0 0 0 0 35 100 66 59 0 116 59 48 0 63 8 20 119 40 0 0 0 125 0 75 93 0 0 0 0 76 69 11 86 0 82 0 31 100
 0 0 0 0 106 35 88 0 69 0 0 28 27 0 0 24 0 29 0 121 24 95 86 30 0 122 0 0 44 8 0 50 0 98 159 62 0 70 0 80 0 0 0 48
 0 75 92 0 0 0 98 0 0 27 0 104 0 0 34 0 0 119 136 0 45 0 19 54 0 56 0 127 0 53 0 15 0 0 0 0 0 48 82 2 81 24 73 120
 96 0 0 0 0 0 75 75 0 0 0 40 84 59 65 0 0 0 0 0 0 0 122 88 0 75 0 40 99 0 35 64 0 0 0 128 100 82 0 0 0 0 0 73
 81 106 0 0 46 1 0 135 34 15 0 0 0 121 0 0 0 0 57 17 59 0 26 13 68 2 98 78 9 49 0 42 37 60 4 0 59 0 0 0 44 96 57 0
 0 0 0 0 0 78 0 0 0 0 54 0 0 0 76 62 0 0 0 0 99 57 0 0 56 85 92 0 0 0 0 0 0 65 85 65 0 0 0 37 74 97 79 42
 0 0 0 0 0 27 0 0 54 0 75 118 0 0 0 0 0 0 26 39 115 87 102 91 62 68 0 0 0 58 0 0 53 40 0 11 82 0 0 0 0 0 0 0
 0 0 0 76 0 132 0 51 96 0 0 51 69 0 64 0 75 0 0 0 41 91 100 0 0 88 0 0 0 70 69 0 0 0 0 10 0 40 0 0 0 0 0 0
 0 0 0 0 0 84 76 63 0 0 34 0 46 0 0 0 0 0 0 0 96 0 0 0 0 89 0 0 0 82 0 0 0 71 91 0 69 0 51 12 95 83 92 0
 58 0 0 65 0 70 0 0 16 60 43 0 7 77 56 0 0 19 0 0 92 0 108 0 35 0 48 114 103 66 0 92 0 0 46 54 0 109 0 75 0 0 95 0
 55 151 0 0 81 62 0 2 92 154 83 9 101 0 26 61 0 110 119 0 36 85 57 0 30 59 0 0 25 0 0 0 0 164 92 9 74 23 0 0 0 0 11 4
 57 35 40 0 32 30 0 0 0 11 84 29 8 83 17 0 0 0 84 0 124 0 0 56 57 0 41 90 0 0 0 131 0 0 0 29 0 94 85 0 0 85 82 0
 87 0 0 0 14 59 68 64 0 22 0 57 0 101 24 104 0 0 0 24 122 36 13 0 65 8 0 38 30 19 0 0 67 83 7 52 0 28 0 112 56 3 0 27
 13 0 65 0 44 22 0 0 81 144 0 22 0 123 42 105 50 22 0 0 27 0 100 0 19 0 0 0 61 153 81 0 0 32 147 14 0 0 0 0 0 65 0 60
 0 77 43 97 0 0 0 0 0 87 0 0 0 0 0 0 0 0 0 0 0 0 125 0 0 76 0 0 0 0 0 0 0 25 51 45 60 0 0 0 0 0 0 0
 0 0 0 0 0 77 0 0 81 74 15 0 0 0 115 76 0 102 0 57 11 0 70 0 126 61 0 0 0 95 0 0 0 90 54 12 80 30 85 0 0 24 27 53
 0 16 0 0 0 28 0 0 0 0 0 63 0 0 16 0 0 97 0 0 0 0 0 68 0 86 99 71 50 0 0 0 0 23 0 0 0 0 0 0 0 0 0 0
 0 0 0 0 72 33 0 0 0 0 0 23 0 19 135 88 23 0 91 31 20 2 0 0 0 74 39 77 0 27 83 0 0 109 9 110 20 67 38 0 80 37 72 65
 0 0 0 0 71 67 32 71 68 60 0 0 0 22 62 0 0 0 0 0 66 0 4 98 0 0 0 22 0 0 68 63 97 0 101 0 39 61 49 11 0 0 0 0
 0 0 0 0 0 0 68 0 0 0 0 0 0 0 0 80 0 47 0 46 0 0 0 0 50 0 0 110 0 0 0 0 35 13 45 86 0 35 0 97 0 92 98 45
 56 14 0 74 42 125 92 60 48 121 0 0 91 110 46 0 93 0 5 25 4 5 0 0 64 98 0 15 61 38 0 58 73 75 86 59 0 53 0 68 59 0 85 70
 52 0 0 89 72 0 0 91 0 0 0 97 68 0 0 0 85 0 0 51 35 92 0 0 0 0 0 0 0 0 87 0 79 117 0 6 24 77 0 0 0 57 0 0
 0 0 0 0 0 0 86 0 91 0 0 27 20 1 92 0 0 86 0 0 54 46 0 45 91 63 0 60 0 0 0 7 0 0 38 68 71 35 0 9 0 3 90 0
 0 59 0 0 0 64 0 0 0 101 0 51 0 0 0 0 80 11 0 0 39 0 0 0 112 3 0 81 76 0 0 0 0 57 43 0 97 0 49 92 58 0 0 73
 40 97 71 0 0 26 0 117 121 0 33 50 51 0 63 110 74 48 37 0 22 16 100 0 0 54 43 0 43 50 0 29 42 70 104 9 0 0 68 83 168 42 12 58
 0 0 0 0 0 0 65 0 0 0 0 39 10 89 28 0 16 0 34 93 46 40 88 57 0 82 0 94 0 93 0 0 0 0 123 0 97 92 0 0 0 0 0 0
 64 46 56 121 0 42 80 156 114 43 0 52 0 90 99 100 23 38 0 134 37 70 104 48 0 0 0 0 98 0 0 8 0 0 132 0 0 74 0 9 0 70 116 15
 0 0 0 0 55 0 61 0 93 81 0 0 0 100 0 91 0 75 0 0 0 0 0 0 99 0 0 0 75 0 0 41 65 0 0 0 0 0 97 38 0 0 0 0
 73 0 97 0 0 17 32 0 75 70 0 0 67 60 0 0 0 73 0 0 0 0 14 0 0 0 0 36 0 0 0 0 0 23 0 90 49 0 61 75 75 67 91 0
 0 0 49 79 0 44 0 0 31 0 66 0 0 0 53 0 0 0 0 0 0 0 55 0 81 0 0 0 0 55 0 0 78 100 0 0 0 0 0 0 0 0 0 0
 115 14 0 0 54 0 0 57 40 0 0 122 0 5 0 59 0 159 1 66 0 0 94 0 0 39 156 0 0 0 74 0 56 107 0 67 0 35 64 0 116 71 60 65
 53 0 0 0 0 18 0 0 0 0 83 71 76 0 59 0 0 0 0 72 99 0 19 0 0 0 0 0 0 85 98 0 0 51 96 30 0 0 94 6 0 68 0 63
 115 0 0 0 102 110 0 3 0 102 130 71 25 10 0 77 25 0 41 146 101 0 11 0 0 13 60 18 65 0 0 18 78 0 0 66 0 0 0 32 0 33 0 5
 0 0 87 90 0 0 77 0 0 76 44 0 122 11 0 0 64 48 0 50 66 67 1 35 0 0 0 34 0 0 0 92 0 0 0 75 80 0 0 0 0 37 0 0
 47 0 0 14 80 120 0 113 0 34 0 0 69 130 0 92 14 127 0 2 38 138 110 0 26 85 0 93 34 0 0 52 54 62 0 122 0 97 91 15 0 73 59 82
 38 63 67 47 0 91 66 65 0 107 0 0 56 50 0 58 14 0 0 0 80 0 115 0 63 0 85 0 0 77 0 88 0 23 0 66 0 0 0 0 0 0 0 100
 0 0 98 0 77 56 0 38 0 111 0 0 23 126 0 0 0 0 12 17 61 0 24 0 23 0 0 89 0 62 0 29 0 93 0 77 0 40 82 38 0 37 0 0
 0 100 0 90 0 47 0 0 0 0 96 0 129 41 51 86 0 34 0 0 19 0 46 0 85 0 0 61 136 0 0 18 0 43 82 7 0 0 0 104 0 0 96 0
