44
 0 40 9 0 49 0 100 67 0 0 60 9 0 0 0 0 0 0 77 0 90 39 33 87 84 139 0 34 47 0 0 0 100 0 0 135 0 13 124 0 0 0 29 0
 0 0 100 0 0 0 32 32 0 0 102 0 118 87 0 0 90 38 0 49 0 2 0 0 0 27 103 0 0 51 32 81 0 0 0 8 44 0 0 86 0 0 9 44
 0 0 0 35 0 92 0 0 51 0 0 0 0 56 0 0 78 0 0 0 86 0 0 16 0 21 83 0 0 0 0 0 0 0 0 0 99 56 28 82 0 0 99 52
 65 82 0 0 0 13 84 44 0 0 0 51 0 0 93 0 0 29 59 122 0 0 12 33 11 0 22 29 51 66 122 90 0 36 0 0 0 11 14 69 0 34 0 52
 0 0 20 68 0 98 0 57 67 0 19 24 42 0 0 0 57 0 0 0 0 57 13 36 0 63 0 0 102 0 0 86 68 85 95 0 26 64 57 75 26 0 0 0
 63 132 0 0 0 0 0 1 6 0 0 0 60 87 0 93 54 30 39 0 13 39 0 74 0 43 0 88 0 62 16 0 0 0 92 25 55 56 63 75 25 1 102 0
 0 0 23 0 48 70 0 22 40 0 57 0 49 130 89 36 90 49 0 72 0 62 81 85 47 78 42 30 0 0 90 76 0 111 0 91 32 0 0 0 0 3 40 0
 0 0 16 0 0 0 0 0 0 28 78 68 0 0 0 94 0 96 0 0 57 77 82 0 0 87 77 63 17 0 33 0 0 0 0 66 0 0 0 0 81 93 0 77
 46 58 0 46 0 0 0 79 0 69 0 38 109 22 0 0 0 0 87 29 10 0 21 0 0 49 0 85 0 0 66 87 81 0 0 0 40 0 0 58 92 0 4 0
 123 2 100 48 54 81 18 0 0 0 13 0 65 62 0 0 0 58 0 0 29 0 0 26 137 0 0 0 10 15 0 0 0 0 60 0 0 108 102 63 0 1 0 0
 0 0 42 61 0 33 0 0 11 0 0 78 0 92 0 0 54 0 0 12 0 0 0 58 0 0 66 53 15 67 31 0 0 0 0 1 80 64 0 80 0 60 0 0
 0 91 67 0 0 36 69 0 0 64 0 0 0 90 0 0 0 0 0 0 0 0 0 0 0 0 0 0 43 77 0 0 0 0 78 0 0 94 0 0 0 0 0 0
 38 0 73 72 0 0 0 29 0 0 59 57 0 0 0 36 0 0 72 0 98 0 98 23 0 34 52 0 0 0 12 0 70 86 0 57 65 50 98 0 45 2 0 73
 50 0 0 26 75 0 0 114 0 0 0 0 1 0 0 0 39 0 0 49 93 17 52 79 75 37 36 0 0 0 23 0 30 0 0 0 0 81 13 0 32 45 0 0
 57 106 24 0 99 88 0 48 61 92 17 5 65 119 0 0 0 49 50 108 131 98 43 135 55 0 58 29 0 91 0 0 48 87 67 0 14 9 78 17 0 81 6 0
 97 55 42 138 20 0 0 0 5 70 48 46 0 107 69 0 22 34 0 38 0 123 67 57 26 0 33 0 2 0 57 0 0 33 68 78 0 0 15 0 56 77 56 0
 54 0 0 70 0 0 0 87 39 25 0 13 72 0 86 0 0 67 37 26 63 13 0 0 0 34 62 0 37 25 0 0 0 5 0 0 38 0 10 0 0 5 36 31
 41 0 24 0 36 0 0 0 30 0 46 67 4 82 0 0 0 0 70 0 0 69 70 11 67 0 19 43 0 90 0 13 88 20 0 3 0 102 39 0 22 0 86 0
 0 8 53 0 35 0 41 112 0 63 89 9 0 99 0 119 0 0 0 18 64 0 64 0 70 0 44 141 41 89 44 84 54 0 0 91 19 0 24 0 0 28 17 0
 67 0 28 0 49 89 0 84 0 75 0 81 76 0 0 0 0 62 0 0 67 0 0 0 67 0 95 0 0 0 0 55 0 0 99 0 14 0 0 0 0 0 0 56
 0 64 0 49 71 0 30 0 0 0 54 31 0 0 0 96 0 91 0 0 0 92 88 0 44 87 77 0 0 0 0 0 0 0 72 93 0 28 0 50 49 0 0 0
 0 0 15 29 0 0 0 0 99 35 86 84 77 0 0 0 0 0 75 63 0 0 41 0 92 0 0 0 0 0 43 0 0 74 0 0 61 82 95 0 0 95 78 0
 0 52 29 0 0 44 0 0 0 88 88 1 0 0 0 0 64 0 0 90 0 0 0 0 0 46 0 66 26 0 82 0 76 93 0 0 80 0 0 0 0 0 0 99
 0 97 0 0 0 0 0 91 57 0 0 85 0 0 0 0 62 0 60 78 22 45 79 0 19 8 77 76 10 0 32 0 0 0 0 0 0 0 0 0 0 0 46 81
 0 32 24 0 39 80 0 95 26 0 17 25 31 0 0 0 39 0 0 0 0 0 84 0 0 56 0 0 113 0 19 0 62 0 17 44 0 0 0 0 0 0 29 0
 0 0 0 98 0 0 0 0 0 52 48 47 0 0 58 69 0 35 82 111 0 36 0 0 0 0 93 0 18 0 0 64 0 91 0 0 0 0 26 92 62 22 58 91
 56 0 0 0 37 88 0 0 29 47 0 5 0 0 0 0 0 0 0 0 0 128 81 0 78 0 0 0 28 86 0 0 0 1 0 43 0 0 118 0 103 91 8 0
 0 95 62 0 87 0 0 0 0 32 0 86 10 108 0 57 79 0 0 31 57 40 0 0 38 51 82 0 0 0 118 60 0 71 30 46 55 95 71 0 29 78 0 69
 0 76 88 0 0 57 89 0 85 0 0 0 96 23 59 0 0 70 0 113 65 14 0 0 0 0 0 39 0 96 0 0 99 78 0 86 0 16 0 0 0 0 15 74
 19 0 12 0 5 0 95 118 48 0 0 0 60 137 0 76 0 0 0 116 71 50 8 96 52 63 0 48 0 0 102 0 0 43 0 79 0 67 0 0 26 39 72 0
 60 0 83 0 48 0 0 0 0 74 0 0 0 0 83 0 56 77 0 109 102 0 0 0 0 16 53 0 92 0 0 0 0 0 0 11 0 0 32 50 7 0 80 0
 72 0 12 0 0 26 0 46 0 71 88 44 103 65 49 58 18 0 0 0 77 51 70 12 48 0 133 0 75 44 28 0 0 37 62 0 30 74 12 0 0 88 64 85
 0 38 115 54 0 80 1 109 0 37 73 87 0 0 0 57 66 0 0 52 4 32 0 30 0 20 2 45 0 19 31 39 0 0 9 92 96 107 72 9 75 0 0 0
 17 0 19 0 0 41 0 121 100 53 89 55 0 96 0 0 0 0 82 13 77 0 0 20 81 0 0 0 0 0 100 0 84 0 47 41 77 39 0 55 108 33 65 0
 26 105 37 22 0 0 97 98 33 0 37 0 101 84 0 0 48 57 28 0 0 70 30 59 0 51 93 0 69 1 21 0 0 0 0 37 0 0 74 52 0 0 0 0
 0 0 43 100 83 0 0 0 21 76 0 29 0 97 37 0 61 0 0 16 0 11 57 74 0 26 0 0 0 0 0 68 0 0 0 0 0 0 17 79 78 0 74 0
 129 0 0 47 0 0 0 41 0 15 0 52 0 55 0 64 0 45 0 0 16 0 0 133 80 2 7 0 34 27 16 0 0 0 6 2 0 0 51 27 0 29 0 73
 0 29 0 0 0 0 68 70 87 0 0 0 0 0 0 92 88 0 90 110 0 0 60 75 100 89 68 0 0 0 69 0 0 0 72 76 60 0 95 0 39 54 0 0
 0 55 0 0 0 0 52 94 70 0 88 11 0 0 0 0 0 0 0 59 59 0 73 60 51 0 0 0 34 78 0 0 0 39 0 0 0 0 0 19 23 0 26 0
 12 0 0 0 0 0 83 38 0 0 0 94 67 3 0 53 98 125 89 3 0 57 61 26 43 0 81 2 19 77 0 99 0 0 0 0 0 68 0 0 130 0 24 0
 30 97 52 34 0 0 51 0 0 0 29 61 0 0 81 0 84 0 55 69 0 68 90 58 67 0 0 0 100 0 0 20 0 0 56 0 80 0 0 0 0 73 0 0
 49 56 58 0 16 0 0 0 76 0 0 100 0 0 0 0 0 95 0 12 108 0 43 108 100 0 0 0 91 0 0 0 64 0 0 55 0 0 81 35 0 0 60 0
 0 0 0 82 45 0 0 86 0 0 14 28 97 73 0 0 0 0 0 119 55 0 28 0 0 0 0 88 0 0 0 0 70 0 95 0 88 80 0 0 85 0 0 0
 119 0 0 0 82 103 65 0 38 52 84 115 0 103 77 144 0 32 73 0 13 48 0 0 56 0 62 0 0 77 12 0 55 62 3 33 0 43 56 16 35 7 112 0
