44
 0 0 47 0 28 0 0 32 86 0 58 8 31 0 0 11 0 0 0 78 23 28 0 0 0 119 0 17 0 0 0 0 98 0 0 74 71 43 0 0 0 87 34 0
 102 0 0 89 56 110 82 18 80 30 36 19 0 12 0 78 61 97 6 0 0 0 56 42 43 0 62 36 76 31 0 1 68 35 2 109 79 109 39 17 0 69 70 0
 0 65 0 89 43 33 52 38 0 53 35 0 77 0 17 5 0 0 84 8 87 0 85 104 37 0 0 0 2 0 83 0 51 78 57 53 74 80 34 0 12 49 0 17
 124 0 0 0 0 0 2 111 0 0 0 0 98 0 0 57 73 0 85 0 68 0 64 78 56 68 0 21 21 0 0 54 0 0 0 11 84 0 24 0 36 0 0 99
 0 0 0 75 0 84 84 0 45 96 72 56 0 0 0 0 0 0 36 0 0 0 0 30 111 19 0 0 35 17 29 53 76 0 92 99 0 96 0 54 42 75 12 82
 98 0 0 69 0 0 0 0 16 0 0 0 0 79 78 114 21 0 0 88 0 0 0 0 69 0 0 11 9 0 40 101 82 3 47 0 0 0 58 0 0 0 86 0
 8 0 0 0 0 73 0 37 0 52 29 42 39 46 0 71 0 0 101 93 46 0 54 78 0 0 0 54 0 74 0 24 0 0 44 71 91 23 67 0 46 65 32 65
 0 0 0 0 76 59 0 0 44 51 0 57 36 0 94 66 0 98 20 0 78 0 27 0 0 0 0 0 87 0 93 0 0 0 0 41 0 47 0 0 103 97 111 0
 0 0 73 8 0 0 37 0 0 72 0 15 0 39 76 0 0 0 23 0 60 0 25 0 37 63 0 0 0 92 0 19 0 0 0 0 0 51 49 0 0 0 0 0
 67 0 0 43 0 97 0 0 0 0 0 34 0 0 0 91 0 95 84 100 62 0 44 88 0 0 0 0 69 0 47 0 0 0 21 73 63 0 0 0 0 0 0 100
 0 0 0 82 0 96 0 58 52 37 0 61 0 0 0 0 0 22 76 0 103 0 0 0 80 97 0 68 29 0 33 0 0 0 0 0 0 19 0 0 0 0 0 0
 0 0 94 67 0 83 0 0 0 0 0 0 0 42 0 0 0 81 9 44 74 0 0 0 38 82 0 0 0 51 12 67 60 36 48 0 0 0 83 0 39 0 6 61
 0 73 0 0 9 70 0 0 57 49 8 94 0 0 43 0 64 0 12 0 71 0 21 64 23 23 23 0 43 29 0 54 36 0 16 0 0 31 65 0 21 36 0 0
 63 0 56 3 44 0 0 32 0 0 106 0 30 0 19 52 16 73 63 71 33 0 54 0 40 0 0 16 0 15 0 101 0 48 0 0 71 42 11 0 3 0 0 0
 34 96 0 32 10 0 72 0 0 45 10 125 0 0 0 28 63 0 70 67 3 0 51 60 27 17 0 0 0 0 15 20 0 71 0 47 27 0 14 0 0 0 26 0
 0 0 0 0 29 0 0 0 83 0 91 60 93 0 0 0 0 0 0 98 86 59 0 0 0 94 0 0 0 40 0 0 0 14 0 65 71 0 0 0 36 64 97 0
 17 0 74 0 40 0 35 11 66 61 30 77 0 0 0 29 0 0 0 0 0 0 17 0 22 3 0 11 107 0 0 0 100 29 104 64 0 0 95 40 0 125 59 7
 23 0 20 73 47 99 7 0 36 0 0 0 50 0 35 116 62 0 67 30 82 77 44 78 57 0 0 0 77 89 0 0 0 0 0 72 0 38 17 0 0 8 74 0
 89 0 0 0 0 68 0 0 0 0 0 0 0 0 0 21 71 0 0 0 22 60 31 62 68 0 0 30 11 25 3 32 0 0 106 0 0 38 0 0 116 6 34 0
 0 57 0 57 56 0 0 7 44 0 18 0 78 0 0 0 98 0 59 0 0 100 64 0 63 13 92 111 0 0 0 5 0 85 66 0 0 42 0 61 37 49 105 47
 0 44 0 0 46 77 0 0 0 0 0 0 0 0 0 0 40 0 0 18 0 86 0 0 0 0 65 81 80 46 0 0 99 71 0 0 0 0 0 0 0 0 0 93
 0 23 18 42 20 84 5 52 1 53 32 10 1 14 60 0 47 0 0 0 0 0 30 40 0 76 114 55 0 110 46 94 12 80 0 0 79 0 12 67 0 82 21 52
 45 0 0 0 82 37 0 0 0 0 96 72 0 0 0 81 0 0 0 0 17 0 0 0 21 0 39 58 96 0 0 24 0 97 0 0 0 0 67 0 36 0 0 17
 66 0 0 0 0 32 0 64 19 0 11 33 0 68 0 32 3 0 0 24 44 0 18 0 1 0 0 54 28 57 0 0 0 14 59 3 95 1 7 0 113 53 40 99
 62 0 0 0 0 0 66 57 0 31 0 0 0 0 0 96 0 0 0 0 2 72 0 0 0 0 0 87 0 0 42 24 0 67 30 72 6 83 0 0 27 28 18 88
 0 88 81 0 0 95 48 85 0 49 0 0 0 100 0 0 0 97 71 0 45 0 59 75 86 0 95 0 0 0 0 82 0 0 99 87 0 52 0 0 15 0 82 0
 28 0 24 50 92 18 83 25 57 85 124 76 0 66 100 54 30 20 77 0 0 0 0 17 10 0 0 0 11 6 88 0 83 49 84 0 0 66 6 98 0 108 69 50
 0 0 76 0 49 0 0 17 96 66 0 88 74 0 98 84 0 100 0 0 0 0 0 0 0 0 81 0 61 0 32 0 49 52 0 0 0 0 0 97 33 25 28 0
 68 0 0 0 0 0 98 0 46 0 0 34 0 67 70 25 0 0 0 63 0 49 0 0 52 38 0 0 0 0 0 95 0 0 100 87 35 76 0 56 44 21 80 0
 72 0 79 88 0 98 0 62 0 60 89 0 0 0 50 0 56 0 0 59 0 0 16 0 48 12 0 71 62 0 0 99 0 0 0 0 87 0 0 0 84 2 0 0
 36 96 0 91 0 0 96 0 63 0 0 0 51 55 0 61 81 54 0 95 44 0 48 78 0 3 0 0 31 25 0 0 0 0 0 0 76 0 61 0 0 55 0 0
 87 0 97 0 0 0 0 55 0 13 21 0 0 0 0 0 33 42 0 0 14 0 0 62 0 0 62 12 0 0 39 0 0 0 0 0 0 0 69 0 0 6 92 0
 0 0 0 63 0 0 7 76 11 44 98 0 0 14 85 120 0 50 1 110 0 0 109 1 13 48 0 0 29 33 34 79 0 0 0 14 27 0 12 76 0 0 0 0
 88 0 0 52 53 0 44 7 86 21 61 0 81 0 0 0 0 20 47 0 0 0 0 0 0 15 0 0 4 26 5 75 50 0 0 0 62 0 0 0 0 72 0 0
 94 0 0 79 0 0 0 77 61 0 79 0 0 54 71 91 0 82 0 0 15 82 31 0 0 0 0 91 0 71 48 76 89 79 0 92 0 0 0 0 64 0 28 24
 0 0 0 0 0 90 0 0 13 0 0 31 0 66 0 0 0 0 6 60 22 88 56 0 0 0 74 16 0 127 28 36 0 105 0 0 33 36 0 0 80 65 0 0
 0 0 0 0 30 37 0 92 70 0 57 31 62 0 0 0 52 5 83 49 26 0 71 0 0 17 24 15 0 0 0 1 0 0 51 0 0 0 81 0 16 59 29 42
 0 0 0 40 0 64 0 0 0 71 0 3 0 0 76 107 11 0 0 0 13 0 53 0 0 0 0 71 0 0 60 13 40 7 30 0 26 0 39 0 0 0 96 79
 10 0 0 0 103 0 0 4 0 98 23 0 0 0 0 72 0 0 18 85 52 0 0 0 83 20 0 46 39 75 0 0 0 5 46 88 0 0 0 0 0 19 0 0
 72 0 32 57 0 80 108 27 30 49 85 28 18 99 86 75 0 37 59 0 25 0 17 55 65 56 0 0 0 59 22 1 0 19 25 56 36 38 39 0 0 0 0 48
 90 59 0 0 0 39 0 0 37 42 84 0 0 0 83 0 87 10 0 0 86 69 0 0 0 0 72 0 0 0 56 95 37 65 0 0 0 82 71 97 0 0 0 68
 0 0 0 90 0 81 0 0 88 64 97 77 0 95 86 0 0 0 0 0 14 0 45 0 0 82 0 0 0 0 0 0 68 0 98 0 0 94 0 71 88 0 0 0
 0 0 87 63 0 0 0 0 70 94 28 0 51 49 0 0 0 0 0 0 63 0 21 0 0 0 0 0 0 96 78 0 92 100 0 85 0 0 34 81 97 65 0 0
 9 79 0 0 0 1 0 3 50 0 60 0 84 86 57 75 0 4 39 0 0 0 0 0 0 44 0 10 9 66 107 4 18 90 0 84 0 0 50 0 0 61 7 0
