44
 0 0 65 104 93 0 12 0 62 32 0 43 0 0 114 0 0 0 67 80 39 0 92 21 0 147 41 57 8 0 0 30 58 109 86 0 13 0 0 5 69 0 110 0
 90 0 5 0 136 136 36 41 0 0 33 33 69 6 13 0 122 23 0 123 133 0 0 0 120 21 45 0 76 18 15 0 81 0 0 79 0 0 71 66 49 0 0 33
 0 0 0 38 76 0 76 46 0 0 0 88 43 54 0 99 0 0 0 60 24 1 37 0 0 0 7 0 0 92 87 133 90 132 0 66 0 0 56 105 0 85 3 0
 0 72 0 0 83 0 0 0 0 144 0 0 33 125 79 0 27 0 0 61 0 64 0 0 49 0 0 0 98 0 0 0 98 0 0 0 68 0 89 0 91 73 0 0
 0 0 0 0 0 143 97 0 0 0 108 71 40 0 0 0 0 0 0 54 121 157 0 64 0 50 34 88 98 0 44 74 76 103 0 0 86 111 59 0 0 43 108 0
 75 0 47 67 0 0 0 54 87 138 59 0 82 89 0 0 0 0 92 30 29 25 13 0 0 0 30 25 0 0 65 0 0 87 0 57 0 13 24 99 86 86 93 0
 0 0 0 29 0 58 0 96 0 73 57 0 142 60 0 36 0 32 0 153 58 67 0 56 0 0 0 0 0 0 88 0 0 0 0 74 0 0 0 131 0 0 0 0
 87 0 0 139 53 0 0 0 0 44 13 0 88 4 74 0 0 0 0 77 0 122 91 0 0 153 114 0 88 0 0 0 68 27 0 0 0 0 68 0 0 0 0 0
 0 66 40 28 96 0 136 47 0 82 71 0 17 0 0 0 32 81 0 113 0 0 84 0 0 0 0 0 0 0 0 0 64 0 0 75 0 114 0 28 78 0 0 0
 0 47 70 0 56 0 0 0 0 0 0 97 0 26 0 0 59 84 0 141 101 40 0 0 0 64 0 0 0 0 0 0 76 0 0 0 0 0 77 0 83 0 100 39
 85 0 75 0 0 0 0 0 0 82 0 0 0 144 78 0 0 65 0 68 95 0 0 0 63 0 29 0 0 0 0 0 113 65 0 92 0 66 0 34 96 0 95 0
 0 0 0 98 0 61 36 95 39 0 134 0 62 0 78 0 79 8 43 48 144 0 110 165 0 1 0 36 157 32 56 109 44 102 78 0 50 33 121 0 0 0 92 0
 71 0 0 0 0 0 0 0 0 53 84 0 0 0 0 71 59 83 0 49 87 118 81 0 0 30 0 0 0 0 0 0 0 0 0 0 0 0 0 0 0 68 0 0
 100 0 0 0 30 0 0 0 95 0 0 84 43 0 74 0 0 0 0 3 0 0 32 0 0 0 0 91 63 0 0 78 99 98 0 0 0 99 79 0 0 0 0 0
 0 0 152 0 123 30 25 0 112 136 0 0 86 0 0 92 0 0 0 149 40 0 0 0 0 54 49 47 0 0 64 147 55 0 0 38 0 12 0 91 0 73 128 0
 7 48 0 144 73 61 0 19 12 117 28 73 0 88 0 0 0 20 80 61 0 0 48 0 0 92 0 120 130 0 19 40 37 0 89 126 7 4 71 20 0 0 19 0
 74 0 31 0 140 78 30 41 0 0 102 0 0 43 55 55 0 70 0 1 84 0 100 76 49 64 20 82 0 0 164 12 46 0 36 0 0 24 113 63 0 0 2 53
 28 0 17 118 59 76 0 40 0 0 0 0 0 110 22 0 0 0 95 106 0 14 0 0 0 140 0 52 85 0 69 41 114 0 63 0 30 34 0 131 0 0 97 0
 0 81 0 3 69 0 20 86 151 73 58 0 27 35 98 0 57 0 0 0 0 12 60 71 0 40 72 78 18 0 0 68 112 37 58 60 60 14 54 0 0 0 73 0
 0 0 0 0 0 0 0 0 0 0 0 0 0 0 0 0 0 0 60 0 54 0 0 34 0 99 0 0 85 0 14 0 3 0 0 98 0 0 0 97 98 47 0 0
 0 0 0 0 0 0 0 96 61 0 0 0 0 5 0 64 0 78 71 0 0 0 0 0 51 0 0 0 53 0 61 0 32 67 0 0 0 0 34 0 0 0 0 0
 91 0 0 0 0 0 0 0 40 0 25 61 0 8 65 86 42 0 0 13 3 0 0 0 74 0 0 0 0 0 0 60 115 0 0 27 0 56 0 83 0 79 62 0
 0 95 0 26 4 0 76 0 0 20 51 0 0 0 114 0 0 52 0 154 52 66 0 0 70 102 0 1 64 0 24 0 0 33 74 134 0 0 132 138 48 61 0 0
 0 45 11 91 0 38 0 31 76 28 25 0 77 170 5 68 0 53 0 0 119 31 15 0 0 0 141 146 60 0 135 72 161 18 0 73 11 0 84 28 0 68 63 0
 28 0 113 0 126 59 1 63 161 12 0 2 76 109 9 66 0 47 107 99 0 0 0 7 0 132 16 0 126 0 0 0 127 0 17 101 91 29 0 86 32 87 30 45
 0 0 76 141 0 97 142 0 88 0 43 0 0 38 0 0 0 0 0 0 28 17 0 72 0 0 95 0 94 0 60 0 2 0 89 0 0 0 99 19 0 0 0 35
 0 0 0 55 0 0 4 0 39 112 0 74 4 155 0 56 0 83 0 98 6 13 83 0 0 0 0 81 0 0 38 0 49 0 68 0 78 0 143 0 0 0 26 0
 0 63 108 64 0 0 135 32 3 13 148 0 25 0 0 0 0 0 0 24 108 115 0 0 56 42 0 0 0 0 4 135 83 0 0 80 37 0 15 0 72 38 0 0
 0 0 44 0 0 45 103 0 12 169 78 0 119 0 24 0 43 0 0 0 0 56 0 0 0 0 31 6 0 0 0 63 0 96 0 0 0 0 38 0 0 0 148 0
 24 0 0 129 97 148 17 89 7 86 14 0 28 23 30 7 22 8 71 82 65 23 77 54 103 122 114 64 26 0 0 0 77 0 36 38 0 64 0 41 44 53 9 64
 46 0 0 21 0 0 0 133 77 32 112 0 71 50 0 0 0 0 0 0 0 100 0 0 98 0 0 0 96 69 0 0 55 106 60 0 0 0 135 57 0 81 108 0
 0 40 0 25 0 59 7 56 99 6 51 0 114 0 0 0 0 0 0 81 46 0 83 0 86 113 82 0 0 96 64 0 128 44 62 9 0 0 75 32 0 0 0 0
 0 0 0 0 0 97 85 0 0 0 0 0 87 0 0 0 0 0 0 0 0 0 85 0 0 0 0 0 89 0 0 0 0 0 0 77 0 0 0 0 0 83 28 0
 0 82 0 76 0 0 52 0 55 156 0 0 15 0 92 66 67 92 0 41 0 77 0 0 96 128 55 44 0 56 0 0 0 0 0 67 0 0 0 51 0 47 7 67
 0 66 109 122 19 54 16 54 76 154 49 0 31 40 47 0 0 0 0 37 92 42 0 71 0 0 0 133 68 0 0 0 70 18 0 2 0 75 121 0 0 0 82 0
 25 0 0 134 39 0 0 74 0 72 0 98 4 172 0 0 43 100 0 0 100 0 0 0 0 140 75 0 36 0 35 0 0 0 0 0 0 0 6 0 0 0 0 0
 0 73 35 0 0 42 99 5 69 77 77 0 17 89 59 0 108 0 0 26 43 33 105 0 0 99 0 0 98 67 84 14 35 27 16 150 0 0 130 163 0 0 0 78
 82 51 18 11 0 0 87 127 0 83 0 0 80 0 0 0 0 0 0 125 49 0 30 94 0 74 47 87 26 0 97 66 30 49 0 37 37 0 0 127 0 0 24 66
 96 0 0 0 0 0 87 0 68 0 94 0 140 0 32 0 0 49 0 132 0 41 0 0 57 0 0 0 0 41 0 0 6 38 0 0 0 50 0 67 86 0 17 0
 0 0 0 92 82 0 0 52 0 54 0 92 52 161 0 0 0 0 74 0 158 0 0 0 0 0 52 89 39 0 0 0 8 0 77 76 0 0 0 0 0 0 38 0
 0 0 69 0 125 0 99 24 0 0 0 65 138 73 32 18 29 68 7 0 85 55 0 71 0 53 109 0 2 0 13 35 15 45 148 24 6 61 0 8 0 0 23 45
 52 115 0 0 0 0 110 88 8 89 119 87 0 108 0 20 70 87 57 0 19 0 0 0 0 94 129 0 136 0 0 19 0 0 46 52 16 54 67 110 92 0 0 39
 0 63 0 29 0 0 74 70 85 0 0 0 118 75 0 0 0 0 0 107 15 0 83 0 0 51 0 20 0 0 0 84 0 0 0 87 74 0 0 0 0 95 0 0
 68 0 147 117 116 41 5 23 25 0 59 48 89 76 60 61 0 102 65 14 119 51 10 72 0 0 11 1 145 0 51 21 84 0 138 87 0 0 10 99 0 0 125 0
