44
 0 0 69 0 40 44 28 0 3 51 0 0 0 44 0 87 85 0 5 62 43 100 12 0 0 0 0 0 0 0 45 0 72 64 78 80 0 31 64 66 0 5 0 110
 56 0 25 60 101 0 108 46 16 19 73 94 0 42 40 70 13 0 29 9 0 92 59 14 8 52 0 24 0 69 34 11 11 27 0 22 13 18 0 72 0 0 0 60
 0 0 0 65 0 68 0 0 0 0 94 47 35 23 38 48 0 0 0 0 0 0 0 0 70 111 52 75 0 61 0 0 0 6 0 102 0 10 59 113 0 83 0 80
 41 0 0 0 49 0 0 0 0 19 0 0 59 0 78 70 0 0 0 0 94 0 65 50 0 0 0 0 0 0 0 45 36 0 57 48 0 0 0 93 0 80 78 73
 0 0 4 0 0 0 39 41 0 17 0 0 0 0 0 27 52 15 0 92 31 0 0 0 0 85 69 24 34 65 11 0 74 35 40 0 0 5 102 100 66 83 0 34
 0 17 0 5 79 0 48 26 28 22 128 63 34 39 45 56 0 32 52 0 0 127 0 30 27 53 4 13 128 44 0 107 0 0 97 23 0 59 0 0 0 46 0 35
 0 0 98 76 0 0 0 96 0 42 0 0 0 44 0 0 0 79 98 66 0 0 9 39 64 15 48 42 79 0 0 108 56 5 36 85 39 0 0 0 0 106 17 70
 46 0 91 10 0 0 0 0 47 83 60 0 0 60 0 84 69 74 0 0 0 0 2 0 104 6 67 19 77 88 0 0 0 0 0 0 0 0 0 0 0 14 80 0
 0 0 58 9 52 0 84 0 0 40 0 66 0 0 0 0 0 85 80 72 0 0 3 19 0 70 59 0 9 0 44 0 0 0 0 0 0 0 0 0 59 0 31 56
 0 0 38 0 0 0 0 0 0 0 0 12 64 87 80 0 0 0 0 0 72 0 0 0 0 38 0 0 12 74 75 40 0 78 0 37 0 0 0 0 82 0 16 0
 49 0 0 12 58 0 100 0 12 9 0 0 98 70 0 103 0 9 22 36 23 11 0 68 81 99 0 94 31 28 0 102 64 78 78 0 98 0 3 106 71 70 66 0
 93 0 0 52 46 0 39 68 0 0 54 0 86 0 34 0 0 0 89 0 0 0 0 0 60 97 93 0 92 0 0 47 0 84 0 0 0 0 0 58 79 0 27 0
 66 92 0 0 66 0 77 68 59 0 0 0 0 0 41 76 0 67 0 0 0 0 0 0 0 99 0 0 0 94 0 0 67 46 0 0 75 37 90 34 82 0 66 125
 0 0 0 71 77 0 0 0 1 0 0 46 41 0 0 21 89 41 0 0 0 0 0 0 0 0 0 13 129 15 0 0 0 110 0 0 0 20 0 0 47 0 114 33
 75 0 0 0 58 0 55 11 82 0 50 0 0 16 0 49 83 0 92 0 0 87 0 10 0 108 13 51 50 61 0 0 100 0 79 90 20 25 43 0 0 0 0 34
 0 0 0 0 0 0 88 0 20 64 0 65 0 0 0 0 0 45 0 75 84 0 0 77 52 0 52 0 0 50 0 24 94 0 0 0 0 94 0 0 94 35 88 0
 0 0 93 10 0 54 65 0 109 52 44 43 76 0 0 6 0 0 0 13 68 0 3 45 60 73 43 0 30 14 87 51 0 68 0 0 76 0 46 0 54 66 0 5
 21 26 100 94 0 0 0 0 0 52 0 62 0 0 89 0 38 0 0 0 0 0 48 70 0 73 0 2 16 32 0 32 56 0 64 0 0 16 0 46 0 93 69 53
 0 0 67 39 19 0 0 56 0 59 0 0 68 31 0 130 108 72 0 0 0 0 0 0 0 12 54 28 23 28 0 0 0 0 68 4 58 0 63 97 0 0 0 0
 0 0 98 15 0 70 0 24 0 43 0 58 30 36 76 0 0 29 46 0 0 52 0 84 0 28 0 18 71 43 0 97 0 0 0 0 31 58 43 0 0 107 0 86
 0 88 4 0 0 92 44 12 33 0 0 104 21 0 35 0 0 104 72 56 0 48 2 30 89 25 0 0 0 0 66 79 0 75 70 12 0 0 0 101 0 9 0 0
 0 0 18 40 63 0 41 16 70 74 0 28 110 9 0 110 6 52 74 0 0 0 56 0 20 0 29 0 83 47 54 0 19 15 54 9 48 0 0 8 43 29 0 28
 0 0 73 0 18 25 0 0 0 85 73 32 43 9 95 88 0 0 22 43 0 0 0 23 0 90 0 111 34 63 76 0 44 0 91 0 0 30 0 0 0 0 52 19
 60 0 45 0 45 0 0 93 0 71 0 26 45 78 0 0 0 0 96 0 0 44 0 0 23 56 0 2 6 0 0 37 0 0 0 60 68 53 0 0 46 0 72 59
 47 0 0 58 80 0 0 0 78 22 0 0 43 50 68 0 0 97 0 89 0 0 40 0 0 0 0 63 31 0 91 0 16 68 43 88 0 0 0 93 0 84 20 0
 83 0 0 14 0 0 0 0 0 0 0 0 0 92 0 87 0 0 0 0 0 92 0 0 43 0 0 3 0 0 0 117 89 0 34 0 0 45 0 0 0 26 0 81
 91 93 0 102 0 0 0 0 0 106 13 0 125 46 0 0 0 67 0 79 81 0 24 63 79 86 0 0 0 46 0 0 88 0 91 0 68 0 0 0 0 0 129 0
 60 0 0 67 0 0 0 0 57 57 0 41 85 0 0 67 100 0 0 0 85 62 0 0 0 0 88 0 0 42 71 0 0 0 0 44 0 0 0 69 60 24 32 88
 44 64 96 89 0 0 0 0 0 0 0 0 71 0 0 88 0 0 0 0 64 0 0 0 0 50 98 69 0 82 55 34 41 80 77 0 0 0 0 0 0 0 49 79
 76 0 0 67 0 0 100 0 73 0 0 24 0 0 0 0 0 0 0 0 88 0 0 24 4 35 0 0 0 0 88 75 0 79 0 46 0 92 65 71 50 27 0 105
 0 0 21 90 0 93 4 85 0 0 72 38 60 14 56 81 0 45 75 76 0 0 0 22 0 50 15 0 0 0 0 88 13 96 84 86 0 13 0 35 72 0 40 0
 96 0 58 0 98 0 0 26 92 0 0 0 24 91 92 0 0 0 33 0 0 31 90 0 51 0 76 72 0 0 0 0 91 0 0 0 0 0 0 0 0 0 32 0
 0 0 30 0 0 97 0 101 86 89 0 123 0 31 0 0 4 0 77 60 99 0 0 81 0 0 0 81 0 14 0 0 0 22 0 48 0 39 0 44 0 29 0 0
 0 0 0 14 0 27 0 87 29 0 0 0 0 0 100 6 0 98 51 75 0 0 54 33 0 0 50 85 0 0 0 41 0 0 0 90 0 78 0 30 0 0 11 75
 0 96 17 0 0 0 0 89 103 36 0 52 96 39 0 114 16 0 0 22 0 0 0 79 0 0 0 79 0 16 0 56 107 12 0 33 85 26 67 0 0 0 85 8
 0 0 0 0 61 0 0 45 17 0 38 6 63 28 0 41 44 6 0 23 0 0 30 0 0 42 51 0 39 0 0 5 0 0 0 0 35 80 46 26 0 35 40 37
 55 0 61 44 93 65 0 65 35 29 0 101 0 59 0 2 0 56 0 0 56 0 55 0 130 79 0 11 120 28 67 55 93 58 0 0 0 0 30 10 59 69 0 0
 0 0 0 28 0 0 53 44 16 34 33 62 0 0 0 0 90 0 74 0 69 71 0 0 92 0 1 122 35 0 0 52 0 0 0 0 23 0 0 0 32 58 83 7
 0 89 0 67 0 63 61 57 47 93 0 100 0 71 0 37 0 93 0 0 74 16 50 90 102 16 124 39 64 0 72 87 50 66 0 0 0 56 0 82 0 0 0 0
 0 0 0 0 0 50 91 60 60 79 0 0 0 79 87 61 84 0 0 57 0 0 38 18 0 82 76 0 40 0 0 83 0 0 45 0 0 32 0 0 0 0 0 0
 30 71 16 35 0 20 78 85 0 0 0 0 0 0 6 0 0 85 54 53 18 0 18 0 31 1 43 0 48 0 0 22 68 32 8 67 0 0 93 64 0 48 77 125
 0 84 0 0 0 0 0 0 84 51 0 65 61 98 83 0 0 0 31 0 0 0 51 3 0 0 84 0 138 0 98 29 0 5 47 0 0 0 85 56 0 0 0 81
 55 83 24 0 81 84 0 0 0 0 0 0 0 0 99 0 73 0 45 98 80 52 0 0 0 62 0 0 0 73 0 0 83 0 0 0 99 0 81 47 0 62 0 26
 0 0 0 0 0 0 0 79 0 9 81 39 0 0 0 60 0 0 87 0 69 0 0 0 97 0 71 0 0 0 94 72 50 0 0 0 61 0 82 24 0 0 0 0
