44
 0 0 37 0 10 10 72 0 0 97 72 0 0 0 61 0 0 74 0 0 0 74 41 65 0 2 28 0 8 0 46 14 63 0 52 0 48 0 0 0 59 0 94 0
 38 0 45 0 30 0 0 15 69 0 33 31 4 0 6 42 0 76 36 16 0 0 32 0 0 9 73 20 27 0 95 62 0 0 0 0 0 12 0 0 36 0 19 51
 0 0 0 61 0 31 0 0 0 0 0 0 97 0 0 0 0 0 102 21 23 10 26 0 34 12 2 44 0 0 0 55 54 49 44 0 0 0 56 63 66 0 71 0
 76 99 0 0 0 46 0 64 0 0 0 76 10 0 0 0 74 14 0 0 0 44 37 58 53 16 11 92 0 0 53 31 8 20 95 0 67 0 43 69 2 0 77 0
 0 0 40 93 0 53 0 0 67 78 20 0 82 81 0 82 0 98 0 47 72 75 0 0 0 0 0 52 42 45 86 93 0 0 0 0 0 0 67 0 4 0 28 68
 0 92 0 0 0 0 19 0 18 81 69 79 0 44 81 0 97 85 96 0 0 0 0 0 94 0 0 0 86 0 37 50 90 47 0 0 0 85 0 78 78 95 74 0
 0 94 95 35 46 0 0 68 60 85 0 0 29 0 77 0 59 0 99 66 59 48 0 0 0 26 10 8 0 59 0 0 0 0 0 0 48 66 63 0 85 23 0 57
 14 0 80 0 7 22 0 0 89 52 0 0 11 51 0 36 0 69 42 0 0 30 0 0 0 0 0 0 20 0 47 37 0 46 36 0 4 0 3 0 0 0 50 56
 5 0 90 5 0 0 0 0 0 46 0 39 0 0 70 40 0 0 0 0 49 57 45 40 0 4 0 19 0 0 5 66 67 30 0 7 4 14 87 0 0 0 97 43
 0 12 32 26 0 0 0 0 0 0 0 0 21 47 0 69 37 45 35 25 0 82 0 65 0 1 57 0 8 0 0 0 4 0 42 66 0 18 0 0 0 5 78 3
 0 0 98 78 0 0 86 52 37 38 0 0 58 0 0 30 70 0 0 76 0 0 78 27 80 0 63 82 21 94 0 0 98 46 0 0 0 0 55 0 0 2 0 85
 18 0 99 0 4 0 65 81 0 27 17 0 17 0 0 0 90 0 39 0 0 0 36 0 0 0 0 74 50 90 17 36 0 0 51 69 57 0 64 91 48 73 0 42
 64 0 0 0 0 38 0 0 92 0 0 0 0 0 0 59 0 30 65 91 62 0 70 0 0 0 0 43 0 77 0 39 31 0 22 83 0 95 0 0 0 0 21 0
 28 22 82 52 0 0 46 0 58 0 49 32 55 0 83 15 55 0 0 91 15 62 32 29 0 42 0 74 0 68 0 0 0 0 0 0 33 0 0 68 0 87 10 78
 0 0 16 82 5 0 0 23 0 2 38 26 33 0 0 49 0 0 0 0 54 0 0 65 90 35 21 0 0 22 56 0 94 72 33 0 34 55 48 73 32 0 0 28
 17 0 98 3 0 31 22 0 0 0 0 72 0 0 0 0 79 0 99 0 0 77 51 79 70 32 8 18 15 0 0 29 34 46 0 73 16 0 12 68 0 4 83 0
 15 56 59 0 11 0 0 24 20 0 0 0 37 0 51 0 0 42 0 50 0 0 39 0 0 0 24 0 0 0 0 53 0 0 0 0 0 9 0 0 0 0 0 77
 0 0 52 0 0 0 70 0 52 0 73 95 0 85 79 83 0 0 0 73 82 0 0 0 0 0 100 0 43 66 0 0 78 0 51 0 87 69 55 0 0 60 0 72
 30 0 0 19 15 0 0 0 104 0 67 0 0 54 37 0 93 33 0 9 0 0 32 0 40 9 43 0 0 0 49 0 0 25 15 0 12 0 0 0 0 13 0 0
 78 0 0 26 0 44 0 28 85 0 0 5 0 0 87 1 0 0 0 0 28 24 1 0 12 32 0 0 4 55 0 87 0 73 0 0 19 0 0 0 0 0 93 0
 100 81 0 91 0 75 0 95 0 93 13 90 0 0 0 82 66 0 83 0 0 77 75 0 0 10 48 0 0 0 0 0 0 47 0 0 90 0 0 0 6 0 0 0
 0 97 0 0 0 62 0 0 0 0 21 87 0 0 59 0 98 11 82 0 0 0 0 4 0 6 47 34 0 0 40 0 74 0 0 0 40 0 39 0 0 0 0 68
 0 0 0 0 41 2 95 93 0 43 0 0 0 0 76 0 0 15 0 0 0 66 0 83 0 0 74 0 0 87 41 0 0 17 9 0 0 26 46 0 0 0 0 0
 0 92 93 0 60 24 38 94 0 0 0 94 13 0 0 0 86 18 67 97 57 0 0 0 0 0 0 34 1 32 0 0 0 79 25 0 17 0 36 40 57 0 40 95
 68 79 0 0 17 0 68 24 10 52 0 64 12 93 0 0 41 18 0 0 38 13 11 35 0 0 30 0 0 0 65 81 76 44 18 11 0 10 60 7 0 0 20 19
 0 0 0 0 63 51 0 33 0 0 24 97 65 0 0 0 83 9 0 0 0 0 32 56 19 0 0 74 0 40 0 0 26 36 0 87 0 0 33 63 0 72 0 92
 0 0 0 0 46 45 0 34 85 0 0 0 15 56 0 0 0 0 0 42 0 0 0 70 0 58 0 93 36 0 18 0 64 0 0 48 15 0 0 0 52 0 100 73
 7 0 0 0 0 30 0 100 0 72 0 0 0 0 78 0 38 4 86 96 91 0 48 0 93 0 0 0 0 0 0 0 0 85 0 56 0 92 0 71 0 77 74 0
 0 0 40 92 0 0 15 0 40 0 0 0 77 75 48 0 24 0 61 0 92 69 40 0 33 1 0 89 0 49 0 91 0 13 0 0 84 69 38 0 0 0 0 98
 85 12 8 86 0 48 0 74 90 103 0 0 0 0 0 54 35 0 13 0 44 57 0 0 20 0 61 32 0 0 0 0 0 0 0 0 47 26 19 0 0 77 0 0
 0 0 91 0 0 0 92 0 0 66 34 0 0 65 0 71 61 28 0 54 76 0 0 37 0 28 0 29 25 69 0 63 0 0 40 100 0 0 52 97 0 31 37 0
 0 0 0 0 0 0 44 0 0 30 46 0 0 65 87 0 0 35 74 0 51 70 67 53 0 38 95 54 0 40 0 0 53 4 51 0 0 0 4 52 0 0 76 88
 0 98 0 0 16 0 81 78 0 0 0 36 0 75 0 0 10 0 69 82 63 0 32 16 0 0 0 46 53 84 51 0 0 0 48 46 0 2 0 9 58 16 0 0
 36 90 0 0 55 0 84 0 0 57 0 69 100 84 0 0 68 8 0 0 0 78 0 0 0 0 34 0 0 27 67 0 70 0 0 83 0 0 69 0 0 46 0 0
 0 91 0 0 54 20 81 0 0 0 33 0 0 53 0 100 65 0 0 85 95 68 0 0 0 43 63 67 37 19 0 0 0 74 0 100 0 0 31 0 0 50 0 0
 99 30 90 15 76 30 96 71 0 0 2 0 0 96 0 0 93 15 100 21 100 63 92 88 0 0 0 0 37 38 0 74 0 0 0 0 98 79 0 0 24 9 47 0
 0 80 99 0 97 3 0 0 0 65 15 0 58 0 0 0 35 0 0 0 0 0 70 0 73 8 0 4 0 0 33 52 49 24 66 0 0 0 0 69 47 55 96 0
 39 0 82 21 16 0 0 72 0 0 51 9 0 80 0 11 0 0 0 11 41 100 0 40 0 96 22 0 0 0 16 61 0 99 0 0 0 0 55 0 0 0 40 31
 77 71 0 0 0 38 0 0 0 100 0 0 24 14 0 0 96 0 91 76 64 0 0 0 0 0 64 60 0 0 0 0 74 0 0 93 37 0 0 0 0 0 75 0
 17 53 0 0 25 0 20 49 9 99 1 0 14 0 0 0 86 57 4 33 25 71 63 0 0 0 26 0 86 92 0 0 0 26 17 11 0 52 15 0 30 32 17 83
 0 0 0 0 0 0 0 85 92 100 60 0 85 72 0 47 35 35 70 79 0 51 69 0 74 37 0 50 51 70 95 100 0 2 33 0 0 80 15 0 0 19 0 62
 59 98 60 51 20 0 0 99 56 0 0 0 72 0 49 0 86 0 0 89 44 43 86 49 79 0 74 0 74 0 0 96 0 0 0 0 0 69 51 0 0 0 15 0
 0 0 0 0 0 0 50 0 0 0 65 45 0 0 54 0 94 68 59 0 23 2 75 0 0 70 0 0 51 87 0 0 42 12 78 0 0 0 0 0 49 0 0 0
 26 0 98 5 0 14 0 0 0 0 0 0 99 0 0 77 0 0 83 70 32 0 9 0 0 0 0 84 0 38 70 0 31 76 79 8 14 0 79 0 0 67 93 0
