44
 0 55 0 0 0 0 0 0 47 39 93 0 0 0 94 0 118 94 0 2 0 81 6 0 0 0 0 0 0 35 0 76 0 74 0 0 0 0 10 0 0 86 0 0
 0 0 0 0 88 49 0 44 0 0 0 26 26 0 29 10 23 0 11 159 0 97 151 0 0 6 72 69 0 57 97 0 0 88 35 0 0 53 55 100 0 4 0 143
 85 81 0 130 0 27 77 0 0 52 96 0 0 104 15 89 0 0 26 41 0 61 20 0 130 80 80 68 0 54 130 114 114 15 87 11 74 3 59 82 90 107 0 0
 10 108 0 0 78 33 29 0 0 14 63 0 0 86 124 46 75 0 45 0 32 0 0 80 13 23 74 0 25 37 140 0 0 0 121 0 0 0 10 0 91 44 57 89
 47 0 44 0 0 0 83 29 34 33 92 41 19 0 56 18 21 0 6 39 0 0 40 26 111 0 35 0 138 64 0 60 121 0 67 21 0 0 33 0 56 24 88 26
 50 0 0 0 65 0 0 23 0 91 0 0 68 0 0 31 152 0 0 10 84 0 0 0 59 0 43 0 0 0 0 52 55 85 0 44 0 0 62 57 51 12 72 0
 22 74 0 0 0 4 0 0 82 0 0 83 0 92 79 45 0 0 0 38 78 0 27 100 0 0 78 94 0 0 0 0 0 55 0 0 94 0 0 47 0 0 0 0
 32 0 54 55 0 0 94 0 0 0 89 0 0 0 0 0 0 0 98 62 0 89 0 0 0 0 52 0 0 0 0 41 21 81 0 0 0 0 36 0 0 0 78 0
 0 112 99 36 0 26 0 77 0 75 98 0 6 23 72 0 20 0 73 57 75 11 142 0 0 92 0 0 31 40 0 57 0 59 8 0 0 0 59 0 0 75 0 64
 0 112 0 0 0 0 54 52 0 0 23 138 0 24 5 72 129 0 0 77 26 0 96 0 77 0 0 0 0 0 0 0 0 0 40 33 0 110 64 93 0 38 0 9
 0 136 0 0 0 1 99 0 0 0 0 0 42 23 67 100 70 0 88 33 55 21 0 96 32 82 0 0 128 0 55 0 0 57 35 47 98 79 104 0 14 24 34 48
 67 0 75 79 0 32 0 52 76 0 96 0 0 0 0 71 32 0 60 5 137 0 0 83 0 0 0 49 108 0 95 0 0 0 0 0 0 53 0 0 7 70 0 84
 57 0 15 43 0 0 5 74 0 88 0 83 0 85 111 0 54 68 79 93 0 0 0 92 0 109 0 0 0 75 15 76 0 0 0 76 0 0 0 69 0 0 0 0
 31 95 0 0 53 67 0 118 0 0 0 74 0 0 35 0 0 0 0 0 117 65 51 28 0 35 83 0 34 35 43 0 61 56 58 89 0 0 62 61 4 70 87 0
 0 0 0 0 0 39 0 140 0 0 0 86 0 0 0 0 86 0 0 112 0 0 92 40 0 44 0 57 0 0 0 0 0 60 0 94 0 80 0 93 151 72 0 0
 78 0 0 0 0 0 0 29 57 0 0 0 86 91 48 0 61 37 0 78 0 0 53 0 0 0 0 0 0 101 84 0 84 9 0 0 67 0 0 97 44 0 0 0
 0 0 88 0 0 0 92 13 0 0 0 0 0 59 0 0 0 0 0 117 0 42 0 0 93 16 0 0 0 0 0 0 0 18 0 0 0 0 36 0 0 0 0 0
 0 47 77 10 16 77 37 34 53 21 82 1 0 21 64 0 18 0 88 0 95 0 67 0 56 59 0 35 41 54 32 123 118 40 81 18 0 0 0 0 0 30 6 0
 29 0 0 0 0 85 56 0 0 149 0 0 0 3 73 25 53 0 0 109 12 22 38 0 0 121 10 0 68 0 0 85 0 79 0 57 76 2 0 0 122 32 0 98
 0 0 0 58 0 0 0 0 0 0 0 0 0 96 0 0 0 71 0 0 0 71 0 0 0 0 64 0 0 0 100 68 94 89 0 0 0 42 68 0 0 0 0 96
 11 50 40 0 0 0 0 75 0 0 0 0 2 0 114 55 59 0 0 22 0 0 16 0 0 20 0 0 85 60 5 0 0 4 0 78 0 68 0 0 51 0 0 97
 0 0 0 53 63 99 26 0 0 26 0 110 33 0 21 59 0 45 0 0 31 0 126 49 0 53 32 0 42 47 40 0 98 34 62 0 0 39 0 0 87 0 87 66
 0 0 0 84 0 79 0 64 0 0 57 58 70 0 0 0 46 0 0 56 0 0 0 80 0 0 68 0 100 0 79 89 0 73 86 81 0 0 13 0 0 70 65 0
 37 80 33 0 0 54 0 123 13 26 0 0 0 0 0 30 56 69 23 93 59 0 0 0 0 17 71 62 0 0 0 0 81 0 0 0 49 0 35 63 0 81 73 0
 139 62 0 0 0 0 34 20 26 0 0 109 78 13 57 124 0 0 46 29 26 37 66 88 0 41 0 0 63 59 37 0 0 29 8 0 0 0 12 0 38 76 0 108
 70 0 0 0 56 60 90 55 0 85 0 94 0 0 0 75 0 0 0 49 0 0 113 0 0 0 0 0 91 0 0 0 0 62 0 77 0 0 71 0 17 0 78 46
 5 0 0 0 0 0 0 0 11 47 33 29 61 0 66 80 0 85 0 0 110 0 0 0 61 92 0 0 30 25 139 11 0 46 0 0 0 0 63 0 0 102 0 61
 84 0 0 3 6 81 0 25 71 131 0 0 24 28 0 43 101 0 80 55 104 55 38 0 60 82 15 0 93 15 61 11 76 9 62 23 0 61 65 0 25 72 51 119
 63 65 65 0 0 27 85 90 0 67 0 0 52 0 70 59 60 0 0 98 0 0 0 9 0 0 0 0 0 4 54 0 0 16 49 0 0 0 85 0 74 0 0 86
 0 0 0 0 0 78 2 123 0 65 32 87 0 0 14 0 39 0 57 106 0 0 37 107 0 2 0 0 0 0 84 0 0 0 0 0 0 65 0 0 0 0 0 0
 70 0 0 0 55 57 85 28 55 90 0 0 0 0 88 0 28 0 73 0 0 0 0 52 0 106 0 0 0 0 0 0 0 109 25 0 83 130 62 60 33 80 0 0
 0 8 0 77 0 0 104 0 0 92 75 63 0 120 87 118 56 0 0 0 17 55 0 86 94 106 0 0 23 94 80 0 0 98 53 0 87 0 69 89 84 69 0 0
 113 7 0 20 0 0 15 0 64 103 138 53 94 0 15 0 11 0 5 0 67 0 80 0 51 29 108 0 1 61 93 32 0 0 0 99 57 0 0 0 60 25 0 13
 0 0 0 73 89 0 0 0 0 98 0 55 30 0 0 0 0 0 0 0 0 0 0 32 0 0 0 0 0 92 0 0 46 0 0 0 0 28 0 0 0 75 0 0
 34 0 0 0 0 32 139 9 0 0 0 89 35 0 34 87 85 0 55 94 119 0 0 71 0 112 34 0 0 13 0 0 75 5 0 0 0 0 8 0 0 0 66 0
 57 16 0 15 0 0 67 22 133 0 0 47 0 0 0 119 18 0 0 60 0 68 0 54 16 0 127 0 58 94 24 7 0 32 67 0 0 0 0 50 0 0 87 135
 12 144 0 35 21 91 0 68 102 13 0 100 36 29 32 0 127 99 0 40 11 89 72 0 77 106 15 87 49 31 0 0 0 15 49 51 0 93 0 75 0 0 78 0
 55 0 0 5 7 70 93 16 17 0 0 0 85 51 0 90 12 49 0 0 0 0 79 65 68 30 89 0 31 0 0 32 98 0 33 17 0 0 0 66 0 0 0 113
 0 0 0 0 0 0 99 0 0 0 0 95 69 0 62 49 0 88 24 0 37 28 0 0 0 0 0 0 0 59 0 0 89 25 0 37 60 47 0 83 17 0 0 0
 107 0 0 67 28 0 0 79 22 0 73 25 0 0 0 0 104 37 30 54 86 128 148 0 62 86 3 40 75 52 0 0 38 75 0 0 0 0 0 0 0 76 0 0
 59 2 0 0 0 0 8 56 98 39 0 0 90 0 0 0 121 34 0 156 0 0 72 38 0 0 37 0 0 85 0 0 0 54 45 53 61 65 0 29 0 89 0 0
 0 0 0 0 0 0 80 58 0 0 0 0 48 0 0 6 49 0 0 139 78 56 0 0 0 62 0 0 75 118 0 0 0 0 21 78 51 69 33 0 0 0 78 33
 99 105 123 0 0 0 26 0 55 88 0 52 95 0 110 36 59 0 20 93 28 0 0 0 1 0 109 0 104 6 92 16 104 13 0 0 0 58 71 55 29 0 0 0
 41 0 86 0 0 100 45 97 0 0 0 0 52 37 119 0 28 44 0 0 0 0 88 142 0 0 0 0 0 29 26 92 0 155 9 0 74 0 56 23 116 0 93 0
