44
 0 88 0 73 65 0 68 55 78 67 74 0 92 0 0 93 0 86 0 0 0 0 68 29 0 53 99 0 24 0 0 0 0 62 3 94 0 0 0 80 0 0 39 0
 0 0 0 74 0 0 0 93 11 100 0 0 0 92 0 84 8 0 0 36 61 0 0 0 76 8 0 0 0 72 84 91 4 89 0 53 90 0 7 85 0 3 95 0
 18 59 0 0 100 0 18 0 42 95 64 5 115 0 0 0 4 0 5 9 32 77 20 0 54 0 0 27 108 97 52 61 0 0 0 0 0 0 0 0 32 19 3 0
 0 0 38 0 0 0 0 86 33 0 86 0 57 0 0 40 12 0 0 0 0 26 0 91 0 13 0 0 0 0 49 0 0 53 0 0 90 86 57 91 47 0 0 0
 0 31 0 13 0 40 0 93 12 49 0 0 100 6 10 8 26 89 39 62 0 0 0 9 95 67 23 0 0 0 0 0 50 0 0 0 0 20 6 4 12 0 59 89
 19 14 58 99 0 0 51 0 0 98 0 65 0 69 0 0 0 100 50 0 0 82 0 0 1 0 0 0 0 0 0 9 54 43 0 94 96 0 0 0 0 0 0 0
 0 28 0 44 0 0 0 67 95 0 0 0 86 0 0 39 0 41 0 18 0 0 79 31 0 24 89 93 0 96 0 87 62 86 0 0 0 80 83 0 6 60 17 0
 0 0 18 0 0 38 0 0 0 0 19 0 34 43 0 0 16 38 5 0 0 0 0 0 49 35 22 0 24 0 0 0 28 27 10 0 0 0 0 26 0 3 0 41
 0 0 0 0 0 0 0 38 0 0 0 0 30 90 0 73 24 30 12 15 14 50 0 64 0 12 0 0 37 0 20 0 25 0 53 0 0 0 8 72 0 0 0 0
 0 0 0 41 0 0 32 66 89 0 0 92 0 0 0 92 77 36 0 0 25 0 0 0 14 68 85 0 0 51 53 0 0 0 47 0 0 0 35 10 86 40 0 80
 0 36 0 0 71 45 19 0 32 39 0 59 30 0 0 0 10 0 69 14 0 0 0 0 21 52 81 32 0 60 0 0 23 84 0 0 0 50 0 55 0 0 35 0
 11 13 0 90 80 0 76 61 58 0 0 0 0 0 64 0 42 0 0 0 0 0 70 0 0 0 0 24 0 0 0 115 3 92 0 0 24 0 61 2 64 0 0 0
 0 41 0 0 0 53 0 0 0 2 0 90 0 0 57 0 0 82 57 0 92 0 0 0 0 0 0 0 43 0 33 42 5 0 0 70 0 77 43 0 0 23 72 67
 12 0 32 29 0 0 38 0 0 82 76 11 15 0 68 28 21 0 6 0 15 60 49 32 0 0 48 0 0 65 0 0 40 10 86 0 67 0 90 0 27 28 0 0
 23 53 21 10 0 76 44 54 87 7 35 0 0 0 0 26 0 61 17 18 0 0 0 22 9 20 14 0 0 0 0 119 61 0 5 80 80 0 14 0 0 0 5 61
 0 0 74 0 0 64 0 56 0 0 27 77 72 0 0 0 0 0 0 24 0 0 0 0 0 118 76 0 63 91 1 60 16 0 51 0 99 89 98 98 27 63 29 0
 89 0 0 0 0 77 75 0 0 0 0 0 74 0 61 72 0 0 0 99 85 0 89 0 0 83 0 38 0 69 0 59 0 60 0 20 0 0 0 0 0 0 0 96
 0 33 7 27 0 0 0 0 0 0 82 31 0 14 0 82 26 0 20 10 81 0 0 114 1 99 18 0 7 52 0 37 0 64 0 56 37 25 0 102 55 0 1 16
 12 4 0 79 0 0 20 0 0 91 0 44 0 0 0 40 100 0 0 0 83 0 0 0 0 0 49 0 92 0 0 98 100 0 0 0 0 97 5 0 0 71 1 0
 5 0 0 69 0 76 0 23 0 52 0 19 71 37 0 0 0 0 62 0 0 86 0 58 81 81 0 0 0 0 78 0 0 47 0 0 0 98 48 0 83 0 5 0
 5 0 0 28 56 59 48 64 0 0 65 97 0 0 32 52 0 0 0 17 0 43 0 0 0 31 71 0 15 0 104 0 0 0 63 0 70 69 46 0 0 0 0 57
 70 2 0 0 47 0 35 81 0 94 63 38 30 0 44 56 14 78 4 0 0 0 24 0 77 57 6 57 107 0 72 20 9 2 0 8 0 20 0 79 0 0 0 0
 0 55 0 53 50 48 0 48 14 10 0 0 76 0 91 55 0 57 11 36 20 0 0 92 56 10 0 44 79 0 56 9 13 29 24 0 0 10 0 71 0 0 30 0
 0 45 90 0 0 57 0 58 0 80 35 27 81 0 0 15 40 0 8 0 38 88 0 0 0 70 0 28 111 0 0 53 0 0 37 0 91 0 0 0 0 51 29 0
 76 0 0 63 0 0 40 0 16 0 0 87 76 70 0 85 60 0 90 0 59 0 0 62 0 99 0 0 19 62 0 0 5 0 51 0 0 19 32 0 0 0 0 57
 0 0 56 0 0 35 0 0 0 0 0 43 43 54 0 0 0 0 59 0 0 0 0 0 0 0 81 0 0 99 0 51 70 0 0 0 98 87 63 0 0 11 58 0
 0 18 33 20 0 10 0 0 94 0 0 28 1 0 0 0 11 0 0 26 0 0 48 40 6 0 0 0 81 84 0 66 0 0 66 0 0 0 57 76 0 35 33 8
 11 60 0 43 0 71 0 22 32 5 0 0 55 63 94 29 0 96 40 76 77 0 0 0 17 11 63 0 0 49 74 0 0 0 0 0 76 80 8 103 0 96 0 93
 0 14 0 49 49 46 52 0 0 82 77 66 0 91 94 0 80 0 0 58 0 0 0 0 0 22 0 69 0 77 0 0 0 74 71 0 6 0 69 0 0 91 0 0
 33 0 0 64 33 88 0 4 8 0 0 23 37 0 68 0 0 0 17 74 21 63 119 22 0 0 0 0 0 0 12 0 14 3 39 0 8 104 76 0 0 29 0 64
 10 0 0 0 21 71 63 81 0 0 99 95 0 28 80 0 59 18 54 0 0 0 0 0 42 53 84 0 48 0 0 0 26 0 75 94 0 43 7 80 96 87 29 7
 23 0 0 87 41 0 0 79 30 65 68 0 0 73 0 0 0 0 0 97 5 0 0 0 42 0 0 98 6 70 62 0 0 79 29 0 33 0 0 19 0 0 71 94
 43 0 63 76 0 0 0 0 0 4 0 0 0 0 0 0 25 84 0 46 38 0 0 95 0 0 44 79 27 0 0 55 0 0 49 99 0 80 0 0 0 0 25 0
 0 0 78 0 98 0 0 0 63 80 0 0 9 0 94 84 0 0 96 0 32 0 0 10 36 13 19 26 0 0 107 0 28 0 11 0 0 87 11 102 95 15 0 106
 0 85 34 65 75 69 95 0 0 0 96 84 44 0 0 0 37 51 52 80 0 68 0 0 0 94 0 17 0 0 0 0 0 0 0 0 0 44 0 0 97 0 0 0
 0 0 67 45 83 0 63 43 33 116 60 36 0 100 0 18 0 0 64 8 0 0 89 45 25 61 88 59 72 69 0 67 0 90 82 0 37 0 0 35 0 23 54 68
 34 0 28 0 8 0 27 63 59 76 33 0 48 0 0 0 67 0 35 22 0 14 87 0 45 0 10 0 0 0 33 0 88 30 8 0 0 83 8 0 0 0 0 34
 96 36 25 0 0 19 0 67 2 5 0 10 0 23 0 0 14 0 0 0 0 0 0 3 0 0 60 0 86 0 0 105 0 0 0 37 0 0 0 0 57 0 47 0
 8 0 71 0 0 86 0 67 0 0 88 0 0 0 0 0 55 88 0 0 0 91 100 50 0 0 0 0 0 0 0 47 47 0 45 95 0 78 0 78 0 0 35 0
 0 0 59 0 0 96 55 0 0 0 0 0 97 41 89 0 2 0 13 36 43 0 0 71 58 8 0 0 0 96 0 0 62 0 67 0 27 91 0 0 0 25 3 0
 18 22 0 0 0 92 0 62 24 0 43 0 11 0 71 0 16 0 62 0 89 63 19 61 28 23 4 23 80 71 0 4 42 0 0 44 49 0 23 97 0 0 0 26
 2 0 0 37 82 19 0 0 100 0 22 59 0 0 74 0 17 70 0 28 76 85 98 0 43 0 0 0 0 0 0 103 36 0 23 0 86 91 82 0 17 0 0 71
 0 0 0 86 0 44 0 49 63 72 0 80 0 29 0 0 47 0 0 0 66 46 0 0 58 0 0 78 42 64 0 0 0 83 84 0 82 0 0 0 76 68 0 100
 71 36 68 53 0 49 86 0 9 0 40 3 0 89 0 106 0 0 10 62 0 84 91 31 0 22 0 0 34 0 0 0 61 0 79 0 0 80 82 38 0 0 0 0
