40
 0 100 62 0 0 84 45 0 89 79 72 84 0 0 0 0 0 41 0 0 0 0 0 67 46 0 45 65 81 0 0 0 0 0 49 0 0 0 60 0
 0 0 0 0 49 0 0 0 43 56 68 0 0 84 0 0 0 63 30 49 0 0 0 0 38 0 0 70 0 0 0 0 31 0 0 0 0 0 77 0
 0 3 0 37 35 0 0 67 0 0 0 93 72 0 35 94 0 0 44 100 23 13 0 0 75 3 38 0 0 18 78 0 34 57 0 39 69 95 0 0
 17 49 0 0 0 0 0 52 63 10 0 49 0 53 0 0 81 26 0 0 74 0 85 44 0 0 41 0 0 0 89 0 0 0 0 0 27 21 0 0
 85 0 0 23 0 0 0 0 0 0 48 0 0 13 78 0 98 0 0 0 4 0 0 97 0 10 54 0 43 6 0 0 0 0 66 81 63 0 17 0
 0 21 10 49 58 0 0 24 47 44 19 0 33 0 0 3 37 9 16 20 12 0 28 0 9 22 29 30 19 0 0 0 1 56 35 10 32 64 99 0
 0 61 29 18 71 86 0 0 0 62 63 7 0 54 87 0 0 0 13 56 0 0 0 72 82 0 51 0 0 58 41 0 0 0 0 0 0 0 28 19
 8 34 0 0 26 0 78 0 63 78 11 96 85 0 89 0 20 97 44 0 31 98 52 0 0 39 0 0 95 61 73 97 99 66 0 83 0 63 35 0
 0 0 34 0 66 0 54 0 0 41 68 0 0 10 9 100 0 0 34 0 0 45 0 0 0 57 0 25 0 48 0 0 17 0 0 0 0 0 0 3
 0 0 39 0 42 0 0 0 0 0 66 0 0 0 51 0 18 49 0 85 18 28 36 0 0 71 32 0 87 0 0 24 48 39 0 0 62 45 0 96
 0 0 47 14 0 0 0 0 0 0 0 0 0 69 0 23 0 0 0 0 96 41 0 0 0 0 0 52 0 2 39 0 63 0 0 0 31 0 40 76
 0 20 0 0 8 43 0 0 45 42 2 0 81 0 0 0 0 98 97 91 0 54 0 94 38 0 26 69 0 0 0 0 0 0 0 0 0 0 15 74
 48 4 0 49 1 0 28 0 39 8 56 0 0 5 90 32 82 0 3 0 26 0 0 48 34 61 6 83 43 0 0 15 0 0 0 0 33 37 16 6
 7 0 22 0 0 36 0 65 0 11 0 30 0 0 0 0 0 22 15 0 0 9 21 30 64 14 0 0 55 64 17 0 95 0 21 0 0 52 10 0
 31 27 0 14 0 51 0 0 0 0 24 27 0 31 0 30 87 0 0 23 1 0 9 0 4 43 33 56 44 15 0 0 80 0 0 0 0 0 70 0
 11 40 0 84 39 0 67 71 0 3 0 39 0 91 0 0 0 30 0 57 0 0 0 0 0 0 0 0 19 86 0 68 0 0 0 0 0 0 14 0
 31 19 56 0 0 0 34 0 14 0 6 4 0 56 0 42 0 4 0 0 0 0 17 0 75 0 0 0 26 0 0 2 0 0 8 0 0 53 0 0
 0 0 1 0 69 0 39 0 38 0 35 0 80 0 95 0 0 0 0 0 0 8 0 0 0 21 75 32 5 60 64 67 0 6 22 0 0 72 0 88
 65 0 0 78 59 0 0 0 0 39 81 0 0 0 24 87 95 60 0 88 0 52 0 0 0 0 0 0 0 91 0 80 100 48 0 38 0 100 78 45
 34 0 0 43 15 0 0 30 88 0 67 0 55 4 0 0 80 61 0 0 0 0 21 0 0 0 9 1 28 74 0 66 95 0 45 33 0 0 54 0
 1 15 0 0 0 0 64 0 24 0 0 81 0 88 0 9 48 100 40 70 0 42 0 0 21 0 80 0 0 0 82 0 100 0 0 0 0 0 0 70
 5 30 0 59 50 98 97 0 0 0 0 0 77 0 76 56 83 0 0 28 0 0 0 11 35 35 0 90 0 22 0 0 0 32 0 0 80 44 25 0
 41 28 57 0 53 0 79 0 64 0 92 66 97 0 0 79 0 50 21 0 0 30 0 68 32 36 0 0 0 0 0 0 34 31 48 75 27 29 82 0
 0 8 62 0 0 75 0 57 94 31 9 0 0 0 85 72 53 98 48 66 36 0 0 0 55 33 9 20 21 31 93 0 96 8 0 7 14 57 0 0
 0 0 0 52 53 0 0 17 75 71 59 0 0 0 0 100 0 26 57 100 0 0 0 0 0 5 81 0 45 0 0 0 71 20 24 88 0 50 0 0
 6 76 0 7 0 0 46 0 0 0 66 94 0 0 0 83 71 0 66 100 48 0 0 0 0 0 73 0 91 0 0 84 96 0 83 0 61 0 86 0
 0 27 0 0 0 0 0 65 97 0 13 0 0 58 0 92 46 0 67 0 0 96 94 0 0 0 0 22 0 0 96 70 98 0 77 0 0 82 0 0
 0 0 25 31 28 0 54 68 0 32 0 0 0 27 0 4 70 0 58 0 90 0 41 0 9 7 0 0 0 0 0 0 0 53 73 35 4 66 0 0
 0 32 43 25 0 0 0 0 93 0 21 11 0 0 0 0 0 0 20 0 20 50 57 0 0 0 66 82 0 76 0 0 80 0 0 87 0 0 0 60
 14 67 0 66 0 19 0 0 0 17 0 39 48 0 0 0 63 0 0 0 95 0 26 0 77 62 62 40 0 0 57 0 0 70 99 0 62 62 60 94
 1 70 0 0 100 42 0 0 90 61 0 97 65 0 83 97 28 0 31 89 0 55 69 0 43 40 0 53 21 0 0 0 0 0 75 0 37 96 19 0
 19 17 13 7 76 88 6 0 99 0 5 38 0 41 99 0 0 0 0 0 27 89 8 88 2 0 0 32 66 17 27 0 0 0 9 86 61 91 63 0
 77 0 0 25 5 0 40 0 0 0 0 67 49 0 0 6 29 43 0 0 0 25 0 0 0 0 0 47 0 46 60 7 0 43 0 0 18 19 64 11
 5 86 0 50 97 0 88 0 71 0 52 71 24 69 85 98 83 0 0 73 64 0 0 0 0 61 0 0 0 0 81 54 0 0 0 79 0 35 0 61
 0 50 7 9 0 0 14 30 79 61 40 42 84 0 79 49 0 0 4 0 27 75 0 91 0 0 0 0 100 0 0 0 57 28 0 0 1 10 105 0
 69 51 0 13 0 0 92 0 58 3 37 15 68 94 89 46 0 25 0 0 26 39 0 0 0 73 4 0 0 3 8 0 0 0 27 0 0 34 30 88
 42 62 0 0 0 0 96 16 74 0 0 94 0 23 57 62 77 90 34 72 86 0 0 0 25 0 99 0 84 0 0 0 0 38 0 88 0 0 0 58
 51 53 0 0 8 0 26 0 64 0 30 94 0 0 91 20 0 0 0 72 13 0 0 0 0 53 0 0 57 0 0 0 0 0 0 0 4 0 105 90
 0 0 4 33 0 0 0 0 90 75 0 0 0 0 0 0 60 73 0 0 21 0 0 65 9 0 37 86 94 0 0 0 0 4 0 0 83 0 0 84
 20 22 38 18 55 0 0 10 0 0 0 0 0 65 61 38 85 0 0 86 0 13 24 14 72 83 6 23 0 0 13 30 0 0 14 0 0 0 0 0
