44
 0 55 0 0 0 0 0 0 47 39 93 0 0 0 88 0 112 94 0 1 0 81 3 0 0 0 0 0 0 35 0 76 0 69 0 0 0 0 9 0 0 86 0 0
 0 0 0 0 88 47 0 42 0 0 0 24 23 0 28 6 19 0 11 153 0 94 146 0 0 5 72 69 0 52 93 0 0 83 30 0 0 50 51 100 0 1 0 137
 81 75 0 125 0 25 73 0 0 48 90 0 0 99 14 84 0 0 23 37 0 57 17 0 125 76 76 68 0 49 125 109 109 11 81 9 74 0 54 82 85 103 0 0
 9 104 0 0 78 29 25 0 0 12 59 0 0 81 119 41 70 0 45 0 30 0 0 75 10 21 74 0 22 35 134 0 0 0 115 0 0 0 7 0 86 41 57 84
 43 0 44 0 0 0 78 27 33 30 88 39 17 0 51 15 18 0 4 34 0 0 36 23 106 0 33 0 133 60 0 57 116 0 64 20 0 0 30 0 53 21 88 23
 46 0 0 0 65 0 0 19 0 91 0 0 65 0 0 26 146 0 0 7 80 0 0 0 59 0 43 0 0 0 0 52 55 81 0 44 0 0 57 57 49 10 72 0
 22 74 0 0 0 4 0 0 82 0 0 83 0 92 79 45 0 0 0 36 78 0 24 100 0 0 78 94 0 71 0 0 0 52 0 0 94 0 0 47 0 0 0 0
 32 0 54 55 0 0 94 0 0 0 89 0 0 0 0 0 0 0 98 62 0 89 0 0 0 0 52 0 0 0 0 41 21 76 0 0 0 0 33 0 0 0 78 0
 0 107 99 33 0 22 0 72 0 70 94 0 4 19 66 0 16 0 73 54 69 8 136 0 0 88 0 0 28 35 0 54 0 54 8 0 0 0 54 0 0 69 0 62
 0 107 0 0 0 0 51 49 0 0 23 133 0 22 1 69 124 0 0 72 23 0 92 0 77 0 0 0 0 0 0 0 0 0 37 33 0 105 59 93 0 35 0 6
 0 130 0 0 0 0 95 0 0 0 0 0 39 20 62 94 65 0 88 30 52 20 0 91 29 78 0 24 123 0 50 0 0 53 32 47 98 73 100 0 11 21 34 45
 62 0 75 79 0 27 0 46 76 0 96 0 0 0 0 65 31 40 60 3 132 0 0 79 0 0 0 49 104 0 95 0 0 0 0 0 0 49 0 0 4 65 0 80
 57 0 15 43 0 0 1 70 0 88 0 83 0 85 107 0 51 68 79 87 99 0 0 87 0 103 0 0 0 75 15 76 0 0 0 76 0 0 0 69 0 0 0 0
 27 95 0 0 53 67 0 112 0 0 0 74 0 0 33 0 0 0 0 0 111 65 49 26 0 32 83 0 34 32 43 0 61 52 56 89 0 0 59 61 2 66 87 0
 0 0 0 0 0 39 0 135 0 0 0 86 0 0 0 0 80 0 0 107 0 0 87 37 0 40 0 57 0 0 0 0 0 56 0 94 0 80 0 93 145 72 0 0
 73 0 0 0 0 0 0 25 57 0 0 0 82 91 44 0 55 37 0 74 0 0 50 0 0 0 0 0 0 96 84 0 84 8 0 0 67 0 0 97 40 0 0 96
 0 0 88 0 0 0 92 9 0 0 0 0 0 59 0 0 0 0 0 111 0 42 0 0 93 16 63 0 0 0 0 0 0 17 0 0 0 0 34 0 0 0 0 0
 0 45 72 6 13 74 34 31 51 17 79 0 0 18 60 0 16 0 84 0 89 0 64 0 52 54 0 32 38 52 29 118 112 38 78 15 0 0 0 0 0 25 6 0
 25 0 0 0 0 80 52 0 0 144 0 0 0 0 67 24 48 0 0 104 10 20 35 0 0 115 6 0 64 0 0 79 0 74 0 57 76 1 0 0 116 30 0 92
 0 0 0 58 0 0 0 0 0 0 0 0 0 96 0 0 0 71 0 0 0 71 0 0 0 0 64 0 0 0 100 68 94 83 0 0 0 42 63 0 0 0 0 96
 10 50 40 0 42 0 0 69 0 0 0 0 0 0 110 52 55 0 0 19 0 0 14 0 0 18 0 0 85 56 5 0 0 3 0 78 0 68 0 0 48 0 0 97
 0 0 0 53 63 93 24 0 0 26 0 105 31 0 17 54 0 45 0 0 26 0 120 46 0 50 32 0 38 45 38 0 98 30 58 0 0 37 0 0 81 0 87 62
 0 0 0 84 0 79 0 60 0 0 57 58 70 0 0 0 41 0 0 51 0 0 0 80 0 0 68 0 100 0 79 89 0 69 86 81 0 0 12 0 0 70 65 0
 37 80 33 0 0 54 0 118 13 26 0 0 0 0 0 30 52 69 23 88 59 0 0 0 0 16 71 62 0 0 0 0 81 0 0 0 49 0 33 63 0 81 73 0
 133 59 0 0 0 0 30 17 26 0 0 105 73 11 54 118 0 0 46 25 23 35 63 82 0 36 0 0 59 54 34 0 0 25 6 0 0 0 8 0 34 70 0 103
 70 0 0 0 56 60 90 51 0 85 0 94 0 0 0 75 0 0 0 45 0 0 108 0 0 0 0 0 91 0 0 0 0 57 0 77 0 0 67 0 17 0 78 46
 3 0 0 0 0 0 0 0 8 43 32 25 56 0 63 77 0 85 0 0 104 0 0 0 55 87 0 0 26 22 133 7 0 43 0 0 0 0 60 0 0 96 0 57
 78 0 0 2 3 76 0 22 67 126 0 0 22 24 0 41 97 0 75 52 101 50 35 0 57 76 13 0 89 13 58 8 73 6 59 21 0 58 60 0 24 67 51 113
 60 65 65 0 0 23 81 85 0 67 0 0 50 0 67 54 54 0 0 93 0 0 0 5 0 0 0 0 0 3 54 0 0 12 46 0 0 0 80 0 69 0 0 81
 0 0 0 0 0 78 0 118 0 65 32 87 0 0 12 0 36 0 57 101 0 0 35 101 0 2 0 0 0 0 84 0 0 0 0 0 0 65 0 0 0 0 0 0
 64 0 0 0 55 54 81 24 55 90 0 0 0 0 84 0 25 0 73 0 0 0 0 49 0 101 0 0 0 0 0 0 0 103 23 0 83 125 59 60 30 76 0 0
 0 7 0 77 0 0 100 0 0 86 75 59 0 115 84 112 50 0 0 0 14 52 0 81 91 100 0 0 22 89 75 0 0 93 51 0 87 0 65 89 79 66 0 0
 108 3 0 16 0 0 13 0 61 99 133 50 88 0 13 0 10 0 3 0 61 0 75 0 48 25 103 0 0 57 89 27 0 0 0 95 57 0 0 0 55 23 0 11
 0 0 0 73 89 0 0 0 0 98 0 55 30 0 0 0 0 0 0 0 0 0 0 32 0 0 0 0 0 92 0 0 46 0 0 0 0 28 0 0 0 75 0 0
 30 0 0 0 0 32 134 6 0 0 0 89 33 0 32 83 80 0 55 89 114 0 0 69 0 107 34 0 0 12 0 0 75 4 0 0 0 0 6 21 0 0 66 0
 54 14 0 13 0 0 63 20 127 0 0 44 0 0 0 114 17 0 0 54 0 64 0 51 14 0 121 0 56 88 20 6 0 27 64 0 0 0 0 50 0 0 87 130
 8 138 0 32 18 87 0 63 97 12 0 95 32 27 30 0 122 99 0 35 9 85 67 0 72 101 13 87 44 28 0 0 0 12 44 46 0 89 0 75 0 0 78 0
 50 0 0 5 7 65 88 14 17 0 0 0 80 47 0 84 9 49 0 0 0 0 75 62 68 27 89 0 30 0 0 32 98 0 29 17 0 0 0 66 0 0 0 108
 0 0 0 0 0 0 99 0 0 0 0 95 69 0 62 49 0 88 24 0 37 28 0 0 0 0 0 0 0 59 0 0 89 25 0 37 60 47 0 83 17 0 0 0
 102 0 0 64 24 0 0 76 20 0 69 22 0 0 0 0 100 33 28 51 82 123 143 0 59 82 1 35 72 50 0 0 34 70 0 0 0 0 0 0 0 70 0 0
 59 2 0 0 0 0 4 51 98 39 0 0 90 0 0 0 115 34 0 150 0 0 67 38 0 0 37 0 0 85 0 0 0 50 45 53 61 65 0 29 0 89 0 0
 0 0 0 0 0 0 77 53 0 0 0 0 44 0 0 3 44 0 0 133 73 56 0 0 0 57 0 0 75 112 0 0 0 0 21 78 51 69 31 0 0 0 78 33
 93 100 117 0 0 0 23 0 50 85 0 47 89 0 105 35 55 0 17 88 27 0 0 0 0 0 104 0 99 4 87 15 100 11 0 0 0 55 65 55 27 0 0 0
 36 0 86 0 0 96 42 93 0 0 0 0 50 33 113 0 25 44 0 0 0 0 83 136 0 0 0 0 0 25 26 92 0 149 8 0 74 0 51 23 110 0 93 0
