44
 0 67 58 127 0 122 0 70 0 67 0 0 57 59 0 0 82 0 0 99 33 0 45 0 0 79 0 0 0 25 0 0 21 88 35 0 70 0 37 81 0 0 0 0
 0 0 0 0 0 0 20 28 0 78 0 0 90 0 37 48 0 0 0 37 0 0 42 86 0 33 19 0 0 0 49 34 23 0 100 0 41 51 0 0 0 0 0 0
 0 82 0 0 0 0 67 56 95 64 0 0 60 0 17 0 0 0 0 69 0 99 0 0 0 0 0 0 57 90 0 0 0 53 99 0 0 0 0 64 0 95 67 0
 0 52 2 0 0 0 0 0 0 47 0 69 0 23 22 83 0 0 0 85 61 34 51 29 0 96 7 0 24 12 59 25 67 57 0 67 0 33 77 6 0 0 84 4
 57 65 69 70 0 28 0 0 0 60 0 0 59 35 0 0 0 87 22 32 0 0 62 94 91 0 76 0 0 42 47 27 75 0 61 0 95 48 66 29 0 98 0 24
 0 36 84 80 0 0 0 0 0 23 58 0 0 0 0 85 12 78 0 96 97 0 0 38 0 103 113 0 0 0 3 0 0 0 0 60 0 43 0 0 0 23 0 0
 90 0 0 37 44 105 0 88 0 0 0 31 61 22 0 51 75 84 0 0 0 0 0 7 0 2 38 0 0 35 0 0 0 0 0 0 0 0 45 0 0 14 29 109
 0 0 0 79 77 12 0 0 89 0 0 0 55 22 107 97 118 0 0 0 57 61 93 55 0 85 0 0 121 0 0 0 56 0 0 0 0 0 87 122 0 0 0 38
 27 53 0 3 85 82 38 0 0 126 0 56 47 4 58 0 14 29 0 11 72 116 29 0 0 0 29 0 0 8 0 19 75 63 76 0 0 0 18 7 67 0 0 58
 0 0 0 0 0 0 66 61 0 0 0 91 98 0 47 0 34 14 0 51 0 64 83 0 73 0 0 90 0 0 0 10 10 14 70 0 15 0 0 26 41 63 0 0
 28 93 61 95 38 0 97 107 94 105 0 0 18 80 0 0 29 0 93 82 37 0 24 0 76 26 38 70 35 0 0 0 25 87 92 0 0 65 17 0 42 0 124 0
 36 75 109 0 32 63 0 59 0 0 61 0 47 0 0 10 29 0 58 37 39 79 27 0 0 0 110 51 27 7 17 0 96 36 0 0 5 11 0 0 90 0 0 37
 0 0 0 95 0 41 0 0 0 0 0 0 0 0 24 0 54 0 99 0 3 0 72 4 0 16 39 0 8 78 90 0 70 0 0 88 17 70 0 44 0 0 0 58
 0 96 23 0 0 2 0 0 0 84 0 44 82 0 68 17 0 60 85 0 54 0 0 29 91 0 0 92 6 0 22 0 83 0 41 0 0 96 0 0 0 0 0 0
 96 0 0 0 13 22 54 0 0 0 64 88 0 0 0 86 33 0 71 77 72 71 15 0 7 0 0 0 89 0 46 0 0 0 52 0 0 84 0 75 0 69 0 40
 19 0 117 0 26 0 0 0 45 19 44 0 3 0 0 0 0 0 0 35 39 50 0 68 5 0 0 0 0 17 26 44 48 0 43 0 5 115 0 27 51 70 1 7
 0 87 12 65 71 0 0 0 0 0 0 0 0 0 0 4 0 0 0 0 0 72 52 0 42 76 37 93 0 0 0 0 22 0 50 0 0 0 66 0 51 23 0 91
 52 65 77 10 0 0 0 13 0 0 36 96 65 0 43 71 2 0 0 0 0 0 9 0 64 72 0 75 41 80 0 9 6 76 93 17 16 47 27 0 0 62 123 57
 48 27 29 98 0 13 32 64 69 94 0 0 0 0 0 5 37 25 0 60 60 14 63 115 26 22 21 20 0 0 126 33 40 0 93 71 133 63 0 41 112 0 36 57
 0 0 0 0 0 0 87 7 0 0 0 0 49 53 0 0 48 76 0 0 0 0 17 45 24 18 48 0 0 85 31 0 44 0 92 0 1 89 0 0 39 46 0 0
 0 3 129 0 97 0 92 0 0 40 0 0 0 0 0 0 73 69 0 50 0 90 15 22 0 11 49 0 75 0 0 7 64 0 0 94 82 0 0 71 0 0 0 15
 90 53 0 0 14 86 9 0 0 0 57 0 43 106 0 0 0 67 0 18 0 0 3 0 0 50 4 0 38 0 21 26 47 0 78 93 3 0 0 16 0 92 12 110
 0 0 48 0 0 16 54 0 0 0 0 0 0 12 0 94 0 0 0 0 0 0 0 0 0 102 0 0 0 0 35 0 82 49 80 60 18 99 0 9 71 72 88 0
 6 0 19 0 0 0 0 0 47 34 93 71 0 0 34 0 43 0 0 0 0 94 32 0 61 0 5 87 78 0 20 57 0 0 0 0 0 0 70 83 0 12 100 0
 48 89 5 39 0 14 82 15 81 0 0 54 78 0 0 0 0 0 0 0 34 53 1 0 0 22 0 0 0 18 110 4 0 17 0 30 97 0 0 0 0 13 0 0
 0 0 43 0 76 0 0 0 49 85 0 85 0 95 30 99 0 0 0 0 0 0 0 81 0 0 12 0 0 0 76 0 4 0 0 0 1 0 32 80 53 26 0 0
 99 0 74 0 0 0 0 79 0 56 0 0 0 80 99 49 0 41 0 0 0 0 100 0 47 0 0 0 0 0 0 0 51 0 0 0 55 74 97 96 0 0 0 0
 20 3 14 70 83 69 12 35 33 0 0 0 19 0 85 70 0 0 0 32 96 118 43 0 6 116 90 0 0 41 4 60 33 0 0 0 0 0 9 5 0 0 0 0
 64 66 0 0 61 77 48 0 16 95 0 0 0 0 0 85 75 0 68 92 0 0 88 0 92 75 63 59 0 0 0 0 0 0 0 56 28 89 0 76 80 109 0 0
 0 68 0 0 0 36 0 107 0 30 65 0 0 32 11 0 39 0 72 0 68 54 11 36 0 74 13 0 28 0 108 107 0 79 86 82 0 0 72 63 0 0 95 0
 17 0 36 0 0 0 80 87 75 94 0 0 0 0 0 0 38 0 0 0 99 0 0 0 0 0 72 0 77 0 0 61 127 36 57 0 0 0 0 0 0 0 81 0
 0 0 68 0 0 16 94 67 0 0 60 85 41 84 34 0 135 0 0 78 0 0 11 0 0 66 46 0 70 0 0 0 0 75 87 0 18 0 0 89 0 0 95 0
 0 0 56 0 0 85 31 0 0 0 0 0 0 0 73 0 0 0 0 0 0 0 0 93 35 0 0 0 97 79 0 97 0 0 0 73 0 0 49 0 25 92 62 73
 0 3 0 0 81 68 38 46 0 0 0 0 4 47 8 11 28 0 51 69 39 32 0 24 0 32 53 4 43 0 0 0 33 0 40 80 64 9 0 0 53 96 0 0
 0 0 0 45 0 87 4 114 0 0 0 87 50 0 0 0 0 0 0 0 91 0 0 93 48 68 31 22 29 0 0 0 13 0 0 0 7 36 0 0 122 126 0 109
 77 20 42 0 25 0 4 10 39 21 56 59 0 39 44 81 42 0 0 20 0 0 0 23 0 35 3 84 0 0 19 71 0 0 85 0 36 23 16 59 0 72 16 0
 0 0 59 66 0 84 59 26 96 0 56 0 0 100 94 0 48 0 0 0 0 0 0 89 0 0 0 95 0 63 67 0 40 0 0 0 0 78 0 8 0 0 0 0
 90 0 81 0 0 0 83 39 40 37 0 0 0 0 0 0 129 0 0 0 84 88 0 33 86 37 0 72 0 61 49 49 60 0 0 0 0 0 73 37 0 59 65 0
 0 83 120 0 0 4 0 0 0 14 0 50 28 92 116 95 0 0 80 92 31 82 31 0 51 0 0 0 15 0 45 43 0 82 42 0 46 0 0 0 0 23 0 0
 0 85 0 0 0 71 85 0 0 0 18 5 0 61 0 0 4 66 0 35 0 0 0 0 93 0 0 0 0 0 62 0 56 39 90 0 0 0 100 0 0 17 0 35
 57 59 35 8 13 17 71 4 0 0 0 0 43 25 88 0 0 78 0 0 11 68 0 88 83 0 51 50 0 75 72 72 0 0 0 0 61 28 28 27 0 62 120 23
 92 50 0 68 0 0 0 61 79 0 75 88 79 25 0 0 0 0 12 0 92 0 0 0 0 0 16 87 0 44 51 42 0 0 0 0 6 0 0 0 0 0 0 0
 28 53 0 0 56 45 0 92 85 41 0 73 42 23 14 0 37 0 0 102 50 0 0 0 72 51 29 87 56 0 0 0 0 97 26 0 39 0 33 75 0 71 0 0
 91 87 58 0 0 109 0 0 0 98 44 0 0 102 0 0 0 0 0 42 0 0 84 115 72 9 48 90 81 41 35 100 0 70 0 95 35 100 14 0 0 39 58 0
