44
 0 0 0 16 78 0 1 0 44 0 93 0 122 145 70 0 0 0 0 100 0 0 0 0 0 0 0 0 0 0 0 0 0 0 0 82 0 0 0 0 44 52 70 0
 34 0 0 77 0 0 97 0 0 0 0 0 0 26 84 0 0 8 0 27 79 0 75 0 0 0 0 128 0 0 0 0 61 96 0 0 91 0 35 0 0 0 0 0
 90 78 0 102 0 85 63 0 0 50 40 0 65 0 0 8 23 96 37 0 27 0 0 25 0 0 40 0 0 16 0 67 147 0 0 109 0 0 0 0 23 6 0 0
 0 0 0 0 88 0 42 0 73 0 53 0 0 145 0 0 0 0 52 0 0 0 0 0 0 0 0 0 0 0 0 74 0 0 98 8 0 0 0 0 60 0 0 0
 0 27 97 0 0 0 98 0 113 48 21 89 80 9 0 5 137 0 87 89 0 0 0 26 0 0 122 52 0 93 0 0 50 0 100 49 54 0 55 8 23 52 0 0
 82 120 0 128 75 0 7 0 87 9 0 0 43 88 0 35 0 0 27 106 1 67 0 0 86 0 37 29 0 8 0 48 0 0 0 34 0 0 90 114 95 0 98 0
 0 0 0 0 0 0 0 0 0 36 0 0 42 0 0 0 81 0 61 0 58 48 0 0 0 85 0 0 0 0 0 100 65 0 0 0 0 0 0 0 0 0 40 0
 80 61 72 71 17 100 110 0 0 0 67 0 24 6 0 0 82 169 99 87 16 0 69 0 0 75 24 156 106 19 0 0 37 0 0 57 0 0 0 50 59 121 0 0
 0 6 44 0 0 0 77 23 0 0 0 0 85 28 0 0 0 24 0 46 110 29 0 0 0 0 0 147 0 0 0 0 0 0 0 52 0 0 72 81 103 94 0 0
 95 25 0 102 0 0 0 127 21 0 78 0 136 0 0 14 29 11 36 0 53 151 0 0 0 36 56 117 15 14 34 0 65 19 0 70 54 0 31 11 168 125 3 0
 0 123 0 0 0 92 104 0 40 0 0 0 59 74 0 145 4 0 122 68 0 0 0 0 90 0 0 25 23 63 57 141 17 62 0 32 0 12 86 0 59 0 60 57
 28 95 23 122 0 21 91 41 103 51 25 0 19 12 64 112 53 0 0 1 66 16 45 63 25 58 70 2 46 6 34 86 65 0 0 0 0 153 84 0 113 8 0 115
 0 90 0 117 0 0 0 0 0 0 0 0 0 0 10 0 0 0 0 90 0 0 100 0 47 0 85 0 0 37 0 0 0 0 37 67 29 0 135 0 102 0 80 45
 0 0 78 0 0 0 98 0 0 42 0 0 30 0 12 0 0 0 79 0 0 0 0 0 65 0 88 0 96 94 0 0 0 0 83 61 0 0 0 58 71 0 86 0
 0 0 12 67 101 10 29 40 21 100 42 0 0 0 0 0 15 116 118 0 101 20 47 144 82 48 33 106 105 54 0 124 0 87 0 129 41 8 34 33 18 50 0 0
 46 59 0 73 0 0 19 18 97 0 0 0 63 35 40 0 0 92 84 0 78 0 56 0 81 0 0 0 0 0 0 99 0 0 0 129 0 92 83 0 0 77 0 0
 114 91 0 37 0 54 0 0 92 0 0 0 123 143 0 103 0 11 26 56 94 59 69 0 79 0 0 35 44 0 94 0 0 0 91 0 0 68 0 0 83 46 0 0
 56 0 0 91 62 90 103 0 0 0 98 89 37 34 0 0 0 0 0 65 0 0 0 0 0 0 42 0 36 0 0 31 0 14 100 143 0 0 0 0 32 47 0 0
 93 102 0 0 0 0 0 0 77 0 0 93 149 0 0 0 0 62 0 0 41 44 85 54 46 0 58 19 0 0 0 0 0 31 0 0 0 0 112 77 93 140 73 0
 0 0 84 12 0 0 52 0 0 25 0 0 0 53 41 103 0 0 75 0 57 0 0 93 76 0 0 0 14 0 0 0 0 80 0 12 76 0 48 63 68 75 0 0
 55 0 0 114 97 0 0 0 0 0 58 0 23 71 0 0 0 130 0 0 0 0 64 43 61 37 95 10 0 62 0 0 0 30 79 16 0 0 63 108 0 12 0 23
 99 95 25 110 99 0 0 171 0 0 105 0 40 0 0 108 0 14 0 19 116 0 68 97 19 0 107 35 97 0 106 93 0 73 0 7 0 17 2 66 0 57 0 0
 16 0 72 47 30 69 40 0 169 82 47 0 0 50 0 0 0 89 0 91 0 0 0 1 8 0 23 0 95 15 0 0 88 86 0 41 0 100 10 34 0 4 0 0
 5 123 0 55 0 99 0 39 65 46 46 0 25 54 0 132 67 7 0 0 0 0 0 0 22 0 0 76 0 0 0 0 0 0 68 27 0 0 1 128 0 8 0 35
 16 53 78 31 74 0 7 100 32 79 0 0 0 0 0 0 0 46 0 0 0 0 0 0 0 0 15 0 0 48 0 0 14 0 0 9 0 0 138 64 63 0 0 44
 128 20 51 110 55 104 0 0 124 0 36 0 12 7 0 79 50 34 75 101 0 133 119 57 3 0 117 26 0 133 111 43 36 0 0 129 81 104 139 4 0 127 0 0
 102 46 0 118 0 0 77 0 65 0 35 0 0 0 0 124 93 0 0 52 0 0 0 75 0 0 0 40 0 0 0 0 90 98 0 100 0 0 25 0 54 51 41 0
 81 0 82 89 0 0 32 0 0 0 0 0 83 40 0 48 0 5 0 104 0 0 45 0 98 0 0 0 0 0 0 0 116 84 0 0 0 0 0 85 118 50 18 0
 1 76 91 70 24 71 16 0 12 0 0 0 69 0 0 109 0 0 89 0 91 0 0 1 151 37 156 103 0 0 0 81 0 96 0 0 33 0 0 0 115 70 0 0
 3 92 0 70 0 0 55 0 27 0 0 0 0 0 0 27 85 98 68 41 0 48 0 46 0 0 20 131 64 0 0 0 16 0 97 122 0 59 164 84 7 62 0 0
 64 39 6 34 24 131 30 62 49 0 0 0 58 30 88 100 0 75 104 122 90 0 87 13 45 0 133 139 19 19 0 0 31 0 0 50 0 160 17 0 101 0 80 0
 150 150 0 0 98 0 0 92 120 25 0 0 91 130 0 0 7 0 107 6 18 0 58 39 37 0 104 143 0 134 58 0 0 0 0 0 81 0 92 133 10 6 36 98
 86 0 0 37 0 100 0 0 68 0 0 0 8 105 85 57 67 68 0 95 61 15 0 93 0 0 0 0 52 0 0 0 0 34 0 35 90 91 12 0 0 0 0 0
 56 0 7 13 8 53 73 70 60 0 0 118 67 24 0 22 71 0 0 0 0 0 0 25 156 80 0 0 0 49 125 106 0 0 90 60 0 99 79 79 0 36 151 64
 70 43 39 0 0 1 2 15 36 87 123 11 0 0 65 89 0 0 149 12 0 118 110 0 110 42 114 71 37 0 71 112 40 0 0 88 0 60 88 94 0 6 54 118
 0 49 0 0 0 0 79 0 0 0 0 84 0 0 0 0 99 0 72 0 0 0 0 0 0 0 0 51 46 0 0 100 0 0 0 0 0 0 69 0 0 0 0 0
 72 0 9 33 0 20 114 0 111 0 109 72 0 145 0 64 45 27 126 0 61 110 55 5 58 0 36 39 0 99 114 0 0 2 37 54 0 42 75 84 69 0 33 108
 15 131 72 62 105 64 59 61 86 0 0 0 15 64 0 0 0 166 91 44 59 0 0 133 16 0 61 56 13 0 0 85 0 0 0 97 0 0 0 0 94 0 0 0
 77 0 15 100 0 0 34 86 0 0 0 0 0 85 0 0 0 55 0 0 0 0 0 0 0 0 0 2 77 0 0 0 0 0 0 0 0 97 0 0 0 0 0 0
 123 68 83 27 0 0 105 0 0 0 82 53 14 0 0 27 81 61 0 0 0 0 0 0 0 0 81 0 42 0 99 0 45 0 0 57 0 71 20 0 5 0 0 0
 0 38 0 0 0 0 84 0 0 0 0 0 0 0 0 83 0 0 0 0 99 82 50 66 0 98 0 0 0 0 0 0 55 52 68 77 0 0 46 0 0 0 0 0
 0 47 0 121 0 84 101 0 0 0 20 0 22 12 0 0 0 0 0 0 0 0 0 0 97 0 0 0 0 0 40 0 139 0 0 84 95 57 90 70 3 0 0 0
 0 72 20 57 54 0 0 106 95 0 0 65 0 0 54 54 117 85 0 6 110 60 42 53 106 109 0 0 61 103 0 0 106 0 0 17 0 77 18 20 50 13 0 133
 16 103 11 130 113 14 138 30 36 68 0 0 0 153 44 21 42 28 86 90 0 145 135 0 0 50 87 2 4 170 171 0 19 0 0 81 0 34 32 139 49 86 0 0
