44
 0 40 80 16 101 13 37 3 6 66 0 11 46 94 47 93 0 71 40 11 30 2 27 22 73 78 60 41 108 0 4 0 0 0 52 0 55 0 8 23 0 81 0 0
 0 0 4 50 13 63 98 0 0 55 0 0 0 36 71 16 0 0 67 0 0 0 0 0 0 0 0 51 84 0 0 84 0 55 0 0 82 0 54 0 0 93 85 11
 0 0 0 0 21 18 44 69 29 42 0 0 0 0 0 93 0 0 5 86 0 11 41 0 80 11 43 0 6 0 0 0 27 0 49 18 58 37 0 0 0 0 38 0
 0 0 32 0 96 0 0 75 59 91 0 88 0 43 0 0 0 0 0 58 82 100 80 0 0 0 0 100 38 0 66 92 0 63 0 0 44 0 0 0 44 0 0 0
 0 0 0 0 0 78 68 0 0 0 0 60 0 3 21 0 0 0 95 62 98 0 0 12 0 0 0 0 96 0 0 0 0 99 0 0 0 56 66 65 0 0 0 29
 0 0 0 0 0 0 65 0 42 0 0 0 0 36 0 0 0 0 93 66 0 52 0 36 0 92 93 0 30 0 0 0 0 59 89 0 60 60 97 67 0 94 0 10
 0 0 0 24 0 0 0 19 44 0 0 0 0 0 94 0 0 0 55 0 34 16 62 0 76 69 0 74 28 0 0 0 0 0 95 38 59 26 0 97 57 55 0 20
 0 117 0 0 12 61 0 0 0 0 0 0 38 2 0 2 0 82 0 17 0 84 48 60 34 86 17 0 96 0 0 66 22 0 0 5 0 0 0 0 0 62 37 0
 0 32 0 0 9 0 0 54 0 0 0 0 0 56 0 0 44 88 0 0 63 0 11 26 0 74 0 0 0 0 0 0 95 100 35 67 0 0 75 0 0 0 54 19
 0 0 0 0 14 19 98 44 53 0 17 0 84 56 0 67 92 0 0 0 0 0 98 3 85 0 0 0 69 0 0 0 0 0 0 0 97 0 0 0 0 93 0 0
 0 22 40 63 40 14 74 94 85 0 0 0 58 23 90 53 82 0 0 95 8 0 0 6 0 0 43 83 0 64 0 95 98 0 86 0 0 0 0 91 0 0 0 84
 0 73 38 0 0 23 100 89 76 12 19 0 0 51 0 20 0 0 0 44 0 0 0 0 35 0 58 0 0 0 0 20 0 0 48 102 0 53 0 0 66 19 0 0
 0 13 70 42 10 34 94 0 99 0 0 0 0 0 69 4 0 0 98 0 89 0 0 0 97 0 0 0 0 12 100 79 0 0 0 82 53 0 0 0 61 0 0 0
 0 0 77 0 0 0 64 0 0 0 0 0 95 0 0 0 93 31 0 80 73 91 0 0 0 0 22 0 80 99 42 0 0 0 0 0 0 0 84 71 0 0 84 51
 0 0 69 117 0 47 0 0 16 13 0 65 0 21 0 0 48 39 32 0 0 99 0 36 58 107 0 33 0 0 43 40 0 0 6 88 0 99 1 4 39 42 14 10
 0 0 0 18 71 29 54 0 39 0 0 0 0 0 26 0 0 0 69 0 0 0 0 0 0 0 0 90 0 0 64 0 57 70 0 60 0 0 0 50 85 99 97 27
 76 36 52 1 27 24 80 6 0 0 0 25 26 0 0 6 0 45 15 27 42 0 31 0 0 49 81 0 0 0 0 0 3 0 81 0 0 31 93 0 21 0 0 0
 0 4 85 70 18 23 4 0 0 105 54 36 2 0 0 17 0 0 42 0 6 0 48 71 31 55 21 0 7 89 24 20 12 50 0 54 0 14 0 6 0 0 76 89
 0 0 0 48 0 0 0 100 88 30 4 74 0 51 0 0 0 0 0 0 0 0 49 8 69 76 0 45 0 27 96 66 0 0 0 97 81 0 0 0 26 70 0 42
 0 111 0 0 0 0 84 0 45 71 0 0 91 0 53 19 0 100 26 0 0 26 41 83 0 0 0 0 0 82 66 0 0 0 81 6 92 27 29 0 26 0 29 0
 0 37 78 0 0 31 0 36 0 76 0 82 0 0 96 30 0 0 28 9 0 39 0 0 0 15 0 0 98 7 0 30 0 89 0 2 0 39 0 0 39 20 0 57
 0 19 0 0 16 0 0 0 30 46 102 87 79 0 0 58 62 75 33 0 0 0 56 12 24 0 0 0 0 0 62 0 40 5 68 0 0 16 0 0 79 58 46 0
 0 83 0 0 5 69 0 0 0 0 24 79 40 6 62 48 0 0 0 0 0 0 0 29 99 86 25 0 62 0 47 0 0 85 82 93 0 0 0 0 22 0 0 20
 0 90 38 39 0 0 51 0 0 0 0 87 99 42 0 24 64 0 0 0 77 0 0 0 0 0 30 0 0 0 78 5 0 0 75 70 22 64 0 0 0 93 0 96
 0 67 0 88 58 25 0 0 45 0 86 0 0 12 0 37 64 0 0 60 37 0 0 22 0 11 0 68 0 19 0 0 0 28 0 12 0 0 0 66 0 0 6 0
 0 9 0 54 79 0 0 0 0 63 2 61 69 73 0 3 0 0 0 10 0 91 0 27 0 0 48 37 86 66 0 0 31 0 0 52 90 59 0 0 0 35 70 0
 0 4 0 96 85 0 31 0 4 29 0 0 30 0 91 65 0 0 81 58 82 76 0 0 84 0 0 0 69 28 76 67 100 0 77 0 83 82 60 39 10 0 0 55
 0 0 54 0 25 32 0 33 87 28 0 102 31 87 0 0 15 28 0 40 34 96 6 25 0 0 9 0 26 85 66 6 0 0 45 0 0 0 0 0 68 0 11 10
 0 0 0 0 0 0 0 0 10 0 17 51 34 0 76 74 40 0 100 17 0 0 0 79 15 0 0 0 0 0 93 0 17 0 0 41 66 106 0 0 0 0 0 38
 17 8 93 13 54 0 99 72 8 36 0 53 0 0 95 14 62 0 0 0 0 24 11 43 0 0 0 0 86 0 88 89 0 48 0 0 0 47 98 100 36 67 16 45
 0 47 2 0 69 18 69 53 5 18 18 64 0 0 0 0 17 0 0 0 36 0 0 0 35 27 0 0 0 0 0 66 0 90 0 0 99 57 68 0 0 55 0 53
 54 0 71 0 14 82 19 0 18 36 0 0 0 23 0 7 78 0 0 90 0 97 36 0 41 32 0 0 90 0 0 0 69 0 0 0 64 38 97 62 0 0 53 0
 85 43 0 56 69 44 72 0 0 17 0 60 87 51 94 0 0 0 1 15 95 0 65 23 25 0 0 67 0 83 57 0 0 0 0 96 82 8 0 0 5 32 0 75
 62 0 12 0 0 0 42 58 0 9 60 40 39 29 80 0 6 0 57 111 0 0 0 37 0 58 76 39 66 0 0 7 76 0 12 23 0 81 0 0 48 13 58 0
 0 16 0 36 63 0 0 42 0 36 0 0 24 53 0 37 0 74 19 0 34 0 0 0 35 30 0 0 44 4 79 21 46 0 0 0 66 60 0 72 28 55 7 0
 99 48 0 17 40 35 0 0 0 44 77 0 0 53 0 0 100 0 0 0 0 61 0 0 0 0 33 93 0 96 42 36 0 0 90 0 0 0 0 0 0 0 0 0
 0 0 0 0 33 0 0 102 107 0 16 20 0 75 44 55 43 66 0 0 1 58 64 0 36 0 0 58 0 8 0 0 0 28 0 33 0 0 0 13 66 0 0 0
 75 55 0 34 0 0 0 52 24 39 11 0 38 67 0 41 0 0 67 0 0 0 35 0 53 0 0 85 0 0 0 0 0 0 0 63 90 0 0 0 0 38 50 0
 0 0 9 51 0 0 37 23 0 13 27 84 26 0 0 41 0 35 86 0 4 59 49 14 58 0 0 88 80 0 0 0 16 96 57 50 63 32 0 95 4 69 0 97
 0 11 10 85 0 0 0 12 7 19 0 8 27 0 0 0 25 0 83 33 49 49 27 46 0 94 0 42 101 0 24 0 39 59 0 0 0 0 0 0 0 28 0 54
 62 68 49 0 82 60 0 99 53 99 73 0 0 86 0 0 0 26 0 0 0 0 0 98 84 98 0 0 88 0 43 58 0 0 0 28 0 50 0 34 0 93 0 42
 0 0 51 20 32 0 0 0 82 0 65 0 19 41 0 0 96 74 0 20 0 0 68 0 44 0 0 15 47 0 0 95 0 0 0 25 11 0 0 0 0 0 0 0
 99 0 0 64 11 80 84 0 0 31 21 56 5 0 0 0 62 0 76 0 62 0 87 32 0 0 89 0 19 0 24 0 63 0 0 86 85 0 0 42 63 69 0 0
 76 0 86 16 0 0 0 72 0 47 0 90 67 0 0 0 32 0 0 90 0 24 0 0 65 34 0 0 0 0 0 86 0 94 77 14 68 86 0 0 0 96 94 0
