44
 0 0 0 0 0 0 0 51 92 0 18 0 0 0 96 0 0 99 64 0 0 0 52 0 0 93 0 0 0 0 80 88 0 56 0 0 79 132 0 59 0 98 0 0
 14 0 0 41 0 0 77 0 0 0 0 0 67 0 0 94 0 0 0 97 0 0 2 0 0 0 0 38 0 81 0 0 0 0 0 0 25 99 0 0 0 54 0 0
 39 28 0 0 131 77 38 55 0 0 62 0 0 0 99 43 138 0 0 0 49 90 0 82 66 72 83 126 0 0 140 0 0 32 0 10 128 43 84 0 0 0 0 119
 101 0 12 0 44 48 20 88 0 0 131 115 57 0 148 0 7 0 0 12 27 67 0 120 82 0 0 132 71 0 21 56 74 18 18 87 0 78 3 81 101 79 37 28
 61 27 0 0 0 0 81 127 40 119 6 78 120 36 0 51 96 84 0 38 21 103 135 17 0 99 11 61 0 0 0 0 0 10 50 49 56 0 0 0 0 0 49 17
 22 23 0 0 87 0 0 0 68 0 0 145 85 0 95 0 0 88 85 51 162 100 0 0 0 96 93 67 0 0 0 0 0 81 133 0 73 0 0 0 87 0 45 0
 43 0 0 0 0 95 0 0 37 0 0 0 143 0 0 87 0 0 83 103 0 77 107 32 0 0 0 14 0 87 0 0 0 129 139 0 0 88 0 0 0 0 116 139
 0 69 0 0 0 48 100 0 0 0 0 60 171 68 0 0 0 0 0 0 0 0 106 92 0 0 0 0 0 0 0 0 0 0 48 0 0 0 0 95 48 0 0 0
 0 20 96 15 0 0 0 37 0 86 152 122 127 139 0 0 0 0 99 29 0 30 40 0 109 75 6 0 0 96 114 0 0 23 0 0 157 49 92 76 73 39 60 89
 102 23 51 72 0 16 40 61 0 0 55 0 4 0 0 57 51 0 0 0 4 0 0 126 0 0 0 20 0 0 37 0 0 0 160 7 64 0 122 0 89 0 101 27
 0 111 0 0 0 77 88 152 0 0 0 0 0 0 0 0 0 0 85 0 0 0 0 0 0 0 72 135 0 0 0 0 0 66 0 0 0 90 0 0 0 0 0 0
 43 47 83 0 0 0 18 0 0 34 125 0 42 0 0 48 45 0 0 67 87 0 1 68 0 91 0 0 54 0 0 0 0 13 23 0 45 2 99 0 58 0 109 141
 84 0 93 0 0 0 0 0 0 0 67 0 0 0 0 0 97 0 46 0 0 0 89 28 0 0 68 116 0 0 0 92 0 0 0 72 0 33 0 0 0 0 0 0
 73 80 14 70 0 80 41 0 0 52 90 76 150 0 124 0 0 0 0 93 92 0 0 12 43 0 0 0 79 0 87 0 0 0 19 22 125 0 0 0 0 0 0 0
 0 164 0 0 45 0 26 45 99 65 89 79 151 0 0 0 95 0 0 0 120 0 19 48 72 0 0 0 70 0 84 0 0 21 20 20 39 108 89 0 0 0 93 53
 121 0 0 116 0 82 0 49 56 0 75 0 107 90 104 0 36 0 22 83 176 36 10 0 86 117 0 0 0 67 128 79 0 0 0 132 86 11 0 39 0 84 0 118
 78 24 0 0 0 5 41 3 94 0 74 0 0 96 0 0 0 0 0 75 0 80 0 0 0 73 0 146 0 0 0 0 0 0 150 93 0 7 0 0 0 0 71 99
 0 49 14 121 0 0 42 14 13 81 56 123 30 83 82 57 14 0 0 6 2 0 0 102 46 78 69 52 0 91 54 0 0 18 82 21 104 15 39 85 0 31 130 159
 0 137 96 82 47 0 0 39 0 118 0 78 0 52 51 0 74 87 0 83 17 0 25 54 142 68 12 0 0 0 40 0 0 62 53 96 71 20 27 0 0 0 27 159
 23 0 58 0 0 0 0 0 0 93 19 0 111 0 59 0 0 0 0 0 0 0 72 0 0 0 0 0 91 0 78 0 0 53 0 0 0 0 0 0 0 0 53 53
 61 8 0 0 0 0 138 30 47 0 48 0 125 0 0 0 129 0 0 93 0 72 13 124 0 91 0 26 0 0 66 71 0 7 104 50 34 0 48 0 0 74 31 81
 178 31 0 0 0 0 0 2 0 105 41 150 3 40 15 0 0 77 41 47 0 0 0 133 72 0 98 69 0 0 0 0 0 22 0 6 44 0 0 0 0 0 62 4
 0 0 18 70 0 38 0 0 0 98 60 0 0 52 0 0 86 17 0 0 0 53 0 0 0 0 0 59 0 0 64 96 0 0 0 0 0 76 0 96 0 0 0 0
 66 136 0 0 0 100 0 0 69 0 94 0 0 0 0 84 89 0 0 104 0 0 81 0 0 0 84 24 0 85 64 93 30 178 0 0 0 104 0 0 0 81 0 41
 49 8 0 0 29 92 92 70 0 49 94 8 71 0 0 0 97 0 0 51 103 0 105 145 0 93 78 113 95 71 0 0 0 159 0 45 83 116 0 0 0 0 10 83
 0 145 0 94 0 0 27 102 0 23 67 0 112 53 70 0 0 0 0 104 0 70 144 80 0 0 59 41 0 0 64 0 0 17 104 0 126 56 16 13 47 0 65 78
 92 115 0 64 0 0 86 41 0 74 0 90 0 94 50 91 92 0 0 37 56 0 107 0 0 0 0 134 86 0 0 0 0 53 0 13 99 55 0 0 88 70 114 37
 72 0 0 0 0 0 0 74 37 0 0 90 0 66 85 89 0 0 78 62 0 0 0 0 0 0 0 0 93 0 0 68 0 0 0 0 0 0 0 0 0 0 0 0
 147 51 60 0 36 103 146 57 76 14 120 0 23 0 0 32 83 96 46 0 122 57 106 153 0 132 0 0 0 149 143 76 0 125 3 80 0 86 95 51 140 0 25 51
 96 0 1 126 46 77 0 92 0 73 148 62 156 129 10 0 55 0 144 85 75 34 3 0 0 97 136 3 0 0 37 66 93 57 0 88 11 129 96 80 78 61 106 0
 0 0 0 0 76 72 77 55 0 0 122 147 101 0 0 0 43 0 0 0 0 83 0 0 97 0 21 118 0 0 0 46 0 122 0 89 24 0 0 0 0 31 96 0
 0 11 3 0 70 111 135 119 58 32 3 130 0 111 47 0 112 133 63 67 0 30 0 0 90 72 76 0 0 0 0 0 32 90 79 0 63 0 103 38 94 29 66 183
 84 24 82 0 96 95 37 72 88 64 113 52 10 58 3 34 176 80 155 8 82 30 73 0 49 3 106 12 41 0 62 0 0 31 89 0 47 86 80 19 0 139 71 16
 0 120 0 0 0 0 0 44 0 93 0 0 66 0 0 83 56 0 0 0 0 0 12 0 0 0 0 15 0 0 0 0 0 0 0 6 0 30 0 0 0 31 127 92
 59 79 89 0 0 0 0 0 64 0 19 0 143 0 0 66 0 0 0 61 0 57 13 98 67 0 21 57 0 25 20 0 0 12 0 0 39 11 0 0 0 96 41 33
 53 34 0 0 0 51 97 150 49 0 37 63 0 0 0 0 0 0 0 15 0 0 52 26 0 84 0 6 0 0 0 58 87 0 93 0 0 0 0 0 0 66 47 0
 0 0 0 62 0 0 137 37 0 0 93 0 153 0 0 0 95 0 0 9 0 0 181 133 0 0 0 58 76 0 0 0 0 52 0 99 0 0 0 0 75 0 40 0
 0 0 0 0 23 65 0 50 0 69 0 0 0 89 0 0 0 0 0 72 66 96 0 0 0 0 0 165 0 0 72 64 0 0 0 50 28 0 0 0 0 73 0 0
 12 30 0 0 84 83 17 42 0 0 47 0 26 32 0 46 84 0 0 3 0 69 82 66 35 0 45 61 0 0 55 0 0 33 154 48 89 4 0 0 0 26 107 56
 0 37 64 0 88 101 37 0 0 33 40 8 50 39 93 0 7 0 110 52 160 24 0 130 96 0 14 28 0 0 94 0 0 26 59 101 144 20 175 0 90 0 0 28
 80 77 7 0 131 0 16 0 0 0 83 0 95 100 19 66 135 89 53 113 14 184 83 14 129 0 0 65 0 0 95 0 61 47 37 140 0 76 131 0 0 57 66 0
 0 0 61 0 0 115 39 21 0 78 153 2 97 36 91 0 45 0 116 41 0 76 0 0 42 125 0 93 146 0 0 0 0 0 0 0 52 0 0 44 0 0 49 55
 64 88 92 0 0 0 0 150 0 0 77 0 3 27 0 85 0 0 0 0 0 0 54 97 0 0 0 120 0 0 0 0 0 0 0 0 0 120 0 85 0 0 0 63
 11 4 0 0 0 90 0 120 0 0 32 0 134 78 0 0 0 0 0 0 0 0 5 0 0 0 0 0 0 96 75 0 0 0 0 62 44 121 0 0 65 0 0 0
