44
 0 0 0 0 0 33 56 0 84 0 61 85 89 54 0 18 58 0 0 0 0 70 98 3 41 0 0 0 0 22 62 0 0 86 9 97 0 0 63 0 72 0 37 0
 35 0 96 0 0 0 56 0 34 0 22 0 87 15 25 41 80 35 19 63 0 0 0 0 0 0 5 9 91 0 52 0 0 23 84 34 28 0 0 0 0 0 0 0
 50 0 0 0 0 0 47 0 17 22 99 44 0 0 0 0 0 35 65 9 20 0 0 71 0 5 0 49 9 0 0 83 0 94 53 63 0 32 27 0 4 26 0 0
 60 73 81 0 61 0 0 50 77 60 0 76 0 0 91 0 0 90 86 0 0 57 57 82 88 11 90 49 0 0 0 0 0 33 0 71 66 0 31 0 30 0 0 0
 38 21 98 0 0 0 0 15 8 0 0 0 0 0 0 77 0 69 33 0 0 94 0 3 100 0 0 0 0 69 81 0 0 0 0 0 83 0 86 0 0 0 0 91
 0 21 55 13 69 0 24 12 24 0 0 0 46 71 57 86 0 9 0 0 0 79 0 47 78 0 0 20 0 0 33 51 0 77 14 71 39 0 63 9 81 0 0 0
 0 0 0 75 72 0 0 75 93 70 0 0 98 0 54 75 0 54 42 98 37 0 0 71 0 0 28 98 90 39 0 23 30 0 0 0 72 56 0 74 0 80 38 73
 22 52 35 0 0 0 0 0 68 0 0 0 0 0 0 35 0 91 92 0 0 37 47 98 58 1 0 44 0 37 92 0 54 0 0 0 0 0 52 0 95 98 0 76
 0 0 0 0 0 0 0 0 0 29 35 74 45 0 70 9 0 0 0 0 0 0 100 0 0 34 86 74 0 8 0 0 63 0 0 78 18 0 71 0 25 0 0 97
 99 39 0 0 98 79 0 17 0 0 29 70 58 66 42 77 20 0 0 0 93 92 0 0 0 21 25 0 0 0 0 38 0 0 2 71 0 67 0 100 49 0 57 0
 0 0 0 22 17 20 5 3 0 0 0 0 0 22 45 0 3 53 0 0 18 0 22 0 34 43 0 42 0 41 56 0 8 0 0 0 67 2 28 0 55 46 59 61
 0 53 0 0 21 78 5 7 0 0 21 0 0 45 3 31 81 19 0 0 21 0 66 38 52 5 0 80 0 0 98 0 32 0 0 0 13 91 0 0 13 22 0 0
 0 0 6 78 4 0 0 48 0 0 25 13 0 25 0 0 53 0 0 0 32 0 75 54 30 0 10 2 0 40 14 6 38 0 24 14 58 58 37 53 70 35 0 0
 0 0 81 99 66 0 0 27 54 0 0 0 0 0 0 0 89 12 69 59 0 96 93 10 43 54 0 0 13 0 69 35 0 69 0 95 0 0 62 19 0 87 46 90
 41 0 49 0 51 0 0 83 0 0 0 0 95 5 0 0 73 0 89 0 55 0 0 51 28 0 0 0 70 0 0 50 22 0 0 0 71 0 15 0 0 88 33 0
 0 0 88 64 0 0 0 0 0 0 69 0 72 97 93 0 0 0 0 68 92 87 0 0 0 0 0 92 0 0 67 5 46 0 25 11 0 88 0 27 96 0 0 0
 0 0 32 68 5 31 78 16 14 0 0 0 0 0 0 54 0 74 0 36 0 0 33 0 70 0 0 0 63 18 0 55 0 44 3 51 16 0 26 0 82 0 0 0
 68 0 0 0 0 0 0 0 28 15 0 0 47 0 60 22 0 0 72 86 0 66 100 10 0 0 62 0 55 71 0 0 0 66 0 31 64 0 0 33 0 27 0 71
 83 0 0 0 0 93 0 0 72 51 8 38 95 0 0 6 75 0 0 0 0 18 0 42 96 80 99 65 31 72 96 0 0 85 94 82 0 98 9 27 0 79 0 0
 0 0 0 51 78 55 0 14 100 21 100 53 71 0 57 0 0 0 11 0 0 0 14 19 92 59 0 0 0 60 63 0 20 62 0 79 37 81 32 0 69 0 0 0
 10 85 0 69 75 57 0 27 93 0 0 0 0 53 0 0 100 37 1 90 0 70 0 0 0 0 0 53 67 95 49 88 0 34 0 73 49 84 65 0 98 0 80 91
 0 20 5 0 0 0 32 0 34 0 79 3 95 0 15 0 97 0 0 36 0 0 54 0 66 12 0 24 10 25 0 0 0 0 0 0 0 0 15 71 52 0 45 0
 0 32 2 0 49 84 59 0 0 62 0 0 0 0 27 55 0 0 2 0 26 0 0 37 0 41 11 19 20 0 0 0 0 41 7 72 13 0 0 0 0 47 0 0
 0 68 0 0 0 0 0 0 26 79 99 0 0 0 0 22 80 0 0 0 96 88 0 0 52 22 96 53 6 48 87 0 0 0 63 0 0 0 65 32 0 71 51 83
 0 41 39 0 0 0 84 0 38 25 0 0 0 0 0 26 0 55 0 0 22 0 21 0 0 38 36 22 0 45 0 24 0 3 51 0 20 5 28 0 0 0 26 0
 91 55 0 0 83 23 59 0 0 0 0 0 48 0 91 42 23 69 0 0 94 0 0 0 0 0 98 83 94 0 0 34 20 25 0 43 0 0 0 0 71 91 65 0
 28 0 42 0 66 96 0 22 0 0 91 43 0 36 10 17 44 0 0 22 4 57 0 0 0 0 0 0 21 0 0 10 0 46 0 4 20 55 0 62 0 0 21 75
 94 0 0 0 8 0 0 0 0 65 0 0 0 78 53 0 65 86 0 56 0 0 0 0 0 0 82 0 0 79 20 0 0 0 0 0 0 0 0 27 0 77 0 0
 98 0 0 17 99 97 0 44 45 33 96 47 65 0 0 62 0 0 0 66 0 0 0 0 89 0 0 30 0 0 88 0 39 0 0 42 21 65 0 0 50 0 68 0
 0 87 72 73 0 78 0 0 0 51 0 84 0 34 46 30 0 0 0 0 0 0 48 0 0 8 72 0 6 0 72 33 0 0 0 0 0 0 25 0 60 86 0 0
 0 0 12 17 0 0 28 0 87 10 0 0 0 0 54 0 8 20 0 0 0 29 77 0 46 23 2 0 0 0 0 0 0 28 0 50 23 17 20 0 56 0 4 0
 15 0 0 64 26 0 0 96 88 0 5 99 0 0 0 0 0 99 87 46 0 66 21 95 0 0 0 54 85 0 82 0 50 34 32 0 0 0 81 0 86 81 39 53
 38 42 99 84 31 93 0 0 0 98 0 0 0 82 0 0 43 99 87 0 0 81 87 56 51 0 94 51 0 45 93 0 0 0 0 0 0 87 0 62 0 62 0 0
 0 0 0 0 95 0 16 67 90 10 91 100 89 0 46 72 0 0 0 0 0 69 0 7 0 0 0 1 17 92 0 0 7 0 0 0 0 73 0 0 68 0 3 65
 0 0 0 70 42 0 67 99 82 0 92 26 0 52 68 0 0 97 0 98 30 70 0 0 0 87 54 0 76 99 78 0 58 53 0 94 0 0 15 86 80 0 74 79
 0 0 0 0 86 0 8 48 0 0 40 82 0 0 30 0 0 0 0 0 0 47 0 8 75 0 0 0 0 76 0 32 12 7 0 0 0 0 26 58 0 31 0 87
 43 0 65 0 0 0 0 53 0 5 0 0 0 10 0 12 0 0 24 0 0 0 0 82 0 48 0 59 0 50 0 20 1 63 29 86 0 0 67 68 98 0 8 53
 42 37 0 11 27 52 0 3 21 0 0 0 0 82 9 0 58 4 0 0 0 52 28 45 0 90 0 53 0 47 0 14 0 0 49 17 17 0 32 0 14 64 0 0
 0 54 0 0 0 0 40 0 0 9 0 69 0 0 0 36 0 51 0 0 0 0 82 0 0 49 74 55 29 0 0 0 10 40 0 0 0 0 0 0 18 81 19 0
 92 68 66 28 84 0 0 67 83 0 98 45 0 0 58 0 86 0 0 75 97 0 79 0 70 32 0 0 90 86 0 0 0 66 0 0 0 99 53 0 93 64 0 82
 0 80 0 0 47 0 19 0 0 0 0 0 0 16 9 0 0 50 20 0 0 0 63 12 99 0 58 22 0 0 0 0 11 0 0 61 0 0 0 0 0 0 0 0
 6 37 0 24 49 83 0 0 15 29 0 0 0 0 0 90 0 0 0 6 14 72 0 0 100 0 0 0 18 0 74 0 0 0 50 0 20 0 0 0 53 0 0 75
 0 99 68 17 74 83 0 81 47 0 0 76 47 0 0 23 99 73 50 43 0 0 74 0 0 0 0 11 0 99 0 0 27 0 0 78 0 83 0 9 65 57 0 43
 13 25 60 33 0 34 0 0 0 37 0 85 60 0 28 23 66 0 65 3 0 42 61 0 16 46 0 44 88 9 45 0 13 0 0 0 0 45 37 0 58 0 0 0
