44
 0 0 0 0 0 0 0 0 0 65 147 0 40 63 0 85 23 0 0 0 0 53 0 0 57 0 0 0 67 11 0 0 0 0 128 0 0 0 59 0 0 0 0 0
 19 0 0 0 0 58 0 0 22 0 56 135 95 114 136 0 150 37 163 92 78 16 0 55 98 61 52 0 0 0 0 53 0 58 0 0 48 0 43 15 63 0 17 2
 47 81 0 0 0 0 39 0 0 117 0 117 0 82 0 0 56 129 56 86 108 65 0 0 32 74 56 0 0 41 23 96 24 99 48 169 12 56 0 0 0 104 0 101
 70 100 123 0 116 90 63 88 4 72 0 0 0 28 105 89 0 0 70 129 0 0 0 118 62 8 71 112 17 0 0 122 160 60 60 0 0 0 89 0 72 0 0 95
 136 89 26 0 0 50 0 0 0 107 49 0 0 0 0 98 62 40 0 0 0 0 0 99 88 0 24 0 0 0 0 0 150 75 143 24 13 0 15 92 108 0 0 10
 48 0 54 0 0 0 72 0 0 0 0 26 42 0 0 0 77 0 125 91 0 97 0 61 128 0 107 0 7 0 18 60 0 13 63 0 0 50 59 0 9 48 0 154
 11 94 0 0 57 0 0 0 41 94 112 12 80 119 0 61 6 47 5 32 10 0 54 53 148 98 174 44 0 36 118 0 145 0 106 0 0 76 111 0 0 3 0 129
 17 171 49 0 48 142 55 0 0 65 36 0 18 54 0 0 0 5 134 105 82 106 146 169 82 123 112 158 17 24 0 2 9 73 20 34 84 71 41 66 79 0 59 5
 57 0 26 0 139 151 0 100 0 141 0 140 86 0 0 6 6 0 4 0 0 70 100 0 108 0 58 0 0 83 116 22 52 72 115 33 15 55 16 0 77 0 0 3
 0 52 0 0 0 0 0 0 0 0 0 0 0 0 0 0 0 0 0 0 0 0 0 0 112 44 97 0 0 0 0 47 0 0 0 0 0 0 43 0 0 29 0 0
 0 0 80 69 0 82 0 0 30 60 0 74 0 71 0 62 29 0 0 0 54 0 0 74 0 0 94 0 0 0 0 0 67 0 0 0 0 0 75 0 97 0 0 0
 138 0 0 74 24 0 0 96 0 29 0 0 0 0 0 0 0 0 0 0 0 0 0 0 64 0 79 85 0 117 0 77 0 48 6 0 0 0 0 0 122 0 0 80
 0 0 27 90 22 0 0 0 0 59 78 130 0 0 0 53 45 11 24 0 0 0 0 69 148 28 0 0 92 127 40 0 26 0 36 128 0 0 0 0 56 187 70 30
 0 0 0 0 28 52 0 0 90 41 0 91 63 0 91 131 0 138 127 53 55 0 0 73 52 64 126 0 0 0 114 0 10 6 83 0 128 0 120 0 37 57 0 154
 159 0 117 0 85 57 22 50 97 101 66 65 55 0 0 96 36 15 0 0 147 0 126 64 156 74 0 74 0 192 0 104 0 37 30 45 168 0 104 64 0 30 111 82
 0 17 92 0 0 80 0 36 0 25 0 27 0 0 0 0 74 0 62 0 103 0 0 0 0 0 22 92 0 50 40 0 118 0 41 0 84 93 97 0 31 100 0 42
 0 0 0 70 0 0 0 82 0 76 0 20 0 32 0 0 0 0 0 87 0 0 0 0 33 0 104 0 0 0 0 0 19 132 147 0 0 13 11 0 48 78 0 3
 135 0 0 35 0 62 0 0 95 72 127 159 0 0 0 65 127 0 74 75 0 0 0 34 109 75 41 70 0 0 4 0 99 115 66 126 0 43 0 0 55 136 100 58
 79 0 0 0 100 0 0 0 0 18 131 11 0 0 13 0 111 0 0 43 147 0 0 98 103 73 14 0 0 93 88 0 61 25 2 73 0 76 0 0 28 26 0 115
 21 0 0 0 94 0 0 0 35 82 4 62 91 0 47 66 0 0 0 0 28 0 0 145 64 0 126 0 0 0 0 0 27 117 0 115 0 0 163 0 11 100 78 0
 38 0 0 93 71 57 0 0 90 103 0 97 73 0 0 0 77 69 0 0 0 96 0 33 0 0 27 76 0 46 25 43 0 126 30 0 0 0 76 0 52 78 96 91
 0 0 0 70 66 0 91 0 0 89 97 143 6 95 47 40 24 134 28 87 0 0 0 25 10 0 101 0 0 0 0 0 50 62 26 99 19 0 34 0 0 92 0 44
 13 38 85 37 20 145 0 0 0 121 56 63 13 71 0 104 144 145 136 116 59 30 0 47 140 0 29 0 53 56 131 71 0 54 53 141 0 0 0 0 61 115 83 12
 31 0 37 0 0 0 0 0 57 111 0 23 0 0 0 59 25 0 0 0 0 0 0 0 45 35 125 22 0 7 76 0 89 31 118 0 67 0 92 0 43 49 0 23
 0 0 0 0 0 0 0 0 0 0 163 0 0 0 0 63 0 0 0 0 85 0 0 0 0 89 53 0 75 90 33 0 97 0 0 67 0 36 74 30 0 47 0 55
 14 0 0 0 179 33 0 0 43 0 91 122 0 0 0 70 60 0 0 162 138 83 48 0 0 0 18 0 0 111 146 37 39 19 0 5 30 0 115 0 0 53 0 45
 173 0 0 0 0 0 0 0 0 0 0 0 14 0 80 0 0 0 0 0 0 0 0 0 0 0 0 0 0 0 0 0 0 181 18 61 0 0 91 0 95 36 0 0
 52 116 123 0 13 82 0 0 12 24 80 0 117 31 0 0 28 0 51 69 0 63 76 0 44 27 8 0 0 0 29 43 0 0 73 95 0 73 5 132 97 54 90 134
 0 63 92 0 112 0 39 0 75 28 17 89 0 75 46 105 57 92 11 40 42 68 0 86 0 138 61 78 0 0 101 125 143 0 0 0 48 0 29 0 93 18 0 105
 0 63 0 84 97 71 0 0 0 33 95 0 0 99 0 0 65 62 0 90 0 100 0 0 0 0 66 58 98 0 0 82 74 0 0 0 0 0 143 0 0 0 0 0
 141 59 0 54 98 0 0 50 0 2 3 15 0 0 84 0 9 0 0 75 0 42 0 0 0 0 41 0 0 134 0 0 0 5 28 0 0 0 53 0 39 117 0 7
 27 0 0 0 126 0 72 0 0 0 0 0 46 21 0 123 19 76 150 144 0 0 0 18 88 0 85 0 0 0 85 0 60 47 0 114 69 0 154 0 141 10 0 14
 23 15 0 0 0 66 0 0 0 154 0 179 0 0 72 0 0 0 0 0 46 0 0 0 0 0 162 52 0 0 91 0 0 0 99 28 54 0 0 0 0 93 0 19
 138 0 0 0 0 0 99 0 0 82 131 0 32 0 0 89 0 0 0 0 0 0 0 0 27 0 0 81 82 82 0 0 87 0 11 90 83 0 43 0 0 0 0 102
 0 69 0 0 0 0 0 0 0 15 21 0 0 0 0 0 0 0 0 61 0 0 0 0 91 78 0 0 81 90 0 88 0 0 0 0 0 0 18 90 0 0 0 0
 153 97 0 33 0 85 57 0 0 37 94 138 0 67 0 68 42 0 0 0 40 0 0 59 0 0 0 0 64 76 66 0 0 0 65 0 0 0 25 0 93 85 69 115
 110 0 0 78 0 61 79 0 0 24 114 40 80 0 0 0 66 92 21 47 87 0 69 0 86 0 29 16 0 125 0 0 0 0 69 144 0 0 57 76 62 0 44 20
 113 125 0 22 105 0 0 0 0 71 74 60 19 62 21 0 0 0 0 149 45 84 54 108 0 49 168 0 60 153 116 135 155 9 93 5 125 0 1 0 150 53 142 0
 0 0 99 0 0 0 0 0 0 0 0 16 7 0 0 0 0 22 84 0 0 0 57 0 0 0 0 0 0 0 0 0 71 0 0 0 0 0 0 0 0 60 98 0
 78 0 58 47 0 103 157 0 84 12 56 77 153 83 0 118 27 27 15 66 112 175 114 169 0 128 124 0 57 37 8 120 96 37 0 80 0 48 79 0 31 54 106 67
 156 0 48 0 0 0 49 0 0 68 0 0 0 0 91 0 0 0 0 0 0 95 0 0 45 0 0 0 0 20 0 0 77 50 154 0 0 0 17 0 0 0 71 49
 27 37 0 96 73 0 0 31 75 0 39 65 0 0 0 0 0 0 0 0 0 0 0 0 0 0 0 0 0 19 0 0 0 19 43 0 0 0 0 0 131 0 0 4
 97 0 44 79 53 133 44 0 113 125 13 33 0 76 0 22 135 0 117 0 0 47 0 136 88 22 38 0 69 102 105 102 113 111 59 0 0 0 0 0 0 136 0 51
 169 0 0 0 0 0 0 0 0 16 13 0 0 0 0 0 0 0 0 70 0 0 0 0 0 0 46 0 0 20 0 0 0 0 104 0 0 65 71 0 0 0 0 0
