44
 0 69 0 54 0 37 0 0 66 0 0 0 82 75 69 0 0 31 0 36 0 0 0 0 0 0 0 0 134 0 0 19 108 28 3 58 0 54 38 0 61 0 91 98
 0 0 0 0 52 9 0 33 94 0 0 0 0 40 59 0 50 0 16 0 67 64 0 49 0 0 0 33 32 55 0 0 70 0 35 0 0 7 30 121 26 56 72 0
 48 76 0 23 71 148 12 0 0 0 40 0 0 0 11 94 71 0 0 0 0 93 103 0 0 0 47 19 0 56 70 23 20 0 78 126 0 50 64 66 0 38 0 14
 0 94 0 0 91 0 0 62 0 0 0 0 59 41 0 46 88 39 23 0 55 0 0 0 0 83 85 95 57 55 100 0 0 0 62 5 0 0 0 46 0 0 97 0
 60 0 0 0 0 0 18 45 0 87 96 12 121 0 20 0 0 2 0 57 0 38 0 72 84 0 0 0 0 0 96 35 0 3 0 107 0 0 73 42 129 20 0 111
 0 0 0 46 98 0 88 0 0 0 79 0 68 0 0 0 0 40 0 0 67 83 0 90 0 0 0 35 48 76 0 76 0 50 72 109 0 0 29 0 0 0 78 0
 111 56 0 12 0 0 0 0 98 0 52 0 0 29 0 40 0 72 0 38 0 0 0 0 41 0 40 59 73 75 62 0 67 26 0 41 98 0 83 43 84 0 0 0
 28 0 122 0 0 68 43 0 0 56 5 8 0 63 32 31 38 16 0 0 0 0 89 119 102 0 0 120 75 0 13 13 0 73 18 52 66 0 0 0 68 0 62 0
 0 0 10 58 13 75 0 30 0 0 21 88 14 6 27 0 33 0 0 45 0 0 47 96 102 0 0 46 62 33 15 0 49 0 69 7 15 0 33 15 3 114 59 0
 30 49 5 2 0 99 97 0 57 0 51 39 0 0 0 88 28 67 0 40 50 95 27 59 0 0 0 7 83 87 142 0 0 118 103 89 0 118 24 56 75 41 0 0
 86 94 0 20 0 0 0 0 0 0 0 72 0 0 0 0 73 0 0 0 0 47 0 0 75 0 0 90 0 0 55 94 0 61 71 45 0 0 0 0 41 0 0 0
 7 6 21 43 0 65 33 0 0 0 0 0 0 0 45 93 64 0 0 1 0 43 0 0 100 0 123 98 30 108 0 16 40 0 68 124 0 52 30 38 84 78 0 23
 0 82 79 0 0 0 83 92 0 17 109 24 0 22 85 34 0 0 0 0 58 49 110 0 0 53 89 0 0 89 0 5 82 0 19 73 0 1 62 0 0 36 0 0
 0 0 10 0 75 7 0 0 0 35 67 39 0 0 64 0 0 0 69 68 0 0 0 54 69 26 46 72 35 27 30 54 0 63 102 131 0 26 19 102 0 123 0 0
 0 0 0 7 0 68 46 0 0 80 68 0 0 0 0 0 61 108 56 18 82 53 29 36 0 0 0 30 0 108 16 13 34 48 71 0 0 8 20 2 0 0 0 23
 77 79 0 0 38 78 0 0 74 0 26 0 0 52 95 0 0 0 0 0 0 0 91 69 0 0 73 0 0 0 71 0 64 0 97 0 0 66 0 0 0 74 40 100
 17 0 0 0 73 10 80 0 0 0 0 0 6 49 0 124 0 29 0 79 36 0 75 0 62 0 0 0 106 0 2 17 74 81 0 0 0 95 48 94 0 0 0 41
 0 74 92 0 0 0 0 0 97 0 127 61 82 41 0 46 0 0 0 41 42 0 0 88 98 47 0 57 122 44 0 148 135 0 11 34 0 0 51 0 0 0 0 0
 27 0 2 0 32 38 33 38 114 14 2 38 121 0 0 32 4 53 0 0 83 14 5 58 10 0 0 0 0 29 40 134 100 37 89 51 17 65 0 10 0 0 96 0
 0 78 69 62 0 24 0 66 0 0 9 0 99 0 0 48 0 0 94 0 28 66 0 0 0 98 93 0 131 120 0 27 44 56 36 0 68 0 0 0 0 0 0 51
 7 0 34 0 2 0 79 40 38 0 40 44 0 54 0 121 0 0 0 0 0 117 0 88 48 0 0 0 0 132 84 56 79 4 0 6 136 0 123 44 0 115 0 96
 37 0 0 69 0 0 42 67 1 0 0 0 0 95 0 78 101 47 0 0 0 0 0 0 121 94 60 0 0 85 0 7 136 109 128 0 0 56 109 76 51 0 0 16
 88 80 0 26 45 73 81 0 0 0 89 99 0 91 0 0 0 58 0 47 78 74 0 0 0 0 0 0 90 94 61 0 0 0 94 52 0 0 0 0 0 94 35 95
 79 0 56 31 0 0 35 0 0 0 42 38 10 0 0 0 57 0 0 36 0 71 15 0 40 73 41 0 95 0 67 0 36 44 80 77 0 128 0 91 95 0 0 109
 14 67 60 23 0 101 0 0 0 81 0 0 143 0 25 33 0 0 0 30 0 0 59 0 0 0 83 36 0 67 0 40 0 28 0 28 79 0 78 68 0 0 0 131
 51 3 75 0 26 17 13 75 52 115 15 60 0 0 41 121 103 0 8 0 100 0 37 0 74 0 13 0 0 0 75 0 0 0 53 63 0 6 75 76 0 0 0 25
 75 87 0 0 51 13 0 33 56 93 13 0 0 0 64 0 15 5 70 0 88 0 39 0 0 0 0 0 131 7 44 0 0 63 47 37 0 104 107 0 0 0 0 97
 4 0 0 0 72 0 0 0 0 0 0 0 28 0 0 9 74 0 55 68 0 95 23 46 0 34 55 0 31 0 0 0 56 0 49 4 0 0 0 0 0 0 84 0
 0 0 41 0 59 0 0 0 0 0 97 0 29 0 63 92 0 0 83 0 96 99 0 0 94 23 0 0 0 0 0 66 0 48 26 0 138 7 55 0 62 0 0 58
 50 0 0 0 65 0 0 63 0 0 3 0 0 0 0 14 28 0 0 0 0 0 0 79 0 87 0 63 51 0 0 0 95 87 0 0 0 0 0 0 0 0 69 68
 74 47 0 0 0 109 0 0 0 0 0 21 12 0 0 0 0 72 0 41 0 72 0 0 59 0 0 1 43 99 0 4 48 69 0 39 0 0 49 0 0 92 87 0
 0 100 0 40 0 0 51 0 0 100 0 0 0 0 0 19 0 0 0 0 0 0 24 93 0 55 60 56 0 5 0 0 98 16 79 0 0 127 51 0 0 0 0 0
 0 0 0 12 0 73 0 100 0 100 72 0 0 95 0 0 0 0 0 0 0 0 48 0 49 69 96 0 18 0 0 0 0 0 2 0 0 0 0 76 0 0 87 0
 0 65 89 30 0 0 0 0 0 0 0 87 78 0 0 88 0 87 0 0 0 0 107 0 0 91 0 56 0 0 0 0 82 0 60 0 55 0 51 0 69 0 0 96
 0 0 0 0 34 0 72 0 0 0 0 0 0 0 0 0 96 0 0 0 88 0 0 0 92 0 0 0 0 21 92 0 0 0 0 94 0 41 0 0 0 0 0 0
 0 85 0 0 0 0 0 0 0 0 0 0 0 0 91 54 77 0 0 81 0 86 0 0 0 0 0 0 75 98 0 113 33 68 0 0 51 128 0 0 79 0 0 36
 86 71 69 30 63 29 0 0 0 65 71 80 30 48 65 6 25 92 0 0 0 71 0 59 0 61 96 50 0 39 79 17 94 0 68 0 0 0 0 0 0 0 77 0
 0 0 0 65 26 70 95 67 42 0 41 0 0 0 0 0 0 73 0 53 68 0 112 0 39 0 0 74 0 57 17 0 64 67 0 0 41 0 0 0 0 0 0 0
 0 0 0 101 0 0 0 86 0 0 2 0 0 0 0 13 0 0 79 43 0 0 62 25 0 0 0 55 0 66 0 0 72 0 58 89 82 100 0 0 94 0 0 0
 144 0 0 0 0 44 0 77 0 0 50 0 90 0 0 79 0 85 0 28 0 0 13 0 0 0 45 46 35 10 92 14 0 6 85 2 44 28 96 0 0 0 0 19
 0 0 68 33 0 56 0 0 0 0 0 0 96 124 46 79 21 27 57 35 96 0 54 0 74 28 73 99 0 52 38 2 39 0 61 0 103 16 0 64 0 0 57 123
 44 0 0 61 0 147 102 73 0 0 64 0 0 0 40 0 107 69 53 105 0 79 0 50 39 26 40 44 33 88 0 3 15 71 0 146 14 18 0 82 91 0 78 0
 0 0 23 0 9 0 107 0 0 128 39 42 34 52 2 0 46 66 0 45 106 123 0 13 63 24 9 0 43 0 0 20 0 57 16 103 0 115 124 70 0 0 0 0
 0 90 0 12 0 8 89 56 38 88 12 0 78 77 0 0 0 83 67 0 0 0 0 0 0 0 0 1 0 0 94 11 70 0 52 0 66 108 30 0 0 37 68 0
