44
 0 0 0 41 51 50 0 71 28 0 0 0 28 0 0 0 0 58 0 4 68 0 0 24 50 0 0 32 11 55 0 0 35 11 0 64 76 17 34 40 0 36 71 53
 78 0 0 0 41 88 37 0 75 86 0 14 0 89 0 16 0 0 0 63 70 0 0 0 0 0 8 34 0 98 84 95 0 82 0 79 0 90 98 80 14 54 0 80
 7 66 0 0 56 0 0 0 49 0 8 8 82 76 0 0 29 0 6 13 14 0 0 0 35 50 31 28 19 0 45 0 13 30 45 0 21 4 24 20 0 0 82 7
 0 94 60 0 0 75 0 0 0 0 94 64 67 92 58 11 0 0 98 0 74 97 68 0 97 44 0 92 0 0 0 85 55 94 0 0 49 86 0 95 52 0 89 57
 0 0 0 50 0 0 84 71 39 93 0 26 50 95 0 0 0 76 0 40 34 0 0 0 55 0 0 0 0 0 1 41 0 0 1 0 70 0 42 0 3 0 93 8
 0 0 92 0 50 0 92 45 0 79 23 82 81 86 0 47 0 0 49 0 0 0 79 0 100 0 50 0 0 0 0 55 51 29 11 72 58 7 0 51 24 0 0 0
 77 0 75 14 0 0 0 61 0 0 44 0 0 0 0 47 21 94 0 50 51 0 0 65 18 83 0 0 54 0 0 35 0 0 0 0 85 44 0 45 28 0 39 0
 0 40 9 46 0 0 0 0 24 85 14 25 74 38 0 0 0 26 0 29 68 0 53 0 0 0 0 0 50 0 37 27 58 0 54 81 84 0 0 0 74 66 30 0
 0 0 0 13 0 4 23 0 0 0 0 22 0 100 0 0 72 0 0 28 26 0 0 0 0 0 0 61 0 0 28 46 18 0 0 90 0 0 101 64 18 0 0 0
 95 0 1 58 0 0 8 0 57 0 0 38 0 0 0 0 0 0 82 56 55 0 0 0 27 0 0 56 0 0 16 82 4 0 50 0 11 0 0 32 6 5 47 41
 21 20 0 0 93 0 0 0 63 98 0 0 63 99 5 0 43 72 0 3 48 0 0 40 0 0 8 0 3 84 38 30 0 80 0 0 2 0 52 3 4 45 0 24
 79 0 0 0 0 0 95 0 0 0 68 0 79 0 85 0 0 17 0 50 0 0 0 91 58 19 68 0 22 95 90 0 45 0 0 47 0 77 52 0 0 0 0 0
 0 15 0 0 0 0 27 0 3 70 0 0 0 0 96 0 0 0 10 41 13 63 52 23 0 0 100 49 0 0 0 63 0 16 51 20 74 59 0 0 19 29 0 89
 58 0 0 0 0 0 24 0 0 31 0 97 17 0 0 49 9 86 0 10 0 78 40 0 14 0 30 0 0 40 13 0 26 0 0 43 0 31 87 0 4 19 0 0
 61 23 73 0 100 5 35 72 8 69 0 0 0 47 0 0 18 82 53 1 0 44 0 42 0 0 0 7 59 0 9 53 23 35 7 65 6 0 0 90 55 57 0 63
 39 0 80 0 77 0 0 41 44 48 24 73 42 0 46 0 79 0 11 0 0 1 32 43 9 54 0 12 0 6 69 4 63 0 79 0 37 0 37 25 0 0 6 51
 52 15 0 4 99 23 0 45 0 72 0 96 53 0 0 0 0 29 29 84 0 0 0 60 29 22 0 11 0 0 0 0 0 33 43 0 0 21 64 0 62 55 0 21
 0 57 80 19 0 18 0 0 3 30 0 0 11 0 0 91 0 0 0 84 0 63 36 0 16 0 0 57 55 57 25 0 67 57 0 1 56 30 0 29 27 44 0 39
 96 94 0 0 64 0 43 66 54 0 93 4 0 73 0 0 0 71 0 0 0 0 78 0 19 14 0 74 18 0 0 17 42 9 0 77 89 46 0 0 0 85 0 53
 0 0 0 3 0 33 0 0 0 0 0 0 0 0 0 88 0 0 100 0 49 93 0 7 0 0 0 0 69 81 0 41 0 14 0 0 53 0 0 0 0 0 0 24
 0 0 0 0 0 14 0 0 0 0 0 52 0 30 79 58 83 100 97 0 0 76 59 0 0 31 61 0 0 0 0 0 56 82 0 47 15 55 82 0 0 58 56 0
 5 55 66 0 44 59 8 17 7 59 17 14 0 0 0 0 22 0 63 0 0 0 15 16 0 17 0 12 0 0 43 5 0 0 0 0 0 0 0 5 41 0 100 43
 3 15 89 0 87 0 16 0 11 99 13 7 0 0 40 0 27 0 0 39 0 0 0 18 29 37 100 22 0 25 21 0 68 16 0 1 46 6 29 0 39 4 58 7
 0 41 75 35 85 29 0 40 50 75 0 0 0 67 0 0 0 96 98 0 47 0 0 0 45 76 5 32 35 0 83 0 21 0 38 81 0 0 3 0 0 49 47 0
 0 35 0 0 0 0 0 7 48 0 59 0 72 0 11 0 0 0 0 90 51 87 0 0 0 0 0 10 56 100 0 0 0 63 0 0 0 84 0 68 69 66 0 0
 23 64 0 0 66 22 0 72 81 45 83 0 86 84 25 0 0 66 0 49 0 0 0 0 68 0 10 0 0 0 0 2 12 0 69 0 77 12 0 0 18 99 0 0
 63 0 0 86 56 0 72 88 74 95 0 0 0 0 10 57 33 22 100 54 0 65 0 0 54 0 0 87 43 55 72 0 0 0 0 73 0 0 55 0 44 0 0 89
 0 0 0 0 52 68 8 100 0 0 54 26 0 69 0 0 0 0 0 12 52 0 0 0 0 61 0 0 0 0 0 0 0 0 0 8 77 85 0 87 0 0 0 0
 0 57 0 14 55 19 0 0 75 34 0 0 46 98 0 61 16 0 0 0 36 84 97 0 0 81 0 65 0 0 0 38 79 0 0 0 56 30 0 78 0 75 0 0
 0 0 48 33 56 10 11 12 53 58 0 0 53 0 50 0 88 0 25 0 85 72 0 3 0 5 0 53 38 0 39 39 0 0 69 42 0 0 0 58 0 73 75 78
 72 0 0 20 0 36 16 0 0 0 0 0 90 0 0 0 6 0 53 81 35 0 0 0 77 81 0 54 61 0 0 0 0 0 0 0 37 0 0 0 0 64 60 0
 92 0 98 0 0 0 0 0 0 0 0 39 0 78 0 0 80 84 0 0 73 0 48 99 48 0 5 41 0 0 72 0 21 0 82 94 0 0 75 80 52 96 0 0
 0 69 0 0 91 0 91 0 0 0 88 0 6 0 0 0 86 0 0 97 0 65 0 0 98 0 5 29 0 17 55 0 0 92 0 0 0 93 0 10 0 54 96 0
 0 0 0 0 96 0 24 4 74 53 0 12 0 99 0 13 0 0 0 0 0 63 0 1 0 54 21 39 86 68 59 2 0 0 0 32 26 0 0 90 19 72 0 52
 99 0 0 35 0 0 40 0 100 0 93 13 0 90 0 0 0 35 74 83 76 89 61 0 15 0 13 4 76 0 12 0 50 94 0 99 62 0 0 81 12 100 64 55
 0 0 20 6 89 0 46 0 0 37 100 0 0 0 0 94 44 0 0 33 0 48 0 0 4 0 0 0 38 0 30 0 57 0 0 0 61 21 0 35 60 0 0 18
 0 40 0 0 0 0 0 0 89 0 0 6 0 97 0 0 50 0 0 0 0 63 0 94 72 0 28 0 0 48 0 93 63 0 0 0 0 0 0 34 0 0 88 0
 0 0 0 0 19 0 0 19 70 95 30 0 0 0 64 81 0 0 0 60 0 83 0 41 0 0 11 0 0 77 82 64 0 62 96 0 16 0 86 0 0 76 87 0
 0 0 0 14 0 19 9 8 0 66 0 0 25 0 0 0 0 29 55 97 0 66 0 0 61 67 0 69 80 97 9 0 7 37 38 93 33 0 0 0 17 57 14 10
 0 0 0 0 63 0 0 21 0 0 0 33 49 23 0 0 29 0 55 43 19 0 29 19 0 82 38 0 0 0 36 0 0 0 0 0 0 2 50 0 0 0 0 16
 16 0 38 0 0 0 0 0 0 0 0 0 0 0 0 66 0 0 99 99 78 0 0 85 0 0 0 12 60 66 74 0 10 0 0 0 46 45 0 39 0 0 87 48
 0 0 92 47 81 59 98 0 22 0 0 80 0 0 0 12 0 0 0 2 0 100 0 0 0 0 91 25 0 0 0 0 0 0 0 15 48 0 0 0 89 0 0 0
 0 82 0 0 0 16 0 0 81 0 71 81 5 50 52 0 45 1 23 14 0 0 0 0 61 82 57 7 35 0 0 6 0 29 0 5 0 0 0 34 0 36 0 0
 0 0 0 0 0 98 19 0 52 0 0 0 0 75 0 0 0 0 0 0 80 0 0 39 87 57 0 81 19 0 67 67 79 0 0 0 83 69 0 0 0 13 43 0
