40
 0 0 0 31 0 0 0 90 0 69 33 0 0 14 70 105 0 58 57 91 0 0 38 87 59 0 0 0 70 0 80 35 0 32 0 0 0 81 46 94
 68 0 0 0 0 16 46 0 0 0 0 80 0 6 12 0 0 0 61 0 48 0 12 0 18 0 0 0 0 0 50 0 0 98 0 0 0 0 61 0
 33 15 0 65 0 0 10 19 11 5 14 0 0 0 0 36 25 0 56 76 36 0 0 17 52 100 51 0 0 0 0 40 113 57 0 60 106 7 8 59
 0 76 0 0 59 0 100 0 63 0 94 0 69 53 83 0 0 34 71 0 0 0 0 0 7 0 0 34 40 31 77 58 0 0 0 0 38 42 67 0
 99 51 59 0 0 0 0 0 20 0 0 0 0 19 0 87 58 0 0 0 88 91 0 64 24 0 0 6 66 0 0 98 106 0 0 98 50 0 0 0
 31 0 42 65 95 0 86 0 49 0 0 0 59 31 0 0 45 46 52 31 0 90 0 0 0 39 0 0 0 46 26 42 62 0 0 0 0 20 66 48
 24 0 0 0 7 0 0 32 29 91 85 10 30 80 0 8 80 96 27 0 0 78 11 98 65 43 0 76 22 0 0 0 0 0 0 31 0 81 16 0
 0 84 0 34 60 2 0 0 0 94 0 0 0 14 25 0 84 71 0 23 0 0 126 72 0 106 91 4 33 0 0 49 20 2 0 0 0 22 46 0
 22 23 0 0 0 0 0 68 0 0 0 0 49 0 86 43 0 42 0 0 61 0 0 0 0 0 99 0 0 55 0 86 52 0 0 0 0 11 36 0
 0 42 0 81 78 28 0 0 41 0 16 96 0 8 0 0 0 18 58 18 29 0 52 0 35 0 0 7 94 18 0 0 28 0 0 0 16 0 101 66
 0 36 0 0 55 23 0 82 14 0 0 0 36 90 0 0 0 23 49 0 22 0 0 37 70 77 0 50 0 0 0 0 0 0 0 67 26 44 46 87
 42 0 83 6 39 36 0 78 27 0 80 0 95 0 0 7 55 0 0 0 0 0 18 110 109 33 77 31 19 49 58 26 21 48 0 67 13 58 52 0
 6 22 70 0 25 0 0 15 0 38 0 0 0 0 47 56 12 37 77 75 13 0 92 64 11 0 0 0 20 0 0 0 16 21 13 54 95 87 0 0
 0 0 63 0 0 0 0 0 37 0 0 95 72 0 0 28 73 0 0 0 0 0 52 0 0 33 94 78 0 16 0 0 17 41 66 0 0 72 0 15
 0 0 79 0 96 60 0 0 0 38 17 94 0 11 0 4 50 0 38 88 0 0 82 73 0 63 80 21 0 46 0 36 36 0 45 0 72 0 82 0
 0 93 0 12 0 68 0 99 0 67 54 0 0 0 0 0 0 0 0 0 37 0 32 0 0 46 54 20 84 38 31 96 30 0 69 0 0 37 13 74
 1 50 0 32 0 0 0 0 22 57 29 0 0 0 0 89 0 0 0 0 13 0 14 79 0 0 21 18 0 0 34 83 0 14 27 18 29 75 99 10
 0 9 29 0 74 0 0 0 0 0 0 91 0 81 79 69 23 0 79 68 0 0 59 68 0 0 97 74 0 0 0 0 0 0 0 0 27 0 0 0
 0 0 0 0 52 0 0 62 16 0 0 0 0 60 0 57 35 0 0 43 0 67 91 81 84 0 0 18 84 37 116 0 0 0 0 0 0 0 15 39
 0 7 0 2 26 0 84 0 20 0 83 25 0 52 0 99 83 0 0 0 28 95 10 0 0 0 91 0 86 30 0 80 0 0 0 0 0 29 69 0
 64 0 0 97 0 53 23 74 0 0 0 98 0 69 84 0 0 27 50 0 0 66 0 0 5 76 0 0 79 14 0 0 55 0 35 27 0 32 0 0
 86 49 67 26 0 0 0 49 2 49 49 28 45 29 34 42 81 38 0 0 0 0 0 63 84 0 39 0 42 15 0 95 60 84 0 50 0 121 71 85
 0 0 43 53 66 17 0 0 5 0 98 0 0 0 0 0 0 0 0 0 9 68 0 41 91 0 0 51 0 6 0 79 20 0 0 0 0 41 31 88
 0 62 0 96 0 104 0 0 23 84 0 0 0 65 0 29 0 0 0 11 58 0 0 0 74 0 0 0 2 0 3 105 38 99 99 0 67 58 0 51
 0 0 0 0 0 29 0 80 49 0 0 0 0 51 2 90 96 29 0 53 0 0 0 0 0 0 0 85 72 48 28 0 25 79 0 0 0 47 0 0
 65 6 0 88 116 0 0 0 0 84 0 0 82 0 0 0 92 56 75 26 0 100 5 21 45 0 0 98 0 16 95 31 4 0 0 0 44 85 19 0
 30 8 0 7 20 82 74 0 0 117 74 0 78 0 0 0 0 0 24 0 25 0 24 77 7 36 0 46 16 29 0 62 0 56 0 55 17 18 0 0
 53 54 35 0 0 66 0 0 124 0 0 0 92 0 0 0 0 0 0 89 4 85 0 83 0 0 0 0 0 46 19 65 27 0 0 0 0 0 0 0
 0 38 0 0 0 14 0 0 10 0 57 0 0 21 74 0 95 26 0 0 0 0 27 0 0 17 0 36 0 68 1 14 0 0 0 88 27 0 0 67
 36 84 62 0 36 0 100 81 0 0 33 0 87 0 0 0 55 93 0 0 0 0 0 97 0 0 0 0 0 0 0 0 0 38 0 0 0 0 10 0
 0 0 14 0 56 0 77 96 2 93 79 0 92 11 77 0 0 87 0 92 8 0 18 0 0 0 91 0 0 57 0 27 63 74 72 0 67 0 0 0
 0 22 0 0 0 0 44 0 0 40 99 0 86 31 0 0 0 46 6 0 43 0 0 0 42 0 0 0 0 35 0 0 4 95 79 0 0 59 34 0
 93 90 0 70 0 0 73 0 0 0 63 0 0 0 0 0 37 0 78 56 0 0 0 0 0 0 80 0 73 32 0 0 0 0 0 44 0 0 0 0
 0 0 0 2 39 3 43 0 2 72 47 0 0 0 87 55 0 39 16 58 85 0 83 0 0 7 0 0 83 0 0 0 34 0 0 53 0 4 0 0
 14 35 53 54 86 15 89 2 110 31 54 87 0 0 0 0 0 36 17 39 0 82 72 0 23 74 62 31 47 43 0 0 19 83 0 0 30 0 30 72
 23 76 0 29 0 74 0 6 35 46 0 0 0 44 4 22 0 43 100 120 0 0 13 37 18 34 0 116 0 14 102 21 0 0 65 0 0 0 0 37
 98 87 0 0 0 21 81 44 81 0 0 0 0 13 0 94 0 0 22 83 83 39 91 0 59 0 0 5 0 12 0 56 35 37 0 93 0 0 62 69
 0 86 0 0 54 0 0 0 0 96 0 0 0 0 54 0 0 0 91 0 0 0 0 0 0 0 0 97 68 37 46 0 105 0 75 61 34 0 0 78
 0 0 0 0 79 0 0 0 0 0 0 0 62 43 0 0 0 120 0 0 68 0 0 31 82 0 97 53 96 0 47 0 37 94 0 0 0 49 0 97
 0 49 0 18 59 0 98 41 42 0 0 99 71 0 67 0 0 0 0 2 21 0 0 0 32 61 87 5 0 1 87 74 14 62 0 0 0 0 0 0
