44
 0 0 70 102 0 0 0 85 0 0 63 0 80 0 2 0 0 40 0 0 74 85 62 27 70 0 40 0 99 29 32 57 0 0 76 54 0 40 0 82 0 70 0 0
 67 0 33 59 0 0 75 0 65 0 1 0 98 88 79 0 15 0 0 0 28 0 71 0 0 0 21 35 0 0 0 0 0 55 62 115 52 128 0 49 0 100 95 80
 0 0 0 56 0 34 45 0 31 0 61 76 119 25 143 35 39 77 116 33 104 0 38 115 29 52 82 100 0 0 105 123 31 39 0 0 69 0 110 98 78 80 52 0
 0 0 0 0 0 0 55 0 0 83 0 85 0 74 0 19 0 0 0 92 0 0 0 0 0 0 0 0 25 0 0 0 0 0 0 94 0 0 0 63 0 0 0 55
 77 81 56 20 0 0 51 0 0 81 62 100 0 0 0 97 0 42 0 0 76 95 0 0 0 0 77 50 0 89 0 0 11 0 0 13 0 0 0 54 0 0 95 0
 6 25 0 10 103 0 0 28 0 26 73 0 0 0 124 10 94 45 0 0 8 0 0 0 0 25 53 61 0 0 7 34 20 0 0 51 0 0 0 0 62 0 0 45
 79 0 0 0 0 73 0 37 49 0 67 0 0 92 60 35 78 11 43 0 52 106 63 0 95 0 0 9 126 0 0 67 63 0 0 131 36 88 67 0 77 2 73 93
 0 23 40 37 112 0 0 0 0 0 11 0 0 0 42 78 0 0 0 0 0 57 29 85 40 0 1 69 0 0 8 90 0 81 0 0 0 152 0 0 87 77 59 0
 13 0 0 81 135 83 0 2 0 0 36 92 60 0 121 58 0 71 62 0 0 0 0 94 99 124 39 0 142 0 58 16 92 0 54 113 111 72 2 86 0 0 55 0
 53 70 26 0 0 0 7 82 0 0 0 20 23 0 9 111 124 104 23 0 35 20 21 0 62 85 41 91 13 55 0 90 0 39 34 28 0 0 17 0 63 112 116 95
 0 0 0 13 0 0 0 0 0 75 0 0 0 0 22 25 0 80 0 0 0 4 0 0 0 0 0 0 0 0 47 0 0 0 0 66 98 2 0 89 0 0 79 50
 61 42 0 0 0 56 9 102 0 0 125 0 0 52 66 0 0 108 0 0 0 155 34 0 0 42 0 1 0 0 28 0 37 62 0 0 11 101 0 94 106 0 16 0
 0 0 0 35 113 71 94 7 0 0 26 73 0 0 96 70 1 0 97 0 55 9 65 32 0 0 0 49 0 0 0 0 38 54 58 0 48 78 85 0 3 76 0 56
 58 0 0 0 80 43 0 54 88 97 78 0 38 0 49 0 0 112 121 0 0 104 84 52 37 31 39 55 0 56 9 46 0 59 87 53 0 79 0 24 95 21 75 98
 0 0 0 87 31 0 0 0 0 0 0 0 0 0 0 0 0 87 65 0 0 43 61 0 83 39 28 72 0 0 29 92 0 0 0 77 0 76 0 76 68 152 90 0
 94 87 0 0 0 0 0 0 0 0 0 13 0 44 0 0 64 0 0 0 0 0 79 0 0 0 89 74 65 87 76 0 0 0 0 0 81 0 50 0 0 0 81 0
 67 0 0 16 16 0 0 81 88 0 30 37 0 86 17 0 0 0 0 0 5 119 0 0 95 40 0 100 58 54 0 0 0 92 0 24 17 0 98 0 0 25 0 0
 0 51 0 51 0 0 0 71 0 0 0 0 49 0 0 34 83 0 0 80 0 19 0 75 0 0 38 0 0 0 0 62 63 64 0 57 0 0 0 0 0 58 0 0
 54 138 0 10 3 74 0 50 0 0 99 48 0 0 0 27 43 49 0 53 0 4 0 72 0 0 21 102 0 0 0 104 0 47 68 27 36 0 8 47 88 43 0 0
 3 99 0 0 68 11 122 141 16 50 117 72 20 41 78 19 52 0 0 0 0 90 55 12 0 2 0 62 0 60 80 48 126 0 121 132 62 2 78 70 0 74 0 0
 0 0 0 117 0 0 0 93 92 0 60 72 0 62 75 61 0 7 54 54 0 2 0 0 0 0 37 0 66 0 0 88 0 96 86 48 0 85 0 0 76 0 0 0
 0 83 86 81 0 73 0 0 91 0 0 0 0 0 0 123 0 0 0 0 0 0 0 0 0 0 0 0 0 0 59 60 37 91 0 106 0 71 0 99 0 51 0 79
 0 0 0 18 75 10 0 0 74 0 62 0 0 0 0 0 86 70 92 0 6 37 0 0 0 0 72 0 0 67 133 0 14 0 60 0 0 46 54 0 0 0 31 0
 0 80 0 25 39 31 44 0 0 75 86 95 0 0 51 35 36 0 0 0 14 57 147 0 90 13 2 0 0 98 0 0 57 5 0 17 2 5 0 0 99 87 22 64
 0 98 0 80 96 155 0 0 0 0 18 29 88 0 0 19 0 79 72 62 98 44 4 0 0 0 41 72 0 0 31 124 0 0 86 0 133 58 0 0 65 0 0 0
 97 81 0 40 40 0 8 78 0 0 15 0 13 0 0 36 0 18 29 0 120 103 74 0 2 0 87 37 74 0 50 0 18 35 76 3 24 0 0 0 0 57 0 0
 0 0 0 33 0 0 38 0 0 0 46 53 76 0 0 0 54 0 0 68 0 81 0 0 0 0 0 0 0 69 0 0 0 0 0 89 0 8 0 74 0 0 0 0
 65 0 0 56 0 0 0 0 65 0 66 0 0 0 0 0 0 73 0 0 120 149 61 79 0 0 8 0 0 0 0 0 0 0 0 68 0 42 24 0 0 0 38 69
 0 29 65 0 48 18 0 91 0 0 100 84 98 97 46 0 0 41 77 92 0 144 43 76 73 0 124 72 0 0 32 0 113 3 0 139 0 114 18 48 67 0 0 0
 0 61 67 48 0 0 4 56 22 0 73 65 63 0 10 0 0 120 84 0 120 55 0 0 29 75 0 66 30 0 106 0 41 1 0 64 3 0 43 0 0 57 17 0
 0 73 0 28 50 0 76 0 0 64 0 0 46 0 0 0 98 82 35 0 32 0 0 35 0 0 0 126 0 0 0 0 61 52 0 126 95 4 0 0 98 0 96 0
 0 65 0 75 67 0 0 0 0 0 60 97 49 0 0 10 112 0 0 0 0 0 66 92 0 0 39 134 92 86 12 0 44 6 33 0 0 138 0 24 0 15 50 87
 88 15 0 75 0 0 0 68 0 88 37 0 0 62 59 74 57 0 37 0 53 0 0 0 90 0 95 100 0 0 0 0 0 89 17 88 0 110 55 94 91 0 0 87
 15 0 0 59 21 17 30 0 57 0 59 0 0 0 26 145 0 0 0 72 0 0 19 0 83 0 59 61 0 0 0 0 0 0 0 0 0 0 10 63 0 0 36 0
 0 0 52 109 151 54 25 13 0 0 80 60 0 0 5 77 29 61 0 0 0 22 0 32 0 0 118 47 140 22 6 0 0 17 0 2 55 70 109 0 0 0 59 61
 0 0 58 0 0 0 0 83 0 0 0 11 83 0 0 71 0 0 0 0 0 0 78 0 94 0 0 0 0 0 0 99 0 64 0 0 0 137 0 0 0 110 0 90
 61 0 0 73 85 45 0 45 0 69 0 0 0 81 59 0 0 13 0 0 112 60 111 0 0 0 112 91 96 0 0 96 7 69 0 50 0 103 8 89 0 51 56 96
 0 0 89 38 44 99 0 0 0 45 0 0 0 0 0 1 0 81 98 0 0 0 0 0 0 80 0 0 0 97 0 0 0 57 0 0 0 0 0 0 0 73 0 75
 21 53 0 104 14 7 0 23 0 0 45 68 0 35 10 0 0 133 0 0 132 54 0 44 79 50 87 0 0 0 28 91 0 0 0 21 0 99 0 0 0 72 11 0
 0 0 0 0 0 69 76 105 0 26 0 0 1 0 0 72 58 13 0 0 17 0 5 76 61 39 0 3 0 95 114 0 0 0 94 70 0 9 14 0 0 119 77 0
 33 3 0 37 45 0 0 0 44 0 21 0 0 0 0 44 4 34 0 17 0 86 95 0 0 92 68 123 0 53 0 66 0 35 79 22 28 69 27 86 0 0 156 0
 0 0 0 56 136 48 0 0 58 0 85 57 0 0 0 100 0 0 0 0 100 0 19 0 99 0 86 94 55 0 22 0 15 32 93 0 0 0 0 0 95 0 0 0
 24 0 0 59 0 82 0 0 0 0 0 0 94 0 0 0 52 33 87 80 52 11 0 0 26 71 131 0 61 0 0 0 70 0 0 63 0 63 0 0 0 4 0 0
 58 0 18 0 132 0 0 51 60 0 0 71 0 0 110 64 29 57 33 65 37 0 56 0 51 131 60 0 57 87 53 0 0 112 0 0 0 0 20 96 37 18 32 0
