44
 0 168 0 64 57 0 39 138 73 0 87 0 59 98 191 142 61 66 0 91 17 117 39 146 51 120 75 77 30 0 8 92 9 0 2 0 0 51 44 89 75 124 92 77
 0 0 0 0 0 0 33 59 0 96 0 6 0 71 0 0 0 0 0 0 48 0 0 0 10 66 92 0 0 0 45 0 65 0 0 0 17 0 0 0 0 27 0 0
 59 42 0 51 0 0 139 59 97 0 168 0 105 134 101 0 0 73 188 0 0 0 91 85 0 0 90 53 0 90 47 111 38 87 55 57 0 0 0 0 134 52 0 0
 0 21 0 0 97 0 83 64 0 0 0 110 0 133 0 91 138 0 123 80 95 0 90 74 0 0 0 95 0 0 74 41 81 77 73 0 0 0 46 0 61 43 107 0
 0 103 96 0 0 73 80 19 0 0 0 0 163 26 64 38 0 0 105 0 85 0 0 146 0 0 68 53 0 0 106 111 41 119 26 84 114 0 0 91 11 0 3 0
 88 11 95 33 0 0 0 81 0 44 0 26 25 0 0 0 47 0 139 79 67 0 27 0 0 148 0 1 0 0 76 22 142 178 63 0 73 1 0 11 0 0 123 124
 0 0 0 0 0 48 0 13 0 0 0 0 0 23 0 0 0 0 0 0 0 0 0 0 0 0 93 127 0 0 24 0 98 9 73 0 152 93 0 0 50 125 109 0
 0 0 0 0 0 0 0 0 87 0 0 0 0 94 0 60 89 0 0 0 0 0 0 0 96 0 0 0 0 0 0 0 0 61 0 0 11 0 0 0 0 0 84 0
 0 96 0 71 178 2 163 0 0 75 62 174 46 0 108 71 0 0 149 0 17 133 0 115 0 94 20 58 0 0 82 0 0 35 54 0 72 1 0 36 75 0 77 53
 88 0 11 132 83 0 79 2 0 0 19 22 42 0 85 50 61 0 46 96 130 58 112 72 0 35 50 43 0 93 111 129 54 8 9 62 30 67 0 71 35 1 157 96
 0 74 0 42 134 56 128 8 0 0 0 0 29 0 152 70 79 0 81 87 4 64 69 37 0 73 92 0 0 0 100 33 7 64 0 96 158 0 0 176 36 86 0 0
 78 0 34 0 104 0 39 56 0 0 59 0 30 10 0 0 4 0 51 0 0 0 20 63 53 95 121 78 12 0 90 114 0 81 87 0 0 0 0 0 31 58 91 0
 0 64 0 48 0 0 60 2 0 0 0 0 0 100 0 72 0 49 79 0 0 49 62 54 59 0 0 0 0 0 0 108 0 0 14 0 181 91 0 185 103 46 97 82
 0 0 0 0 0 64 0 0 67 83 68 0 0 0 0 75 81 0 0 0 0 0 0 90 0 0 94 0 0 0 12 0 0 0 42 0 183 0 0 0 0 0 0 0
 0 110 0 73 0 78 86 118 0 0 0 84 76 125 0 2 95 0 45 33 27 81 0 0 0 90 108 0 93 0 81 77 10 174 0 83 40 0 0 0 53 30 0 0
 0 139 95 0 0 69 34 0 0 0 0 95 0 0 0 0 0 0 0 42 22 82 60 0 48 0 91 79 0 0 138 121 104 40 0 94 84 0 0 0 42 4 0 83
 0 48 160 0 28 0 31 0 95 0 0 0 127 0 0 140 0 0 0 85 138 0 93 16 0 0 134 48 0 64 36 38 56 138 46 0 113 0 13 163 68 146 37 0
 0 106 0 151 98 9 61 69 43 22 27 128 0 101 87 60 82 0 39 0 92 108 116 0 0 0 43 103 0 44 95 62 82 91 36 68 4 0 0 0 11 31 11 0
 80 185 0 0 0 0 54 49 0 0 0 0 0 75 0 116 85 0 0 0 189 0 0 0 0 0 0 53 0 0 0 52 0 65 110 0 85 0 40 133 97 45 58 0
 0 86 74 0 76 0 13 129 125 0 0 141 28 99 0 0 0 120 169 0 104 140 0 15 131 0 7 0 60 0 140 169 0 169 3 106 0 98 56 0 27 2 45 136
 0 0 91 0 0 0 87 74 0 0 0 33 71 115 0 0 0 0 0 0 0 0 0 0 0 0 0 47 85 79 49 90 90 143 123 0 65 0 0 0 5 0 59 0
 0 60 36 147 44 12 80 19 0 0 0 100 0 156 0 0 100 0 127 0 90 0 0 95 100 69 96 27 0 0 93 172 48 24 41 0 66 0 0 0 7 0 0 72
 0 33 0 0 163 0 68 98 72 0 0 0 0 60 178 0 0 0 63 0 141 83 0 122 0 0 21 100 0 0 14 0 177 0 0 71 76 0 85 104 23 22 111 0
 0 126 0 0 0 85 6 25 0 0 0 0 0 0 27 111 0 67 11 0 68 0 0 0 0 0 0 0 0 0 38 35 103 0 54 0 50 96 0 0 0 7 0 0
 0 0 47 166 138 4 88 0 110 15 139 0 0 61 21 0 131 23 31 0 23 0 108 108 0 0 0 155 13 97 29 136 6 81 0 157 114 118 2 136 0 20 129 115
 0 0 95 98 14 0 139 93 0 0 0 0 55 123 0 4 117 47 19 45 34 0 128 3 79 0 139 98 0 0 0 0 12 0 121 0 0 0 0 0 84 20 27 0
 0 0 0 8 0 51 0 15 0 0 0 0 64 0 0 0 0 0 66 0 40 0 0 97 49 0 0 46 79 89 116 0 59 178 168 0 0 70 97 39 0 0 52 0
 0 37 0 0 0 0 0 34 0 0 75 0 66 10 55 0 0 0 0 28 0 0 0 41 0 0 0 0 89 0 0 0 2 35 0 0 0 0 0 0 136 17 54 0
 0 136 40 71 43 40 8 3 61 91 141 0 76 63 0 79 11 100 13 0 0 116 117 31 0 31 0 0 0 73 0 0 149 0 0 0 0 73 0 0 178 0 167 0
 28 58 0 39 141 67 75 88 84 0 120 132 134 43 10 85 0 0 138 93 0 164 160 142 0 41 0 154 0 0 44 0 1 1 0 14 49 59 0 86 34 25 0 50
 0 0 0 0 0 0 0 26 0 0 0 0 10 0 0 0 0 0 72 0 0 0 0 0 0 76 0 74 74 0 0 48 51 0 49 0 0 0 0 98 0 0 0 0
 0 96 0 0 0 0 44 171 77 0 0 0 0 132 0 0 0 0 0 0 0 0 83 0 0 68 70 152 90 4 0 0 77 56 0 0 119 89 0 96 112 116 37 43
 0 0 0 0 0 0 0 92 70 0 0 17 92 59 0 0 0 0 70 53 0 0 0 0 0 0 0 0 0 0 0 0 0 38 0 0 0 0 0 0 74 0 0 0
 65 80 0 0 0 0 0 0 0 0 0 0 90 148 0 0 0 0 0 0 0 0 91 71 0 79 0 0 35 0 55 0 0 0 0 0 2 0 0 0 0 0 46 0
 0 63 0 0 0 0 0 0 0 0 80 0 0 0 69 71 0 0 0 0 0 0 58 0 53 0 0 25 58 9 0 16 65 167 0 0 68 0 0 45 39 43 26 55
 76 2 0 53 0 16 10 29 65 0 0 170 68 135 0 0 23 0 107 0 19 140 0 66 0 45 123 115 136 0 69 3 62 81 16 0 11 0 0 94 63 97 133 87
 84 0 62 45 0 0 0 0 0 0 0 94 0 0 0 0 0 0 0 96 0 0 0 0 0 50 92 94 13 0 76 0 78 0 0 0 0 0 0 49 0 0 50 0
 0 135 182 121 83 0 0 146 0 0 125 155 0 99 59 13 36 100 105 0 141 133 129 0 0 126 0 134 0 0 107 0 38 109 45 76 6 0 0 101 114 0 0 125
 0 91 13 0 79 135 18 132 35 121 110 75 81 25 36 24 0 43 0 0 9 67 0 175 0 37 0 61 107 69 5 66 125 4 43 78 5 125 0 143 0 39 69 86
 0 124 51 6 0 0 127 37 0 0 0 0 0 93 63 96 0 69 0 65 114 81 0 59 0 0 0 32 96 0 0 0 128 34 0 0 0 0 0 0 74 18 50 0
 0 23 0 0 0 88 0 118 0 0 0 0 0 37 0 0 0 0 0 0 0 0 0 83 56 0 22 0 0 0 13 0 0 29 0 0 154 0 69 0 0 131 126 0
 0 0 0 0 96 50 0 48 6 0 0 0 0 67 0 0 0 0 0 0 73 47 0 0 0 0 58 0 11 0 120 0 104 26 0 0 16 76 0 0 0 0 111 0
 0 67 36 0 0 0 0 0 0 0 77 0 0 70 10 75 0 0 0 0 0 100 0 95 0 0 0 0 0 82 84 0 174 0 0 0 0 53 0 0 0 0 0 0
 0 4 97 170 71 0 160 103 0 0 19 41 0 108 135 0 78 62 153 0 86 0 27 102 0 32 140 53 83 0 104 0 81 14 0 0 149 0 0 160 88 156 171 0
