44
 0 0 56 0 0 16 81 90 85 2 0 66 0 0 0 3 0 12 0 55 54 49 61 0 0 92 0 99 0 0 95 82 0 90 82 0 91 3 57 34 0 0 81 119
 86 0 0 0 0 20 0 38 69 0 18 0 0 0 0 62 69 62 83 0 0 90 0 0 35 0 38 0 0 0 0 0 100 0 0 0 0 44 58 66 98 0 0 0
 0 21 0 0 78 36 0 42 0 0 0 94 69 44 72 0 0 100 0 0 93 0 0 93 0 62 96 0 0 0 0 0 95 0 84 37 10 0 79 0 65 96 19 0
 3 60 45 0 53 78 73 0 0 0 87 0 26 0 77 102 104 33 0 40 0 0 49 0 0 0 0 0 83 86 96 99 0 53 0 63 0 67 0 0 0 41 0 74
 71 42 0 0 0 81 13 40 0 5 40 0 53 0 90 39 0 0 90 88 42 0 0 0 80 0 29 95 40 13 85 25 101 14 0 0 68 71 70 82 0 0 63 0
 0 0 0 0 0 0 0 0 0 0 0 0 0 85 0 74 0 72 0 86 0 89 74 0 0 0 0 0 0 0 84 0 0 0 64 0 0 0 41 84 48 0 14 55
 0 26 13 0 0 43 0 0 24 0 50 67 0 48 0 96 52 9 76 0 43 0 0 22 20 52 0 31 62 0 0 51 55 0 83 77 0 0 0 42 0 60 17 0
 0 0 0 114 0 16 14 0 0 72 0 0 35 93 0 67 0 27 28 0 88 0 49 54 0 16 0 99 35 32 32 112 0 0 0 10 46 0 0 0 96 0 51 0
 0 0 49 68 72 46 0 60 0 103 20 54 19 0 0 78 20 0 43 83 56 0 63 0 0 0 78 50 0 0 96 0 40 0 0 32 100 13 83 0 0 7 14 30
 0 119 28 82 0 63 65 0 0 0 0 0 87 0 0 0 86 65 84 0 0 0 0 60 60 68 82 0 41 77 0 0 0 18 0 0 0 0 48 0 0 88 25 93
 18 0 100 0 0 88 0 84 0 65 0 86 0 99 21 113 3 18 0 0 0 0 0 35 17 19 0 0 57 0 0 76 48 25 0 6 0 0 0 0 0 82 63 48
 0 23 0 25 81 6 0 51 0 37 0 0 0 0 0 66 0 11 83 52 0 44 19 46 82 0 93 0 58 61 57 55 8 14 56 69 0 60 94 19 0 54 75 26
 43 16 0 0 0 54 64 0 0 0 29 24 0 61 0 0 58 20 0 0 0 47 17 44 0 0 3 33 0 0 0 0 37 0 69 0 0 0 0 81 0 73 0 28
 26 9 0 28 95 0 0 0 34 22 0 39 0 0 0 0 0 46 107 39 95 18 62 35 0 0 41 0 91 86 10 73 17 7 0 0 0 4 76 22 0 0 27 26
 72 52 0 0 0 37 48 82 25 44 0 47 69 89 0 13 35 70 0 36 0 64 21 47 60 0 0 87 90 0 2 0 82 23 0 21 100 4 65 0 24 0 34 12
 0 0 16 0 0 0 0 0 0 19 0 0 81 67 0 0 0 17 0 0 0 0 0 33 19 95 0 80 46 0 80 0 73 27 6 5 100 6 93 62 0 26 27 0
 89 0 64 0 61 76 0 87 0 0 0 85 0 92 0 20 0 78 0 0 64 98 0 0 52 77 34 88 0 0 0 0 0 0 0 20 0 40 93 0 0 0 23 74
 0 0 0 0 41 0 0 0 45 0 0 0 0 0 0 0 0 0 14 0 5 96 17 54 0 35 0 74 0 98 0 0 0 54 62 0 24 10 0 87 0 20 78 55
 27 0 27 83 0 22 0 0 0 0 77 0 34 0 99 74 65 0 0 0 14 100 0 88 47 29 0 0 9 0 96 41 0 0 0 0 0 0 0 7 86 0 0 0
 0 18 65 0 0 0 71 32 0 103 35 0 32 0 0 47 86 72 35 0 0 74 15 29 0 0 0 88 52 0 0 0 97 29 94 37 36 85 0 0 0 0 51 0
 0 92 0 69 0 59 0 0 0 17 49 67 3 0 61 67 0 0 0 55 0 0 0 0 0 0 0 0 0 0 0 0 96 75 41 49 59 78 0 0 62 0 0 21
 0 0 8 44 63 0 20 10 95 25 27 0 0 0 0 62 0 0 0 0 6 0 9 33 0 0 79 8 0 22 20 41 27 45 26 11 0 36 0 60 0 21 57 0
 0 61 81 0 42 0 65 0 0 92 72 0 0 0 0 84 88 0 83 0 85 0 0 0 59 0 98 37 83 0 0 95 24 53 0 79 42 18 0 0 0 0 0 4
 92 76 0 30 65 53 0 0 71 0 0 0 0 0 0 0 38 0 0 0 95 0 32 0 88 53 0 0 77 0 0 0 83 89 0 0 0 0 98 93 0 0 39 30
 40 0 10 17 0 65 0 17 50 0 0 0 85 37 0 0 0 82 0 94 81 91 0 0 0 0 76 0 0 76 92 0 91 16 0 54 0 7 0 0 0 0 0 29
 0 31 0 52 99 1 0 0 63 0 0 100 70 68 38 0 0 0 0 69 19 81 21 0 7 0 27 0 60 39 90 0 26 91 0 87 77 0 29 65 18 0 0 22
 18 0 0 11 0 0 68 66 0 0 47 0 0 0 81 49 0 45 72 14 48 0 0 80 0 0 0 44 51 87 0 0 72 35 99 0 0 99 0 0 0 16 0 0
 0 33 41 39 0 14 0 0 0 48 17 87 0 34 0 0 0 0 19 0 17 0 0 15 41 5 0 0 0 48 95 0 77 0 6 27 17 0 0 0 10 6 0 0
 16 23 79 0 0 94 0 0 97 0 0 0 84 0 0 0 27 54 0 0 28 63 0 0 42 0 0 70 0 0 0 45 64 62 0 0 0 0 0 0 0 33 47 0
 21 17 109 0 0 51 59 0 90 0 41 0 42 0 28 38 30 0 66 75 69 0 51 52 0 0 0 0 101 0 16 51 0 8 0 0 0 49 24 0 0 33 45 87
 0 44 54 0 0 0 61 0 0 103 27 0 19 0 0 0 50 15 0 68 10 0 4 60 0 0 38 0 64 0 0 46 0 1 32 45 0 0 73 51 0 63 71 42
 0 14 5 0 0 27 0 0 82 114 0 0 65 0 63 3 96 44 0 47 99 0 0 26 23 84 61 97 0 0 0 0 0 43 0 40 64 2 0 0 53 0 0 0
 33 0 0 13 0 44 0 62 0 69 0 0 0 0 0 0 34 61 1 0 0 0 0 0 0 0 0 0 0 112 27 32 0 20 41 70 0 41 0 0 0 111 0 23
 0 68 92 0 0 98 80 69 61 0 0 0 98 0 0 0 27 0 78 0 0 0 0 0 0 0 0 85 0 0 0 0 0 0 0 52 88 0 0 0 0 35 0 0
 0 36 0 36 100 0 0 73 10 82 25 0 0 86 111 0 49 0 24 0 0 0 41 31 24 3 0 0 96 52 0 95 0 27 0 0 43 0 18 0 0 8 0 0
 26 38 0 0 89 65 0 0 0 79 0 0 63 62 0 0 0 95 18 0 0 0 0 94 0 0 39 0 19 51 0 0 0 0 38 0 0 53 67 91 0 79 92 19
 0 10 0 25 0 65 34 0 0 73 77 79 90 95 0 0 69 0 59 0 0 58 0 30 60 0 57 0 14 52 79 0 28 0 0 48 0 0 0 54 21 100 5 63
 0 0 74 0 0 30 45 23 0 99 93 0 96 0 0 0 0 0 76 0 0 0 0 53 0 100 0 92 63 0 96 0 0 62 40 0 53 0 0 83 0 0 79 28
 0 0 0 98 0 0 58 1 0 0 62 0 77 0 0 0 0 67 106 63 37 66 43 0 56 0 36 82 40 0 0 15 39 46 0 0 16 51 0 89 69 25 0 0
 0 0 75 8 0 0 0 67 48 31 58 0 0 0 64 0 68 0 0 91 1 0 35 0 73 0 67 92 24 77 0 54 59 65 81 0 0 0 0 0 9 66 11 0
 14 0 0 79 0 0 46 0 30 72 52 69 16 97 0 87 7 64 0 17 0 4 34 73 68 0 3 0 66 26 55 0 86 36 63 26 0 26 0 0 0 41 6 59
 50 30 0 0 77 48 0 65 0 0 0 0 0 61 64 0 101 0 93 65 68 0 119 64 61 67 0 0 0 0 0 83 0 0 0 0 0 15 0 0 0 0 0 0
 0 93 0 25 0 0 0 0 0 0 0 0 100 0 0 0 0 0 89 0 78 0 99 0 0 34 58 88 0 0 0 72 84 28 99 0 0 0 56 0 0 62 0 62
 0 86 71 0 69 0 91 49 0 0 0 0 0 0 0 92 0 0 0 67 0 36 0 0 0 0 98 46 20 0 0 37 0 36 100 0 0 0 24 86 0 59 0 0
