44
 0 0 0 36 37 0 0 0 0 0 0 93 0 0 0 0 92 0 0 0 0 90 63 83 0 0 94 80 74 0 0 55 76 0 34 0 0 0 0 0 0 0 0 0
 76 0 0 74 0 61 0 103 64 47 0 48 1 44 0 0 0 71 0 81 46 30 61 86 0 76 0 0 0 24 156 100 0 49 78 0 43 68 77 18 0 0 101 0
 35 102 0 125 108 0 151 0 5 166 173 15 136 92 0 0 98 73 99 0 0 17 51 156 0 17 69 8 71 176 0 10 109 47 1 114 67 0 0 138 0 5 114 57
 0 0 0 0 0 0 0 0 70 14 0 34 0 89 0 0 64 0 0 0 0 0 32 0 0 0 55 0 0 0 67 92 0 47 24 0 16 68 0 17 0 41 51 0
 0 39 0 60 0 20 69 32 0 0 86 31 99 43 0 0 0 166 0 93 24 6 37 97 0 0 117 51 0 155 0 25 0 62 0 60 0 0 0 66 43 144 0 0
 11 0 93 68 0 0 0 131 158 21 0 92 65 0 0 83 0 0 0 80 0 0 0 0 0 0 0 0 0 0 91 135 96 0 126 0 49 0 0 33 74 2 48 0
 22 76 0 150 0 109 0 0 0 19 0 27 17 27 0 0 72 55 86 64 158 0 0 0 11 0 56 0 0 57 65 17 0 87 29 0 83 159 0 55 178 98 0 0
 57 0 21 97 0 0 35 0 0 14 37 26 71 123 0 0 29 0 0 0 0 30 0 0 0 0 34 0 98 0 0 0 0 25 0 0 0 118 30 72 0 33 1 90
 91 0 0 0 60 0 91 84 0 30 0 0 0 91 0 81 66 0 0 0 66 0 41 0 0 0 97 59 0 0 0 0 0 0 25 0 0 91 0 0 26 0 123 3
 47 0 0 0 97 0 0 0 0 0 0 73 0 88 0 92 0 82 90 34 0 0 0 0 0 0 0 0 0 0 0 0 0 0 0 0 0 0 0 93 35 0 10 0
 41 9 0 3 0 30 59 0 3 96 0 163 35 51 0 0 0 0 84 75 105 0 0 0 74 0 0 86 0 0 0 0 0 112 0 68 10 34 0 9 138 0 0 0
 0 0 0 0 0 0 0 0 5 0 0 0 112 0 0 94 0 0 0 0 0 46 43 0 0 82 0 0 0 0 0 0 0 104 75 0 70 15 0 85 0 0 86 43
 54 0 0 57 0 0 0 0 48 49 0 0 0 102 0 0 0 0 57 0 0 0 82 96 0 0 58 0 0 0 0 0 64 0 24 0 0 0 0 88 75 0 105 68
 69 0 0 0 0 43 0 0 0 0 0 75 0 0 0 0 0 90 97 100 0 0 0 0 0 0 0 0 0 0 0 0 0 0 0 63 0 26 83 89 0 0 0 0
 12 71 87 134 89 121 89 2 107 58 2 71 44 92 0 82 0 143 0 1 7 91 29 73 0 76 0 0 38 61 0 0 69 78 163 87 32 0 18 146 19 124 122 12
 125 11 74 101 106 0 39 125 0 0 2 0 98 3 0 0 91 108 187 36 158 43 0 0 0 84 120 174 78 76 61 0 0 0 12 0 6 0 0 0 0 89 102 0
 0 55 0 0 80 95 0 0 0 173 148 82 118 38 67 0 0 0 1 0 15 24 119 86 0 0 0 30 0 0 0 0 0 63 0 75 0 0 0 0 23 147 61 133
 94 0 0 45 0 126 0 148 136 0 93 47 129 0 0 0 85 0 47 64 39 102 183 0 100 0 68 0 0 0 0 97 49 117 38 72 0 56 28 61 0 0 0 6
 137 75 0 45 58 89 0 24 112 0 0 92 0 0 68 0 0 0 0 0 0 97 89 71 0 0 0 0 0 43 65 87 0 0 0 0 34 11 0 0 19 52 96 132
 56 0 93 73 0 0 0 33 0 0 0 116 75 0 0 0 122 0 119 0 0 62 48 0 0 98 20 7 77 0 98 3 0 69 0 87 80 51 100 43 0 50 14 55
 66 0 65 59 0 69 0 81 0 17 0 24 44 117 0 0 0 0 73 69 0 0 0 0 0 99 0 0 0 0 0 6 0 93 172 73 25 172 0 57 57 43 10 0
 0 0 0 88 0 132 55 0 73 56 60 0 22 53 0 0 0 0 0 0 41 0 0 0 66 0 0 0 0 137 114 101 0 0 89 0 70 0 0 80 107 0 109 0
 0 0 0 0 0 60 132 118 0 3 31 0 0 133 0 99 0 0 0 0 149 57 0 0 92 0 0 26 76 47 106 0 39 116 94 41 47 0 0 143 73 72 99 0
 0 0 0 142 0 126 77 118 75 7 141 18 0 14 0 0 0 152 0 45 23 18 73 0 0 0 50 96 0 68 0 95 0 51 119 44 68 35 79 0 0 76 0 172
 153 135 50 133 14 29 0 33 112 0 0 89 154 63 50 51 101 0 120 141 65 0 0 10 0 61 84 0 53 0 0 64 63 0 78 12 0 84 0 0 46 57 104 83
 125 0 0 51 8 67 83 25 23 72 22 0 87 0 0 0 59 59 112 0 0 37 127 116 0 0 160 56 89 104 45 95 0 108 0 127 0 0 0 30 21 146 0 0
 0 162 0 0 0 41 0 0 0 150 34 53 0 85 70 0 110 0 113 0 85 76 40 0 0 0 0 0 0 105 118 0 0 0 0 79 62 0 0 33 56 0 13 124
 0 79 0 93 0 156 116 114 0 181 0 88 137 63 48 0 0 73 55 0 5 62 0 0 47 0 48 0 49 86 45 10 0 131 21 0 99 104 0 49 97 104 45 54
 0 20 0 41 11 137 79 0 105 150 99 81 45 11 0 0 21 42 110 0 136 24 0 63 0 0 2 0 0 35 129 115 0 70 0 120 40 82 86 90 0 0 106 55
 26 0 0 116 0 12 0 43 168 16 110 36 41 151 0 0 91 75 0 89 32 0 0 0 73 0 0 0 0 0 0 65 0 0 79 0 60 50 60 105 106 0 0 0
 21 0 70 0 65 0 0 61 105 95 96 33 122 20 28 0 45 67 0 0 26 0 0 38 55 0 0 0 0 0 0 46 35 61 105 0 56 83 0 62 10 157 91 0
 0 0 0 0 0 0 0 91 114 147 89 74 41 72 75 56 33 0 0 0 0 0 60 0 0 0 39 0 0 0 0 0 0 136 82 0 0 33 0 79 0 13 14 64
 0 141 0 24 16 0 67 103 78 101 68 121 0 40 0 81 76 0 40 24 138 29 0 111 0 102 59 78 116 45 0 32 0 11 73 116 108 0 84 56 57 0 0 76
 8 0 0 0 0 94 0 0 71 103 0 0 90 3 0 54 0 0 84 0 0 98 0 0 98 0 25 0 0 86 0 0 0 0 44 0 64 0 0 163 52 0 69 0
 0 0 0 0 46 0 0 14 0 102 98 0 0 59 0 0 58 0 84 30 0 0 0 0 0 95 65 0 96 0 0 0 0 0 0 0 0 0 0 112 0 0 140 0
 78 100 0 41 0 27 149 4 110 29 0 45 117 0 0 42 0 0 0 0 0 33 0 0 0 0 0 30 0 132 20 165 0 87 62 0 98 77 0 104 101 56 111 0
 94 0 0 0 71 0 0 61 2 54 0 0 103 1 0 0 88 95 0 0 0 0 0 0 71 78 0 0 0 0 0 93 0 0 73 0 0 117 0 0 0 69 16 0
 1 0 39 0 59 79 0 0 0 29 0 0 116 0 86 96 40 0 0 0 0 0 95 0 0 89 90 0 0 0 0 0 68 81 105 0 0 0 94 8 0 0 32 0
 144 0 94 55 1 57 61 0 62 117 23 56 17 0 0 58 136 0 60 0 35 97 27 0 88 100 90 109 0 0 164 34 0 82 102 94 110 0 0 0 105 76 0 77
 64 0 0 0 0 0 0 0 89 0 0 0 0 0 0 56 66 0 88 0 0 0 0 100 98 0 0 0 0 0 0 0 0 0 0 0 87 0 87 0 0 46 45 0
 29 71 52 61 0 0 0 63 0 0 0 100 0 9 0 82 0 36 0 60 0 0 0 90 0 0 0 0 93 0 0 41 0 0 78 0 100 96 0 184 0 0 20 0
 91 97 0 0 0 0 0 0 111 95 0 116 117 46 0 0 0 92 0 0 0 16 0 0 0 0 66 0 40 91 0 0 94 42 37 0 0 33 0 0 140 0 28 0
 41 0 0 0 64 0 45 0 0 0 74 0 0 0 0 0 0 60 0 0 0 0 0 83 0 81 0 0 0 78 0 0 36 0 0 0 0 0 58 0 0 0 0 0
 137 115 0 17 16 70 33 0 0 2 110 0 0 161 0 41 0 0 0 0 31 99 14 0 0 89 0 0 0 86 59 0 0 21 52 71 112 64 0 15 54 105 135 0
