40
 0 31 0 6 0 45 0 94 0 36 39 0 26 0 59 11 7 0 14 0 56 14 36 40 0 0 43 0 22 0 86 0 15 79 60 72 0 0 0 15
 0 0 0 80 0 52 19 0 0 0 0 58 0 0 89 0 0 0 82 0 0 0 29 0 0 93 97 0 0 0 63 0 50 52 0 33 64 0 0 0
 85 12 0 55 59 24 0 0 0 81 98 0 0 41 0 1 7 0 5 9 0 78 116 57 0 11 0 26 96 86 4 28 6 31 0 7 0 14 131 2
 0 0 0 0 0 0 0 73 0 0 0 0 0 22 0 55 52 0 33 65 65 0 65 97 4 56 100 0 0 0 0 0 0 0 0 67 0 0 3 62
 48 48 0 47 0 16 0 0 0 0 7 0 71 0 0 4 36 0 63 0 0 14 0 3 0 0 63 97 11 0 0 74 0 30 90 21 10 0 49 75
 0 0 0 90 0 0 0 0 0 0 41 72 0 10 54 113 84 107 0 0 74 44 0 79 10 10 53 0 66 0 92 0 0 0 0 0 0 25 0 95
 92 0 42 42 46 93 0 100 51 0 0 97 89 0 104 65 0 0 47 32 46 0 29 54 37 0 0 0 91 0 0 0 89 0 0 70 70 28 3 0
 0 79 82 0 98 77 0 0 0 0 0 75 93 0 56 53 62 0 79 0 86 0 0 0 20 85 51 69 0 0 71 76 0 0 0 77 0 99 0 62
 9 72 2 18 33 87 0 55 0 76 0 29 64 0 0 14 0 0 127 0 0 70 25 0 60 0 0 49 21 70 0 0 0 0 71 47 0 0 52 0
 0 16 0 25 96 59 33 3 0 0 0 0 0 0 0 0 0 48 40 15 0 33 0 62 0 36 67 0 0 0 85 0 0 56 0 85 1 33 34 69
 0 25 0 81 0 0 58 77 11 69 0 12 82 4 0 49 105 0 40 17 0 52 63 66 108 63 0 0 87 0 84 0 69 88 0 0 0 24 0 74
 96 0 67 1 4 0 0 0 0 3 0 0 0 0 0 0 0 13 65 92 0 12 69 35 0 11 0 0 45 22 0 0 0 0 0 64 0 72 0 21
 0 56 42 36 0 9 0 0 0 40 0 45 0 0 97 0 0 0 18 0 43 0 3 0 0 0 62 0 0 96 0 0 29 58 0 0 19 115 33 108
 49 67 0 0 43 0 89 39 75 96 0 91 20 0 0 33 64 72 89 0 0 0 0 19 47 0 0 0 0 0 25 78 0 0 0 0 63 85 0 0
 0 0 54 92 11 0 0 0 98 17 69 97 0 59 0 53 23 0 0 0 0 0 0 95 10 100 24 0 57 97 97 0 46 0 0 0 53 0 0 97
 0 99 0 0 0 0 0 0 0 85 0 50 35 0 0 0 0 0 0 76 0 72 0 0 0 0 57 0 0 0 0 0 63 0 0 0 0 69 47 99
 0 58 0 0 0 0 97 0 34 75 0 100 84 0 0 55 0 73 0 90 69 25 74 57 0 0 0 0 58 0 0 0 27 0 0 0 0 33 0 58
 89 41 74 43 53 0 30 48 86 0 96 0 57 0 63 6 0 0 17 0 0 0 109 0 0 0 0 0 0 0 78 0 35 0 97 31 51 18 23 47
 0 0 0 0 0 64 0 0 0 0 0 0 0 0 40 0 21 0 0 29 0 0 0 0 93 0 0 0 0 0 14 0 94 67 78 0 0 0 0 0
 30 71 0 0 82 51 0 25 69 0 0 0 67 93 73 0 0 80 0 0 0 0 0 0 10 0 0 0 0 0 78 0 0 55 0 0 0 0 48 44
 0 54 69 0 32 0 0 0 87 29 1 56 0 54 4 21 0 62 67 12 0 12 9 27 72 0 120 36 47 49 32 0 0 44 96 0 20 0 22 32
 0 86 0 78 0 0 79 2 0 0 0 0 20 43 6 0 0 76 30 3 0 0 45 0 66 0 0 0 92 88 113 0 25 97 90 33 99 25 0 0
 0 0 0 0 21 65 0 14 0 77 0 0 0 91 19 60 0 0 84 19 0 0 0 36 86 96 0 0 0 86 0 0 0 0 0 81 0 61 12 0
 0 75 0 0 0 0 0 83 88 0 0 0 31 0 0 67 0 95 91 98 0 28 0 0 0 0 38 0 0 0 0 100 47 0 0 0 0 67 3 0
 28 95 86 0 96 0 0 0 0 98 0 83 41 0 0 0 72 90 0 0 0 0 0 26 0 0 0 0 48 0 64 0 0 0 0 77 0 69 84 0
 85 0 0 0 39 0 73 0 81 0 0 0 82 68 0 98 50 123 64 37 100 86 0 60 40 0 73 0 0 0 84 57 85 0 80 85 60 73 57 0
 0 0 63 0 0 0 55 0 41 0 5 63 0 7 0 0 13 67 19 71 0 45 2 0 85 0 0 0 105 0 0 0 30 0 84 49 0 38 31 35
 57 46 0 91 0 61 9 0 0 26 92 62 87 48 66 27 46 6 20 33 0 13 46 98 7 33 76 0 38 26 122 0 0 24 61 124 49 0 42 48
 0 50 0 105 0 0 0 68 0 48 0 0 95 19 0 24 0 54 91 89 0 0 25 49 0 34 0 0 0 0 0 0 0 0 0 99 0 62 41 37
 93 87 0 52 55 68 28 37 0 59 62 0 0 64 0 73 14 42 43 42 0 0 0 79 22 4 96 0 68 0 0 2 3 132 0 104 0 58 86 0
 0 0 0 78 95 0 55 0 95 0 0 50 98 0 0 66 97 0 0 0 0 0 59 65 0 0 22 0 53 58 0 0 0 0 0 76 57 0 44 87
 95 128 0 44 0 70 18 0 97 42 7 83 96 0 40 3 33 29 71 51 88 66 28 0 28 0 18 24 53 0 49 0 60 74 59 79 29 87 30 113
 0 0 0 46 86 50 0 40 48 89 0 99 0 23 0 0 0 0 0 75 100 0 76 0 80 0 0 95 33 0 50 0 0 0 95 67 0 74 2 11
 0 0 0 86 0 88 13 38 100 0 0 30 0 15 6 7 58 106 0 0 0 0 54 45 31 61 55 0 27 0 19 0 22 0 0 0 0 93 57 0
 0 50 56 99 0 72 91 94 0 31 38 69 3 88 33 20 98 0 0 22 0 0 44 100 87 0 0 0 23 48 67 0 0 46 0 0 112 2 9 45
 0 0 0 0 0 85 0 0 0 0 97 0 92 16 30 12 35 0 9 81 73 0 0 8 0 0 0 0 0 0 0 0 0 72 98 0 37 0 25 54
 90 0 46 98 0 84 0 20 35 0 60 78 0 0 0 6 38 0 94 27 0 0 70 101 33 0 0 0 121 51 0 0 59 51 0 0 0 0 0 0
 93 100 0 87 90 0 0 0 61 0 0 0 0 0 96 0 0 0 72 96 41 0 0 0 0 0 0 24 0 0 73 0 0 0 0 90 36 0 32 0
 69 97 0 0 0 91 0 82 0 0 47 58 0 90 83 0 91 0 37 0 0 94 0 0 0 0 0 0 0 0 0 0 0 0 0 0 71 0 0 0
 0 55 0 0 0 0 77 0 17 0 0 0 0 49 0 0 0 0 34 0 0 22 24 52 62 74 0 0 0 90 0 0 0 66 0 0 40 51 24 0
