44
 0 0 0 0 0 73 0 67 72 85 92 0 0 73 0 74 0 0 0 0 0 0 0 0 0 0 0 80 66 0 0 74 0 0 90 0 0 36 44 0 0 0 0 0
 61 0 0 39 0 2 130 23 60 66 90 48 15 0 49 14 14 22 0 0 18 81 43 63 9 13 58 0 26 59 0 0 0 100 93 0 20 10 0 93 0 57 5 52
 56 19 0 85 0 0 24 0 0 0 0 82 0 0 0 0 0 66 79 93 65 0 0 0 0 0 88 0 66 0 72 0 56 0 0 81 0 0 52 0 23 74 0 0
 28 0 0 0 0 0 0 0 0 72 0 0 0 0 64 0 0 0 99 7 0 0 28 94 70 0 0 88 81 0 75 0 0 0 0 0 0 0 0 0 33 0 0 0
 7 98 70 76 0 0 0 0 38 0 50 0 0 39 0 0 22 24 23 86 0 0 0 40 33 29 0 0 0 0 13 0 0 71 104 46 0 0 65 0 98 87 0 55
 0 0 83 11 86 0 26 35 20 60 28 0 78 0 0 25 48 13 126 0 0 12 110 76 77 27 84 0 0 95 0 0 31 0 97 0 26 52 0 59 99 0 6 0
 26 0 0 38 32 0 0 48 77 0 38 0 0 0 38 90 0 0 0 12 54 51 0 67 59 0 0 26 0 71 3 0 106 0 47 47 20 0 83 33 0 0 0 0
 0 0 44 0 65 0 0 0 0 22 24 0 78 0 0 43 0 7 0 10 98 38 116 0 32 37 0 0 0 17 72 0 37 0 0 6 0 42 0 0 0 4 0 57
 0 0 42 27 0 0 0 61 0 87 0 69 98 0 46 11 0 89 0 47 0 0 0 0 0 0 0 76 89 0 0 0 0 86 72 0 0 92 0 0 0 89 0 86
 0 0 23 0 9 0 32 0 0 0 0 0 0 83 0 0 0 0 91 0 45 0 87 0 126 99 0 37 13 62 0 81 0 87 12 0 64 2 71 112 0 45 84 34
 0 0 84 7 0 0 0 0 33 92 0 82 45 27 0 0 0 0 0 53 80 98 0 87 10 10 0 51 94 0 82 97 0 49 56 99 90 0 0 0 0 0 5 0
 49 0 0 38 74 33 35 92 0 1 0 0 64 0 17 0 0 21 37 82 0 77 0 0 64 0 0 22 0 0 0 0 0 0 0 0 23 0 0 43 69 34 0 3
 86 0 83 43 3 0 80 0 0 88 0 0 0 0 38 24 55 94 0 0 120 72 119 7 0 20 0 0 29 0 60 52 33 0 0 76 51 70 0 42 0 77 80 23
 0 91 55 17 0 97 122 17 19 0 0 67 36 0 0 24 64 52 9 0 0 73 0 13 44 7 3 37 108 28 0 0 82 64 0 0 23 98 0 12 0 0 96 40
 35 0 40 0 49 64 0 31 0 48 33 0 0 90 0 74 0 0 6 94 115 79 0 20 0 0 0 61 0 0 40 49 0 0 1 19 68 0 70 55 0 0 0 0
 0 0 57 58 47 0 0 0 0 26 95 94 0 0 0 0 0 0 0 78 86 0 41 48 0 40 0 0 0 90 80 0 0 0 0 0 0 0 82 0 0 79 31 0
 12 0 76 14 0 0 12 71 100 85 5 95 0 0 69 49 0 0 80 42 0 49 77 43 53 24 96 0 22 29 0 0 17 90 13 19 27 0 0 0 91 0 80 0
 29 0 0 66 0 0 42 0 0 85 92 0 0 0 98 64 6 0 36 66 0 0 32 77 23 15 0 3 16 0 0 0 128 0 113 23 88 0 0 0 0 56 0 28
 3 100 0 0 0 0 3 32 28 0 66 0 98 0 0 49 0 0 0 0 72 26 0 0 46 0 64 0 57 0 107 39 90 84 0 16 0 14 0 54 87 11 24 0
 88 85 0 0 0 86 0 0 0 67 0 0 81 66 0 0 0 0 44 0 0 0 0 0 0 32 0 0 0 0 86 44 0 0 0 38 0 0 32 73 0 0 67 0
 128 0 0 27 66 54 0 0 31 0 0 91 0 82 0 0 77 100 0 19 0 126 0 0 51 45 0 0 60 87 48 0 73 0 95 89 0 32 50 58 0 48 0 0
 1 0 23 39 125 0 0 0 55 83 0 0 0 0 0 65 0 47 0 7 0 0 0 9 15 109 0 77 93 0 34 0 1 0 75 94 0 0 0 0 0 42 0 16
 76 0 102 0 35 0 45 0 74 0 34 68 0 98 45 0 0 0 63 75 9 16 0 2 92 0 78 54 62 58 34 84 79 0 0 63 87 6 67 0 93 59 0 65
 12 0 43 0 0 0 0 88 86 71 0 74 0 0 0 0 0 0 56 9 31 0 0 0 0 57 43 0 59 81 3 0 4 57 5 81 55 0 0 72 79 0 0 0
 31 0 104 0 0 0 0 0 15 0 0 0 52 0 81 24 0 0 0 46 0 0 0 92 0 0 0 0 0 0 7 0 0 27 0 41 50 0 0 86 32 0 62 99
 88 0 81 42 0 0 73 0 25 0 0 94 0 0 66 0 0 0 0 0 0 0 55 0 89 0 0 34 0 93 91 0 96 97 0 0 0 0 0 0 93 0 89 34
 96 0 0 86 66 0 102 27 90 31 91 42 42 0 52 92 0 25 0 121 20 59 0 0 20 34 0 19 57 78 31 0 80 0 0 43 33 13 78 0 0 41 0 65
 0 49 23 0 81 85 0 68 0 0 0 0 60 0 0 35 39 0 64 62 44 0 0 90 46 0 0 0 102 14 0 13 82 0 0 0 0 13 0 72 78 55 0 11
 0 0 0 0 8 78 77 22 0 0 0 77 0 0 53 81 0 0 0 22 0 0 0 0 23 111 0 0 0 96 90 0 9 0 0 0 32 0 0 7 83 0 71 0
 68 0 78 77 108 0 0 0 57 0 73 87 75 0 72 0 0 48 84 25 0 67 0 0 30 0 0 0 0 0 49 0 108 89 0 0 34 46 0 0 36 0 0 47
 98 98 0 0 0 45 0 0 1 48 0 92 0 66 0 0 76 83 0 0 0 0 0 0 0 0 0 41 0 0 0 0 75 94 0 66 10 0 0 0 0 0 98 82
 0 51 57 72 56 84 31 57 54 0 0 78 0 14 0 80 80 58 0 0 85 113 0 6 1 32 55 0 51 40 129 0 15 0 6 24 101 20 0 24 0 42 0 50
 61 7 0 69 45 0 0 0 10 66 84 99 0 0 43 70 0 0 0 70 0 0 0 0 42 0 0 0 0 0 0 0 0 0 56 0 97 0 0 0 44 0 0 0
 10 0 40 65 0 2 12 113 0 0 0 51 74 0 92 48 0 31 0 80 79 31 11 0 0 0 12 21 80 0 0 114 9 0 0 37 4 0 0 103 0 46 0 0
 0 0 4 69 0 0 0 63 0 0 0 79 29 46 0 53 0 0 85 81 0 0 99 0 65 17 66 81 27 66 59 0 0 87 0 77 0 0 53 43 98 0 35 0
 2 95 0 40 0 6 0 0 31 96 0 98 0 34 0 18 0 0 0 0 0 0 0 0 0 28 0 81 62 36 0 0 32 0 0 0 0 61 37 0 0 0 0 53
 93 0 67 29 88 0 0 73 75 0 0 0 0 0 0 39 0 0 63 106 95 54 0 0 0 73 0 84 0 0 0 0 0 0 38 59 0 0 0 90 0 0 0 0
 0 0 85 45 25 0 94 0 0 0 39 92 0 0 94 16 83 68 0 6 0 14 0 22 76 10 0 0 100 0 6 0 15 93 60 0 54 0 83 0 55 0 18 98
 0 39 0 21 0 78 0 105 6 0 66 32 92 15 0 0 127 43 42 0 0 34 0 16 9 43 0 93 54 36 52 11 27 89 0 0 17 0 0 91 66 30 0 101
 37 0 75 35 1 0 0 13 3 0 33 0 0 0 0 7 67 74 0 0 0 12 41 0 0 92 24 0 0 40 60 0 54 0 0 0 0 9 0 0 0 0 64 29
 22 28 0 0 0 0 28 113 19 49 23 0 23 25 62 50 0 2 0 106 9 114 0 0 0 0 1 0 0 0 46 72 0 98 0 48 3 0 0 16 0 52 8 62
 46 0 0 80 0 61 5 0 0 0 17 0 0 80 84 0 84 0 0 19 0 0 0 86 7 100 0 0 74 129 55 0 19 0 94 30 131 8 0 17 0 0 37 0
 84 0 89 61 56 0 43 58 4 0 0 89 0 0 31 0 0 6 0 0 97 67 109 35 0 0 81 64 0 2 0 8 7 88 0 73 1 0 100 0 0 0 0 0
 69 0 25 59 0 99 52 0 0 0 14 0 0 0 50 46 58 0 85 35 32 0 0 70 0 0 0 0 43 0 0 0 37 97 35 0 7 0 0 0 0 31 59 0
