44
 0 0 47 0 92 0 0 89 0 0 0 40 0 67 13 30 0 88 0 0 70 0 0 0 50 70 0 0 0 0 0 109 0 8 0 0 16 17 68 0 0 84 0 8
 70 0 0 50 0 92 66 0 3 40 0 64 0 75 73 0 0 54 63 85 22 0 56 0 58 43 0 0 89 31 62 0 0 25 0 87 29 0 24 0 0 0 29 0
 0 92 0 74 88 74 0 0 0 0 0 61 0 0 57 0 0 53 0 0 27 19 68 0 63 45 0 77 148 84 0 142 97 0 92 0 0 0 93 0 42 0 0 51
 90 0 0 0 0 0 0 0 92 0 0 48 0 43 0 91 42 63 0 0 104 107 0 0 0 90 0 0 1 55 29 33 0 0 0 0 34 0 127 0 0 83 0 0
 0 28 0 113 0 0 56 64 43 0 0 0 0 0 45 89 0 0 45 91 89 31 12 46 99 26 0 0 96 0 0 89 0 118 0 52 0 39 23 14 0 0 0 34
 30 0 0 61 84 0 63 0 0 0 62 20 13 73 21 59 0 0 57 63 0 64 88 0 18 0 0 0 0 0 93 63 25 0 0 0 19 0 12 51 29 0 0 59
 101 0 127 14 0 0 0 0 2 42 67 0 0 28 67 0 26 0 0 0 41 0 0 87 33 96 94 0 110 97 0 76 19 0 57 71 0 23 93 0 0 0 0 0
 0 64 59 35 0 69 17 0 57 82 0 50 0 33 26 0 0 34 0 0 103 70 90 0 15 3 0 0 77 73 0 0 0 8 0 0 0 74 73 17 98 0 38 54
 60 0 18 0 0 53 0 0 0 0 0 0 0 0 0 0 0 85 0 0 61 0 0 0 61 0 0 66 0 0 29 0 0 0 0 71 63 0 103 0 39 0 0 14
 31 0 73 31 67 65 0 0 97 0 0 26 0 0 35 17 0 58 101 93 105 102 17 35 69 3 0 0 62 30 0 31 0 32 42 11 10 57 0 94 0 0 70 0
 2 105 26 35 86 0 0 8 56 1 0 0 26 0 64 16 69 0 0 120 111 81 21 104 99 83 0 0 94 50 0 114 30 0 26 0 0 0 78 60 76 37 0 23
 0 0 0 0 89 0 48 0 105 0 84 0 0 89 62 77 76 0 0 60 0 0 0 8 85 0 0 0 93 0 39 85 0 0 44 79 84 97 81 0 0 65 0 52
 83 80 79 29 113 0 71 5 16 93 0 99 0 0 68 20 54 0 100 123 72 55 71 5 70 0 0 0 0 76 96 0 90 63 37 0 29 48 0 61 77 0 31 105
 0 0 53 0 52 0 0 0 26 50 73 0 23 0 81 39 5 111 39 56 2 0 0 0 17 0 0 0 52 6 0 27 0 0 59 6 0 64 81 17 5 48 60 6
 0 0 0 18 0 0 0 0 12 0 0 0 0 0 0 0 0 67 0 84 0 0 0 0 0 0 0 14 108 0 0 42 0 0 0 0 0 98 51 0 0 55 0 69
 0 79 26 0 0 0 91 51 1 0 0 0 0 0 107 0 0 55 62 0 0 77 27 53 54 0 0 0 0 0 97 67 97 0 0 0 80 0 120 100 10 0 0 125
 18 68 39 0 46 101 0 118 7 111 0 0 0 0 2 117 0 0 2 8 6 82 0 3 1 0 0 22 89 113 31 3 0 48 16 121 0 0 18 0 0 0 56 60
 0 0 0 0 76 39 99 0 0 0 66 45 81 0 0 0 86 0 0 0 0 0 39 60 0 0 0 21 37 0 0 0 0 0 95 0 75 55 0 0 46 0 100 0
 19 0 7 17 0 0 18 91 59 0 87 34 0 0 28 0 0 39 0 20 0 123 0 0 0 0 0 0 0 0 0 0 73 86 0 0 80 0 0 0 87 0 0 49
 63 0 9 90 0 0 88 95 8 0 0 0 0 0 0 80 0 33 0 0 19 47 77 0 0 138 0 0 0 106 0 0 91 41 0 0 68 0 40 0 0 0 98 0
 0 0 0 0 0 66 0 0 0 0 0 44 0 0 17 3 0 13 93 0 0 43 0 0 0 0 24 55 29 0 0 0 0 97 96 0 10 77 47 0 32 0 0 54
 18 22 0 0 0 0 77 0 123 0 0 34 0 86 87 0 0 40 0 0 0 0 0 88 61 59 0 79 0 83 80 0 0 93 0 0 19 79 16 61 59 0 0 51
 143 0 0 2 0 0 106 0 39 0 0 22 0 44 40 0 69 0 115 0 10 26 0 71 0 45 0 0 0 99 0 61 9 0 85 34 0 0 40 26 52 90 0 66
 26 62 43 136 0 67 0 53 91 0 0 0 0 29 70 0 0 0 4 27 126 0 0 0 0 122 0 0 5 0 0 0 0 71 38 60 0 0 38 25 0 92 0 88
 0 0 0 26 0 0 0 0 0 0 0 0 0 0 63 0 0 5 86 40 23 0 34 47 0 59 0 0 46 28 65 58 74 0 0 0 0 7 0 6 96 70 0 0
 0 0 0 0 0 62 0 0 69 0 0 8 91 94 50 135 66 11 18 0 46 0 0 0 0 0 0 0 33 54 0 0 0 30 0 0 7 68 0 65 110 0 49 92
 5 27 6 88 45 14 0 23 79 37 3 31 65 52 108 84 62 95 51 45 0 30 11 58 40 13 0 50 0 0 0 109 103 70 11 59 0 55 0 26 131 53 17 70
 45 8 0 39 68 31 51 95 0 0 48 21 118 77 0 24 0 0 75 28 0 0 28 6 18 78 0 0 0 69 58 0 0 55 21 0 0 45 0 23 6 5 0 0
 97 0 0 0 0 24 0 0 94 0 0 0 7 0 0 56 0 0 90 100 0 68 0 0 0 0 52 69 0 60 82 40 0 82 0 0 0 0 0 0 0 90 94 0
 15 0 0 0 61 96 0 0 21 0 0 31 0 0 39 136 0 80 61 0 44 0 0 71 0 0 97 0 0 0 0 13 40 0 64 0 0 0 4 0 50 99 81 0
 35 0 69 0 41 0 10 110 0 106 50 0 0 29 35 0 0 95 28 67 100 0 69 125 0 40 68 0 0 39 0 96 127 22 0 59 86 108 10 92 7 71 0 17
 0 69 0 0 0 0 0 93 24 0 0 0 58 0 0 0 0 62 48 65 22 67 0 23 0 60 0 49 0 0 0 0 0 0 27 0 0 0 6 0 0 0 0 0
 36 72 0 7 85 0 0 50 103 40 0 1 0 77 71 0 63 90 0 0 144 34 0 96 0 51 0 74 52 0 0 59 0 0 23 27 8 0 0 0 70 0 0 97
 0 0 2 45 0 80 97 0 9 0 92 45 0 99 101 31 0 8 0 0 0 0 67 0 63 0 0 0 0 79 0 11 46 0 0 0 39 86 134 0 13 0 86 0
 108 52 0 13 76 6 0 34 100 0 0 0 0 0 46 28 0 0 90 12 0 8 0 0 45 13 0 0 52 0 94 0 0 6 0 0 69 52 40 73 41 0 0 7
 8 0 99 133 0 137 0 29 0 0 71 0 91 0 97 58 0 113 37 78 77 100 0 0 80 39 0 69 71 11 0 17 0 62 16 0 78 0 15 18 119 106 0 60
 0 0 82 0 26 0 57 73 0 0 77 0 0 74 87 0 12 0 0 0 0 0 90 65 100 0 82 39 39 85 0 20 0 0 0 0 0 0 9 0 0 0 0 0
 0 30 85 10 0 24 0 0 83 0 47 0 0 0 0 46 73 0 85 127 0 0 58 68 0 0 0 0 31 75 0 71 51 0 0 81 28 0 0 78 0 62 0 91
 0 0 0 0 0 0 0 0 0 44 0 0 64 0 0 0 0 75 85 0 0 0 0 0 80 33 46 64 44 0 0 0 53 0 0 0 0 49 0 0 71 0 0 0
 78 28 69 46 0 0 97 0 145 0 0 77 0 0 96 0 84 81 20 62 64 0 0 0 0 0 0 0 73 35 0 39 1 1 0 0 31 0 53 0 0 57 77 0
 66 38 0 100 94 0 79 0 0 74 0 74 0 0 66 0 74 0 0 93 0 0 0 97 0 0 0 0 98 0 0 87 0 0 0 0 39 88 0 99 0 48 0 61
 0 36 16 0 149 20 7 45 41 46 0 0 111 0 0 34 88 66 46 126 35 54 0 0 0 29 0 0 0 0 0 2 125 38 74 0 68 0 6 0 0 0 0 0
 12 0 144 50 32 97 103 0 64 0 3 81 0 0 59 62 0 0 19 0 53 79 69 8 5 0 0 45 0 0 55 78 1 0 9 35 50 22 17 0 18 113 0 26
 0 62 0 59 0 0 50 0 0 61 0 0 0 0 0 0 0 81 0 73 0 0 0 0 34 0 0 42 108 86 0 5 0 69 0 0 9 0 35 77 0 72 0 0
