44
 0 78 0 0 0 0 0 0 0 41 0 56 0 81 88 0 54 84 88 8 78 28 0 0 0 0 42 0 0 0 0 0 47 0 0 0 87 57 21 2 0 37 2 0
 0 0 91 0 0 0 15 48 52 48 0 89 96 0 0 63 0 0 99 0 0 69 0 76 66 63 0 94 37 74 0 0 92 0 31 42 42 0 0 0 0 0 29 0
 2 0 0 44 10 0 0 0 45 97 44 81 0 0 0 0 0 85 57 0 86 54 15 54 0 31 0 0 0 50 25 0 57 0 11 76 0 14 13 74 16 0 66 0
 5 2 0 0 1 12 0 0 88 53 82 0 0 0 0 0 32 41 0 37 82 0 20 62 55 39 84 0 93 0 0 25 0 36 90 55 60 35 63 30 101 0 45 0
 22 31 0 0 0 53 0 0 100 49 0 86 0 0 0 0 0 89 77 85 80 96 0 43 54 0 74 0 54 0 52 0 42 88 0 0 0 0 0 94 0 62 0 0
 83 74 71 0 0 0 0 67 0 67 0 0 23 0 81 65 0 0 0 0 97 0 0 80 63 0 0 0 0 0 0 65 62 0 0 0 0 24 0 38 0 97 13 33
 1 0 64 89 10 9 0 0 36 60 29 92 17 0 61 0 97 77 0 0 0 62 0 48 56 0 0 0 62 0 11 65 36 65 66 0 0 0 22 40 0 0 36 0
 38 0 64 0 15 0 27 0 72 43 0 39 22 80 0 0 0 0 0 0 93 0 89 94 10 23 0 54 0 0 0 0 0 0 44 0 0 0 0 0 0 0 65 57
 8 0 0 0 0 25 0 0 0 0 0 0 0 0 5 0 2 19 0 18 50 0 3 0 80 0 0 0 0 0 40 52 0 33 0 0 0 11 37 0 64 73 0 49
 0 0 0 0 0 0 0 0 91 0 0 0 0 92 65 0 0 87 8 53 46 0 0 0 51 2 51 0 0 0 0 42 0 0 28 63 0 37 10 0 0 0 87 0
 0 24 0 0 27 72 0 51 70 89 0 0 0 0 91 68 0 0 52 0 0 13 96 0 0 99 0 45 0 82 0 0 0 86 0 90 0 0 0 93 0 0 33 0
 0 0 0 53 0 11 0 0 25 74 18 0 19 37 0 0 0 40 0 0 0 0 0 0 41 84 0 0 67 72 0 17 0 16 38 0 0 0 75 21 15 0 0 0
 90 0 86 87 82 0 0 0 53 74 13 0 0 65 77 0 14 0 0 48 60 0 0 0 0 0 0 0 100 14 76 0 24 0 89 0 46 0 0 31 53 69 0 90
 0 25 20 28 10 28 5 0 91 0 71 0 0 0 0 0 0 25 0 47 0 50 0 40 0 0 33 0 0 35 26 15 29 26 79 0 58 0 58 0 54 31 22 0
 0 78 10 59 32 0 0 23 0 0 0 72 0 42 0 0 0 29 0 0 0 49 16 0 29 0 95 82 1 0 0 0 0 1 0 17 0 16 22 0 21 103 62 21
 27 0 96 72 99 0 58 12 87 92 0 93 43 68 38 0 86 24 36 52 0 0 12 53 13 45 0 0 31 0 13 90 18 24 20 3 86 0 38 8 0 10 3 32
 0 28 45 0 74 4 0 17 0 88 31 37 0 21 82 0 0 28 0 0 0 0 60 73 16 0 0 0 19 0 5 17 0 27 0 0 0 6 0 31 9 52 15 0
 0 77 0 0 0 16 0 60 0 0 46 0 27 0 0 0 0 0 89 1 51 0 11 0 51 0 0 38 0 0 37 2 19 20 0 94 89 15 20 0 27 12 0 15
 0 0 0 93 0 44 43 78 95 0 0 75 89 28 11 0 95 0 0 61 0 37 0 0 72 0 0 0 0 66 0 82 20 43 12 0 62 0 16 40 0 7 22 11
 0 24 76 0 0 42 46 16 0 0 19 50 0 0 58 0 0 0 0 0 0 0 0 94 0 0 0 0 0 0 21 0 0 46 0 73 35 0 0 17 0 47 39 0
 0 1 0 0 0 0 47 0 0 0 82 99 0 85 14 42 29 0 55 60 0 0 25 0 21 0 2 0 0 56 35 22 18 36 13 0 51 0 23 0 0 25 0 0
 0 0 0 22 0 11 0 79 18 90 0 61 37 0 0 63 65 52 0 16 65 0 0 0 68 0 0 0 0 0 48 0 0 0 50 0 94 0 1 16 0 99 0 0
 58 11 0 0 43 22 64 0 0 87 0 78 38 80 0 0 0 0 90 93 0 31 0 68 0 44 0 0 51 89 0 61 98 30 72 72 0 4 0 0 0 35 0 0
 30 0 0 0 0 0 0 0 78 82 21 73 61 0 98 0 0 86 44 0 41 21 0 0 46 67 22 0 0 0 62 40 0 15 0 36 0 77 10 0 29 0 0 11
 74 0 76 0 0 0 0 0 0 0 16 0 28 25 0 0 0 0 0 54 0 0 28 0 0 0 0 0 0 78 44 46 0 0 0 0 0 0 0 34 25 54 85 0
 98 0 0 0 82 22 77 0 85 0 0 0 47 34 92 0 91 68 87 18 88 3 0 0 27 0 0 0 99 0 27 0 0 95 91 79 21 72 33 0 0 0 0 0
 0 1 49 0 0 9 25 26 56 0 1 54 42 0 0 14 50 79 99 14 0 37 57 0 74 60 0 36 5 28 0 2 0 7 41 11 0 7 0 2 4 0 38 0
 13 0 2 36 51 95 36 0 0 21 0 0 25 66 0 51 93 0 55 80 28 46 42 34 15 97 0 0 45 0 14 0 14 0 13 82 0 28 29 0 0 0 0 0
 7 0 16 0 0 86 0 86 58 57 34 0 0 84 0 0 0 77 76 50 52 36 0 21 42 0 0 0 0 0 0 69 76 0 0 0 0 0 0 0 0 30 0 0
 25 0 0 35 55 33 17 75 23 1 0 0 0 0 53 29 37 4 0 74 0 83 0 59 0 9 0 25 24 0 0 0 19 0 66 18 0 72 50 0 17 39 73 29
 52 68 0 74 0 18 0 80 0 17 48 98 0 0 93 0 0 0 16 0 0 0 64 0 0 0 7 0 85 73 0 0 0 71 0 93 42 4 0 40 0 0 4 94
 21 80 68 0 11 0 0 93 0 0 82 0 75 0 93 0 0 0 0 18 0 5 0 0 0 36 0 90 0 54 10 0 0 71 60 0 98 0 54 0 38 104 24 0
 0 0 0 61 0 0 0 71 74 52 13 85 0 0 69 0 80 0 0 37 0 18 0 0 55 36 90 0 0 0 46 20 0 49 0 0 0 26 26 71 0 3 46 0
 34 5 0 0 0 43 0 21 0 49 0 0 59 0 0 0 0 0 0 0 0 11 0 0 16 0 0 53 44 92 0 0 0 0 0 82 0 32 36 35 13 0 0 8
 48 0 0 0 58 58 0 0 100 0 47 0 0 0 92 0 89 92 0 47 0 0 0 34 48 0 0 0 97 0 1 0 2 77 0 46 0 90 0 23 0 0 0 77
 62 0 0 0 35 1 84 30 66 0 0 22 64 61 0 0 99 0 100 0 82 19 0 0 51 0 0 0 73 0 0 41 20 0 0 0 0 4 0 10 9 29 0 0
 0 0 25 0 48 35 75 28 48 9 8 63 0 0 22 0 13 0 0 0 0 0 4 44 21 0 51 34 65 27 0 0 9 52 22 69 0 0 26 29 68 0 27 71
 0 79 0 0 54 0 66 59 0 0 21 61 73 94 0 96 0 0 15 86 69 69 0 0 95 0 0 0 69 0 0 37 0 0 0 0 74 0 0 88 5 0 0 0
 0 72 0 0 59 84 0 82 0 0 13 0 53 0 0 0 19 0 0 50 0 0 40 0 99 0 96 0 91 0 85 0 0 0 69 88 0 91 0 58 0 57 0 93
 0 57 0 0 0 0 0 92 71 34 0 0 0 57 86 0 0 66 0 0 24 0 81 84 0 99 0 91 76 72 0 60 0 0 0 0 0 0 0 0 0 63 0 90
 83 36 0 0 47 67 98 97 0 62 87 0 0 0 0 84 0 0 30 98 97 36 72 0 0 92 0 31 42 0 61 0 34 0 78 0 0 0 1 34 0 0 3 0
 0 66 63 71 0 0 70 52 0 89 57 48 0 0 0 0 0 0 0 0 0 0 0 53 0 59 67 89 0 0 41 0 0 93 80 0 97 52 0 0 94 0 0 0
 0 0 0 0 58 0 0 0 17 0 0 74 56 0 0 0 0 94 0 0 81 98 97 30 0 26 0 82 53 0 0 0 0 94 88 74 0 51 52 38 0 61 0 18
 87 13 66 87 79 0 24 0 0 87 2 76 0 100 0 0 92 0 0 43 13 71 0 0 40 103 98 42 70 0 0 57 83 0 0 72 0 37 0 0 80 77 0 0
