40
 0 15 57 24 0 101 47 0 7 14 0 0 17 31 63 43 0 28 13 0 0 0 83 47 0 0 85 25 0 99 34 35 0 17 76 30 55 0 54 3
 0 0 31 10 104 85 67 20 38 13 0 22 0 67 0 82 47 31 34 0 0 16 83 64 57 0 0 42 31 7 0 34 0 0 0 13 115 0 96 81
 0 0 0 98 106 22 0 8 29 80 96 90 59 36 0 110 31 0 32 0 0 4 20 70 30 7 43 0 0 30 24 0 0 20 32 17 0 2 59 0
 0 0 0 0 0 0 0 0 81 0 0 0 0 0 0 24 85 0 0 71 51 100 57 0 87 0 0 47 74 7 0 0 69 0 97 0 0 32 0 0
 98 0 0 52 0 43 49 0 58 23 0 0 0 0 55 0 0 0 15 6 27 0 16 0 0 27 0 59 84 0 5 45 0 0 0 23 88 0 0 55
 0 0 0 69 0 0 51 34 63 0 38 84 63 0 74 86 0 48 24 0 0 0 0 26 0 24 95 0 0 45 63 0 76 0 14 36 45 70 0 24
 0 0 49 21 0 0 0 0 0 69 0 83 42 0 12 0 85 0 0 57 0 0 70 0 0 0 0 0 0 68 37 0 69 0 74 0 81 0 0 13
 80 0 0 72 42 0 0 0 0 0 0 79 0 82 95 88 0 77 0 0 0 61 0 0 0 59 74 0 0 0 0 82 30 0 0 0 0 19 0 55
 0 0 0 0 0 0 7 32 0 0 0 0 56 0 14 0 33 62 48 64 71 0 0 21 0 24 0 0 0 0 0 50 0 0 89 0 0 0 0 36
 0 0 0 35 0 55 0 22 24 0 0 74 0 63 0 0 24 0 0 19 58 0 89 0 38 8 0 0 0 39 0 0 0 0 0 54 72 14 0 0
 37 99 0 42 37 0 26 39 39 27 0 0 72 68 44 2 0 0 58 25 72 0 44 84 28 52 40 34 74 26 23 8 13 0 72 61 0 71 57 0
 84 0 0 43 33 0 0 0 38 0 42 0 54 34 65 88 35 95 57 79 59 45 41 69 2 0 13 0 0 41 38 63 1 0 0 37 20 0 84 21
 0 69 0 92 24 0 0 1 0 71 0 0 0 0 32 0 86 0 0 77 0 0 0 0 0 0 0 40 37 0 77 63 0 0 98 18 81 14 75 26
 0 0 0 78 63 51 1 0 66 0 0 0 88 0 0 0 0 0 0 50 0 0 6 0 0 66 0 95 0 75 0 0 64 0 98 0 0 0 0 0
 0 39 79 47 0 0 0 0 0 91 0 0 0 57 0 28 0 63 0 0 51 80 73 63 72 28 0 0 0 0 0 82 0 0 70 54 0 1 0 60
 0 0 0 0 84 0 25 0 46 22 0 0 23 31 0 0 29 0 46 34 43 0 84 40 47 89 52 0 48 0 0 40 28 0 0 31 0 64 55 46
 98 0 0 0 74 71 0 11 0 0 92 0 0 84 80 0 0 86 0 60 112 83 0 97 0 0 80 0 67 0 0 4 0 0 86 7 0 0 0 0
 0 0 73 10 85 0 106 0 0 76 17 0 45 46 0 50 0 0 25 5 90 65 60 0 0 0 12 0 0 0 0 0 91 57 0 0 0 0 0 19
 0 0 0 26 0 0 40 38 0 73 0 0 61 11 52 0 33 0 0 0 0 0 35 28 0 13 0 0 100 31 0 0 16 0 0 1 31 13 90 0
 95 58 34 0 0 12 0 56 0 0 0 0 0 0 12 0 0 0 78 0 70 65 103 0 0 31 0 0 0 33 0 54 73 0 82 0 0 0 37 59
 95 94 72 0 0 79 14 79 0 0 0 0 79 69 0 0 0 0 46 0 0 87 57 91 0 69 83 0 0 0 0 39 30 76 0 0 0 0 0 0
 95 0 0 0 66 7 10 0 31 47 0 0 37 30 0 76 0 0 53 0 0 0 0 0 0 3 0 68 78 68 18 0 66 9 0 58 110 0 0 52
 0 0 0 0 0 93 0 90 30 0 0 0 15 0 0 0 65 0 0 0 0 85 0 0 0 8 0 0 0 94 100 0 41 0 0 0 57 111 0 10
 0 0 0 25 0 0 61 68 0 56 0 0 62 63 0 0 0 97 0 28 0 84 35 0 0 0 87 64 94 50 0 59 0 44 40 94 0 31 71 20
 43 0 0 0 68 69 29 65 0 0 0 0 40 82 0 0 11 91 82 9 67 84 7 69 0 0 0 0 0 10 0 27 68 0 0 0 0 99 77 18
 45 73 0 0 0 0 87 0 0 0 0 57 63 0 0 0 82 70 0 0 0 0 0 91 65 0 0 0 0 0 0 54 0 93 0 87 0 0 0 0
 0 69 0 8 66 0 13 0 89 39 0 0 29 10 102 0 0 0 38 58 0 97 57 0 94 67 0 80 0 40 88 115 85 88 59 0 0 7 0 0
 0 0 64 0 0 18 54 11 22 0 0 53 0 0 49 43 53 82 97 15 36 0 97 0 28 30 0 0 81 30 78 21 26 72 0 0 55 9 79 88
 46 0 15 0 0 58 96 31 24 104 0 21 0 51 52 0 0 62 0 68 94 0 9 0 73 18 19 0 0 0 0 54 40 35 6 0 13 0 83 25
 0 0 0 0 18 0 0 18 80 0 0 0 52 0 18 71 39 47 0 0 7 0 0 0 0 41 0 0 93 0 0 0 0 0 57 0 90 0 0 0
 0 71 0 76 0 0 0 14 30 71 0 0 0 27 6 46 63 12 99 7 96 0 0 19 65 13 0 0 91 16 0 33 73 0 0 15 58 18 0 0
 0 0 90 47 0 27 85 0 0 50 0 0 0 62 0 0 0 0 98 0 0 94 0 0 0 0 0 0 0 90 0 0 0 0 0 0 90 16 0 93
 30 82 89 0 41 0 0 0 38 23 0 0 64 0 37 0 37 0 0 0 0 0 0 27 0 11 0 0 0 95 0 51 0 96 0 0 27 0 0 3
 0 23 0 65 51 40 30 53 69 86 67 70 23 2 55 84 49 0 96 13 0 0 24 0 78 0 0 0 0 8 40 54 0 0 0 58 41 0 81 0
 0 61 0 0 72 0 0 2 0 4 0 94 0 0 0 84 0 64 24 0 84 12 37 0 17 47 0 6 0 0 58 123 93 57 0 0 0 64 0 71
 0 0 0 84 0 0 11 50 92 0 0 0 0 75 0 0 0 40 0 76 51 0 14 0 22 0 73 54 79 35 0 109 17 0 88 0 0 35 0 0
 0 0 41 41 0 0 0 0 28 0 37 0 0 67 64 86 31 67 0 13 51 0 0 46 52 97 36 0 0 0 0 0 0 0 36 12 0 40 0 0
 96 94 0 0 40 0 90 0 95 0 0 0 0 48 0 0 37 54 0 79 87 99 0 0 0 59 0 0 9 17 0 0 70 70 0 0 0 0 0 93
 0 0 0 64 75 35 21 7 80 14 0 0 0 11 34 0 81 58 0 0 103 81 5 0 0 19 28 0 0 19 47 1 49 0 70 57 21 47 0 0
 0 0 90 38 0 0 0 0 0 32 42 0 0 64 0 0 92 0 70 0 5 0 0 0 0 83 83 0 0 33 54 0 0 65 0 61 77 0 77 0
