40
 0 69 0 0 32 0 100 22 0 0 0 0 0 0 0 0 66 91 0 98 0 116 42 0 0 0 0 32 0 2 0 73 97 152 0 0 0 0 0 44
 0 0 9 63 0 0 112 25 90 0 0 0 0 96 0 0 0 0 49 42 0 0 79 0 81 0 62 0 72 0 0 0 0 95 51 0 95 54 0 109
 30 0 0 0 74 160 55 0 0 0 0 0 0 0 57 52 0 86 0 85 0 0 144 47 0 26 65 43 30 83 90 96 0 39 24 0 0 0 50 88
 96 0 10 0 0 0 89 90 67 0 0 0 0 0 0 0 22 0 0 0 0 23 0 79 0 0 99 79 0 0 0 0 0 93 0 0 28 85 0 0
 0 16 0 131 0 28 23 75 0 59 0 93 0 0 31 0 79 0 82 167 0 15 104 0 0 115 0 22 131 72 37 90 0 38 82 98 24 78 129 60
 89 99 0 150 0 0 129 33 0 87 0 63 100 0 0 88 80 0 0 0 0 77 0 0 0 0 0 84 0 0 69 0 0 90 0 67 55 0 0 50
 0 0 0 0 0 0 0 54 0 83 90 0 0 0 0 0 0 65 0 0 0 0 0 0 0 47 0 58 0 0 0 0 0 35 0 80 0 0 0 0
 0 0 57 0 0 0 0 0 0 0 0 51 0 69 45 62 0 0 0 75 0 73 79 57 0 0 0 0 0 0 37 0 0 0 100 79 0 0 0 49
 70 0 61 0 88 150 62 69 0 0 0 0 0 72 0 0 36 0 92 32 0 112 135 0 0 0 35 0 84 27 45 0 0 63 92 0 105 46 75 120
 107 91 57 75 0 0 0 64 56 0 0 27 42 128 39 15 0 29 46 0 0 3 125 1 91 101 60 2 0 0 9 151 0 0 91 85 125 0 0 0
 65 92 2 8 5 47 0 71 109 28 0 25 24 70 0 0 51 0 90 0 0 60 52 0 0 39 37 25 59 0 0 125 50 80 31 0 0 0 115 0
 32 121 104 63 0 0 53 0 71 0 0 0 43 0 0 0 9 97 0 53 0 19 0 0 0 0 54 0 0 39 78 0 0 113 73 0 92 98 62 108
 77 95 53 30 21 0 71 28 3 0 0 0 0 0 0 0 30 81 0 69 0 39 12 78 0 34 49 70 63 64 30 0 0 97 4 0 60 0 71 76
 58 0 31 128 86 59 79 0 0 0 0 81 70 0 21 78 24 27 0 0 0 92 0 12 0 97 112 0 0 66 0 96 0 45 1 0 60 0 64 57
 7 42 0 101 0 60 40 0 145 0 69 159 13 0 0 0 83 0 0 138 0 0 42 90 42 3 80 80 67 60 3 0 67 118 96 97 0 0 0 0
 59 71 0 28 76 0 97 0 32 0 34 69 33 0 69 0 51 65 0 0 0 12 31 18 0 130 0 0 62 109 7 0 0 0 56 100 89 44 18 102
 0 104 86 0 0 0 90 93 0 70 0 0 0 0 0 0 0 0 0 40 0 56 32 0 57 0 15 0 78 111 59 55 77 0 47 27 8 0 140 0
 0 77 0 5 59 57 0 21 7 0 54 0 0 0 26 0 67 0 48 57 0 72 0 0 0 100 0 145 53 26 101 35 0 78 0 102 0 63 57 53
 114 0 28 80 0 71 54 122 0 0 0 41 95 52 84 31 24 0 0 62 0 27 52 12 0 0 36 73 12 23 0 0 0 128 0 89 0 0 67 154
 0 0 0 125 0 4 99 0 0 25 74 0 0 92 0 36 0 0 0 0 0 62 12 86 0 31 0 46 44 0 0 0 0 131 1 0 0 0 85 27
 20 41 41 169 121 19 1 96 20 90 95 153 134 69 108 79 119 58 70 75 0 71 42 25 17 79 30 75 2 28 80 50 26 0 113 30 28 0 80 168
 0 42 88 0 0 0 138 0 0 0 0 0 0 0 90 0 0 0 0 0 0 0 85 0 10 0 122 0 64 0 0 79 67 64 33 0 0 0 38 117
 0 0 0 122 0 52 66 0 0 0 0 55 0 80 0 0 0 64 0 0 0 0 0 79 0 0 41 0 0 0 0 43 0 98 0 0 0 0 139 54
 89 17 0 0 17 66 44 0 62 0 13 86 0 0 0 0 30 17 0 0 0 45 0 0 0 55 0 135 117 62 0 0 0 86 88 0 171 0 0 0
 39 0 42 61 132 41 0 24 53 0 91 26 91 96 0 57 0 13 34 16 0 0 79 38 0 0 0 38 0 43 0 39 0 158 40 103 27 78 0 47
 1 96 0 41 0 37 0 65 59 0 0 74 0 0 0 0 5 0 97 0 0 141 102 0 74 0 0 26 66 28 22 0 0 93 164 0 0 0 2 94
 77 0 0 0 38 48 43 55 0 0 0 0 0 0 0 40 0 95 0 36 0 0 0 44 98 77 0 0 0 0 0 0 55 26 0 0 0 0 0 0
 0 88 0 0 0 0 0 61 53 0 0 63 0 88 0 53 78 0 0 0 0 76 84 0 0 0 58 0 0 0 0 56 0 0 0 0 0 0 0 72
 161 0 0 25 0 7 88 85 0 58 0 76 0 78 0 0 0 0 0 0 0 0 62 0 70 0 144 147 0 65 0 78 95 14 70 78 0 0 92 36
 0 81 0 44 0 115 82 63 0 52 84 0 0 0 0 0 0 0 0 73 0 54 38 0 0 0 3 13 0 0 0 41 0 122 36 0 17 86 90 0
 99 79 0 120 0 0 79 0 0 0 93 0 0 51 0 0 0 0 88 39 0 14 78 68 35 0 117 17 58 122 0 0 0 0 87 0 0 0 38 35
 0 96 0 135 0 103 88 55 62 0 0 42 98 0 68 96 0 0 84 84 0 0 0 88 0 11 63 0 0 0 26 0 0 107 69 72 148 0 48 152
 0 2 76 41 66 61 68 9 141 78 0 15 76 13 0 147 0 54 40 72 0 0 22 22 53 1 0 9 0 15 13 38 0 65 0 0 57 0 0 16
 0 0 0 0 0 0 0 126 0 98 0 0 0 0 0 89 36 0 0 0 93 0 0 0 0 0 0 94 0 0 47 0 0 0 0 0 0 48 0 0
 78 0 0 130 0 55 71 0 0 0 0 0 0 0 0 0 0 48 77 0 0 0 84 0 0 0 59 107 0 0 0 0 51 97 0 0 70 0 25 111
 13 80 90 71 0 0 0 0 11 0 26 108 87 134 0 0 0 0 0 76 0 87 26 97 0 58 31 25 0 93 94 0 39 120 45 0 0 0 57 0
 9 0 75 0 0 0 71 0 0 0 55 0 0 0 100 0 0 63 63 68 0 16 139 0 0 0 111 66 36 0 41 0 0 84 0 87 0 0 84 9
 76 0 40 0 0 67 88 51 0 17 23 0 40 115 24 0 6 0 134 100 77 149 56 48 0 54 66 48 9 0 112 67 12 0 80 21 17 0 0 0
 97 91 0 97 0 63 29 127 0 97 0 0 0 0 79 0 0 0 0 0 0 0 0 0 17 0 88 47 0 0 0 0 39 32 0 0 0 38 0 47
 0 0 0 60 0 0 84 0 0 6 82 0 0 0 66 0 91 0 0 0 0 0 0 45 0 0 91 0 0 70 0 0 0 131 0 99 0 98 0 0
