40
 0 18 68 55 83 0 0 52 79 0 0 0 69 0 0 0 0 0 16 62 0 0 22 72 65 23 0 74 44 0 96 0 47 25 37 0 82 0 0 0
 0 0 0 0 0 0 0 0 62 76 0 0 26 0 0 0 5 78 0 0 47 0 24 0 0 0 53 5 0 34 0 0 0 0 0 0 69 0 84 48
 0 5 0 0 44 22 2 0 0 8 69 0 0 0 13 0 22 46 0 0 0 0 33 22 0 22 54 18 72 0 0 67 72 0 51 91 0 0 0 0
 0 31 36 0 49 0 9 40 0 0 54 0 14 56 45 12 9 26 0 0 19 0 69 21 62 19 81 0 6 0 60 14 0 0 40 66 57 0 0 44
 0 63 0 0 0 75 52 17 0 0 0 74 0 0 0 0 0 0 0 10 0 63 35 49 0 0 69 46 0 44 0 0 0 65 0 38 94 0 0 62
 82 9 0 70 0 0 0 52 2 0 0 11 95 3 71 0 71 0 0 0 35 69 40 12 61 90 0 35 0 19 0 0 0 0 0 0 0 25 0 0
 74 63 0 0 0 46 0 95 0 95 0 0 0 0 85 0 0 96 0 0 69 0 0 0 0 0 0 0 73 0 0 0 96 0 79 0 0 75 97 99
 0 35 50 0 0 0 0 0 0 97 64 47 97 0 0 21 0 0 89 0 63 0 88 0 0 0 0 37 27 0 0 0 21 0 70 89 61 39 84 76
 0 0 41 46 89 0 31 40 0 0 0 0 92 0 0 33 4 0 0 0 5 0 0 0 56 0 0 0 0 0 47 0 0 79 12 0 0 0 45 0
 42 0 0 38 62 67 0 0 48 0 0 0 95 45 0 5 5 66 84 52 90 0 6 0 77 76 0 0 0 0 50 61 65 0 0 0 0 0 0 100
 0 13 0 0 66 39 32 0 13 34 0 20 55 10 60 0 2 0 0 0 0 0 0 0 0 5 0 0 0 2 82 5 1 0 46 31 10 0 75 13
 82 80 92 37 0 0 67 0 48 28 0 0 0 0 0 88 0 0 0 0 23 0 0 0 0 0 0 0 68 0 0 0 27 0 0 0 33 0 82 46
 0 0 36 0 50 0 56 0 0 0 0 4 0 0 0 32 0 0 0 0 0 0 0 63 67 0 0 28 0 11 82 75 0 0 0 73 46 44 89 0
 68 94 60 0 40 0 3 77 11 0 0 83 51 0 0 0 0 56 0 4 74 0 22 41 98 0 83 0 0 0 22 85 0 50 0 0 70 0 0 0
 63 29 0 0 53 0 0 48 60 82 0 6 0 30 0 21 78 59 63 0 0 93 0 0 21 0 0 0 11 7 90 61 46 92 69 88 72 0 0 0
 93 90 95 0 86 99 36 0 0 0 90 0 0 19 0 0 0 0 0 0 0 41 7 46 0 50 0 0 100 64 30 50 0 0 86 0 31 0 97 77
 86 0 0 0 87 0 90 0 0 0 0 57 93 20 0 72 0 0 0 0 47 0 0 0 0 0 48 0 0 85 0 0 74 0 0 82 0 50 0 89
 3 0 0 0 15 24 0 33 6 0 48 47 1 0 0 53 3 0 39 39 0 0 0 0 21 0 0 0 34 3 3 19 15 0 0 0 69 0 1 86
 0 8 32 62 0 17 26 0 61 0 58 8 12 12 0 36 56 0 0 0 49 27 0 10 0 40 0 0 92 67 80 0 39 0 0 0 0 55 61 42
 0 68 99 99 0 95 34 47 21 0 82 22 85 0 99 33 36 0 60 0 0 36 47 68 0 38 79 21 37 0 0 21 74 0 0 0 67 13 100 0
 18 0 91 0 15 0 0 0 0 0 67 0 62 0 90 26 0 34 0 9 0 95 8 0 68 0 0 0 8 28 0 24 0 82 20 0 69 66 0 0
 46 55 27 93 0 0 18 12 79 57 29 21 81 15 0 0 30 78 0 0 0 0 33 8 77 13 40 13 0 0 0 27 0 48 58 0 44 10 54 0
 0 0 0 0 0 0 87 0 77 0 57 91 26 0 44 0 67 76 57 0 0 0 0 0 20 0 0 0 0 0 0 52 79 0 41 0 96 73 0 0
 0 74 0 0 0 0 29 5 93 22 86 50 0 0 98 0 5 53 0 0 80 0 90 0 0 22 43 0 39 58 88 0 0 77 44 60 80 65 0 0
 0 54 7 0 51 0 6 30 0 0 45 58 0 0 0 82 34 0 88 10 0 0 0 12 0 0 0 53 0 0 0 27 0 4 0 0 0 0 40 5
 0 11 0 0 70 0 34 99 52 0 0 13 68 94 80 0 100 40 0 0 100 0 34 0 35 0 0 0 59 89 0 0 82 0 75 82 91 0 0 0
 18 0 0 0 0 36 74 6 5 15 83 51 65 0 61 16 0 98 88 0 37 0 33 0 65 52 0 29 0 0 0 0 1 79 0 92 92 0 0 25
 0 0 0 76 0 0 82 0 93 82 73 46 0 34 18 34 53 62 100 0 96 0 26 37 0 16 0 0 73 0 91 0 65 0 0 74 0 0 0 0
 0 42 0 0 89 61 0 0 93 59 30 0 62 59 0 0 73 0 0 0 0 55 32 0 47 0 79 0 0 93 0 0 0 100 39 84 68 0 0 0
 34 0 29 27 0 0 44 34 91 28 0 0 0 20 0 0 0 0 0 20 0 70 37 0 65 0 64 82 0 0 89 0 0 97 0 0 42 0 0 91
 0 85 78 0 34 44 60 40 0 0 0 1 0 0 0 0 47 0 0 8 33 52 19 0 50 8 26 0 42 0 0 0 0 57 0 0 0 2 71 0
 47 23 0 0 20 51 18 5 86 0 0 65 0 0 0 0 18 0 92 0 0 0 0 98 0 12 100 23 27 13 93 0 0 82 73 85 0 0 96 0
 0 47 0 88 18 10 0 0 9 0 0 0 80 13 0 68 0 0 0 0 25 60 0 60 66 0 0 0 34 64 62 4 0 0 0 99 39 0 72 0
 0 84 0 69 0 88 23 9 0 25 47 9 88 0 0 19 21 54 71 28 0 0 40 0 0 14 0 75 0 0 0 0 41 0 28 0 0 0 0 96
 0 5 0 0 93 87 0 0 0 90 0 5 99 67 0 0 36 37 22 12 0 0 0 0 53 0 70 25 0 37 80 0 48 0 0 0 0 0 81 0
 56 26 0 0 0 27 39 0 26 14 0 1 0 26 0 21 0 59 46 9 6 6 4 0 35 0 0 0 0 41 13 0 0 17 47 0 17 14 0 22
 0 0 35 0 0 13 45 0 32 5 0 0 0 0 0 0 30 0 56 0 0 0 0 0 96 0 0 47 0 0 86 44 0 11 14 0 0 0 25 0
 7 5 40 95 31 0 0 0 29 94 38 24 0 66 29 14 0 93 0 0 0 0 0 0 65 41 54 0 46 36 0 52 63 12 2 0 50 0 64 0
 33 0 17 48 88 27 0 0 0 70 0 0 0 64 57 0 51 0 0 0 88 0 69 2 0 73 19 25 28 37 0 0 0 5 0 0 0 0 0 87
 51 0 0 0 0 28 0 0 39 0 0 0 49 14 52 0 0 0 0 66 82 96 78 46 0 5 0 57 25 0 51 55 28 0 41 0 57 77 0 0
