44
 0 0 115 67 0 0 0 0 0 80 63 88 0 0 82 123 0 0 0 0 98 98 96 0 0 0 49 63 70 93 73 0 0 0 0 86 88 0 16 0 0 0 29 60
 39 0 60 0 0 55 0 69 0 65 1 58 0 90 0 76 76 0 0 0 0 81 0 52 0 73 0 0 148 0 0 0 0 0 0 0 42 0 0 86 0 82 0 0
 0 0 0 95 51 0 38 0 83 0 0 14 32 8 0 127 48 0 0 78 0 95 74 0 0 0 100 0 0 0 0 77 42 0 22 0 0 0 52 72 0 85 0 0
 0 117 0 0 109 56 95 97 9 0 0 76 0 79 0 0 0 0 20 3 20 103 0 67 38 136 0 55 16 131 0 0 93 3 114 63 75 32 0 77 5 0 59 65
 80 22 0 0 0 43 0 65 0 0 19 97 0 0 71 110 0 0 0 0 43 54 0 0 0 0 0 0 51 84 0 0 0 0 0 0 0 0 0 0 48 0 99 64
 76 0 69 0 0 0 90 90 54 0 0 38 95 66 0 0 0 0 0 0 39 19 0 0 0 81 0 0 0 49 0 0 0 0 0 0 0 0 84 93 0 0 0 0
 68 4 0 0 120 0 0 147 0 131 9 29 0 0 1 53 0 99 0 22 10 0 93 27 0 0 64 0 42 86 40 0 0 44 0 43 0 0 0 89 0 0 93 48
 54 0 33 0 0 0 0 0 0 79 0 67 88 0 121 66 0 0 57 0 0 51 0 23 102 31 0 0 149 93 0 55 9 0 0 64 0 100 87 0 0 0 0 147
 23 48 0 0 14 0 40 66 0 72 0 110 0 0 93 68 0 0 69 32 32 128 94 110 83 51 0 96 36 93 0 0 135 56 0 0 57 61 0 74 26 0 52 59
 0 0 53 74 87 65 0 0 0 0 0 97 0 76 0 57 23 0 46 0 0 96 0 96 0 0 0 0 0 0 0 0 0 53 0 0 0 88 0 0 0 0 0 0
 0 0 69 65 0 88 0 88 100 44 0 109 0 0 0 0 93 0 24 0 22 70 0 86 0 0 83 0 0 0 0 0 0 0 0 0 0 0 0 16 0 72 94 0
 0 0 0 0 0 0 0 0 0 0 0 0 0 28 0 0 40 0 0 0 80 68 0 0 0 0 0 0 0 0 0 0 0 0 0 0 0 50 0 93 0 0 0 54
 87 41 0 73 79 0 65 0 94 66 53 64 0 0 0 31 0 0 100 0 46 93 0 63 89 95 0 76 70 0 115 92 0 33 0 35 0 0 0 85 0 56 104 80
 60 0 0 0 88 0 121 134 81 0 9 0 53 0 37 0 94 0 117 0 42 0 0 73 0 0 0 0 0 47 112 0 0 97 73 31 4 0 69 0 8 0 57 137
 0 105 62 66 0 74 0 0 0 90 131 54 98 0 0 16 0 0 0 0 56 78 0 0 0 0 69 0 0 0 0 0 0 0 0 0 0 100 97 0 0 0 83 36
 0 0 0 80 0 35 0 0 0 0 82 104 0 77 0 0 0 97 97 0 0 0 0 0 86 0 0 64 0 0 40 0 0 0 0 0 0 47 98 0 0 52 0 0
 31 0 0 101 7 39 64 88 135 0 0 0 85 0 8 31 0 90 8 122 0 78 0 0 3 149 35 56 151 73 0 0 54 35 0 0 81 0 0 12 66 79 10 120
 138 104 112 92 95 75 0 33 35 8 140 72 56 11 53 0 0 0 67 44 32 7 0 0 2 57 0 47 67 0 0 28 37 57 63 0 71 0 0 0 103 73 28 67
 2 115 135 0 44 74 48 0 0 0 0 46 0 0 72 0 0 0 0 0 38 0 0 5 118 58 94 0 0 113 87 0 0 78 0 0 0 34 72 0 99 0 141 22
 83 12 0 0 13 144 0 4 0 81 53 54 85 77 112 95 0 0 10 0 137 0 0 94 0 0 0 0 128 37 10 0 97 0 0 0 91 15 79 0 52 0 74 61
 0 110 31 0 0 0 0 97 0 41 0 0 0 0 0 35 68 0 0 0 0 44 66 0 0 100 0 0 164 0 0 0 0 0 22 90 0 0 65 0 0 0 0 0
 0 0 0 0 0 0 50 0 0 0 0 0 0 81 0 56 0 0 16 98 0 0 58 86 59 22 0 0 20 0 59 0 88 28 54 11 0 43 0 50 82 0 45 63
 0 111 0 73 31 44 0 62 0 20 104 18 72 30 57 59 18 51 76 42 0 0 0 2 0 28 143 52 121 113 84 138 82 148 25 0 0 0 8 105 104 0 0 82
 0 0 101 0 98 41 0 0 0 0 0 4 0 0 68 133 96 82 0 0 37 0 0 0 94 0 0 0 0 0 0 25 0 0 0 90 0 0 0 0 0 56 0 0
 64 20 51 0 96 83 38 0 0 23 15 18 0 71 32 0 0 0 0 22 19 0 30 0 0 0 96 57 60 0 61 0 0 0 0 0 0 0 0 0 0 0 0 0
 45 0 51 0 48 0 92 0 0 36 114 88 0 92 38 114 0 0 0 76 0 0 0 9 64 0 0 0 14 29 0 0 0 0 29 0 21 0 0 0 30 0 130 52
 0 0 0 65 6 127 0 38 53 21 0 1 62 4 0 38 0 14 0 39 37 32 0 78 0 23 0 87 124 13 74 0 0 88 0 0 105 26 62 123 36 0 31 0
 0 55 42 0 72 93 71 98 0 76 25 2 0 93 16 0 0 0 50 95 81 66 0 150 0 14 0 0 99 0 100 0 0 0 0 0 95 30 72 78 33 0 51 0
 0 0 122 0 0 89 0 0 0 99 37 88 0 39 77 20 0 0 61 0 0 0 0 93 0 0 0 0 0 0 0 18 94 0 0 95 0 0 0 40 0 0 69 86
 0 49 105 0 0 0 0 0 0 86 17 15 92 0 119 8 0 80 0 0 91 69 0 67 96 0 0 79 9 0 60 0 10 0 0 9 0 90 0 0 0 0 40 42
 0 15 57 59 63 105 0 57 67 107 40 67 0 0 21 0 47 58 0 0 77 0 0 31 0 98 0 0 34 0 0 0 74 0 83 0 0 0 0 0 0 0 0 91
 129 15 0 23 46 57 57 0 50 18 34 22 0 161 131 101 103 0 37 25 74 0 0 0 13 135 44 1 0 112 66 0 7 0 53 83 88 0 79 6 41 0 89 0
 36 38 0 0 81 66 49 0 0 34 60 27 58 0 63 115 0 0 100 0 65 0 0 71 38 98 90 17 0 0 0 0 0 0 82 78 84 0 100 0 83 74 0 0
 19 8 68 0 36 52 0 1 0 0 109 57 0 0 121 99 0 0 0 110 129 0 0 77 44 22 0 15 21 86 55 78 115 0 0 29 93 28 0 69 0 0 0 0
 118 94 0 0 79 162 91 23 126 13 56 55 17 0 141 122 60 0 116 50 0 0 0 99 6 0 76 75 41 40 0 0 0 26 0 75 3 56 0 0 9 98 125 125
 0 123 48 0 27 42 0 0 38 66 20 80 0 0 71 59 21 48 2 92 0 0 48 0 60 22 77 91 0 0 68 0 0 0 0 0 0 0 0 0 0 61 0 41
 0 0 132 0 82 111 73 52 0 125 40 65 42 0 36 67 0 0 26 0 47 82 69 104 92 0 0 0 130 28 136 0 0 0 0 80 0 79 0 0 94 0 1 1
 12 38 76 0 72 20 90 0 0 0 72 0 46 12 0 0 70 41 0 0 66 0 100 69 71 32 0 0 45 0 14 88 25 0 0 19 0 0 75 50 0 0 0 87
 0 51 0 7 80 0 80 0 95 23 12 22 99 0 0 0 81 2 0 0 0 63 0 35 43 53 0 0 30 52 68 0 0 83 49 48 49 0 0 2 56 0 0 0
 21 0 0 0 44 0 0 62 0 25 0 0 0 91 69 28 0 98 22 45 92 0 0 100 2 44 0 0 0 44 48 0 38 0 94 22 0 0 0 0 104 0 13 16
 66 10 1 0 0 104 73 123 0 41 9 20 90 0 53 35 0 0 0 0 22 0 0 26 142 0 0 0 16 52 36 0 0 54 0 22 0 40 0 0 0 0 69 0
 36 0 0 21 49 17 38 96 116 99 0 35 0 22 17 0 0 0 40 82 130 134 8 0 81 39 42 47 34 141 64 102 0 136 0 0 1 127 63 144 139 0 46 0
 0 41 102 0 0 13 0 78 0 68 0 132 0 0 0 19 0 0 0 0 61 0 16 78 93 0 0 0 0 0 27 0 1 88 0 4 0 82 80 0 0 0 0 0
 0 27 10 0 0 24 0 0 0 54 34 0 0 0 0 31 0 0 0 0 153 0 0 58 39 0 72 89 0 0 0 56 75 96 0 0 0 0 17 0 64 77 77 0
