44
 0 93 58 0 98 79 47 0 54 0 26 71 79 0 84 0 92 43 0 59 38 4 95 0 0 0 14 39 53 88 0 83 11 72 94 0 14 0 0 0 0 32 0 0
 0 0 0 0 0 0 80 0 0 95 0 0 70 0 100 0 114 0 0 0 0 0 67 0 0 0 0 100 0 0 55 0 0 80 0 0 0 0 91 55 0 0 0 85
 0 78 0 0 0 87 0 0 0 0 19 0 21 0 98 34 0 56 0 7 4 0 96 0 99 0 0 0 0 0 0 59 0 0 26 92 0 88 17 0 56 55 78 0
 100 121 100 0 48 0 0 48 0 0 0 35 95 0 56 0 0 0 0 0 0 81 0 0 0 95 0 21 0 76 0 0 58 36 72 34 0 0 0 0 40 69 0 84
 0 102 93 0 0 73 33 90 0 85 0 30 57 0 91 0 39 0 0 0 67 0 0 0 69 61 57 0 0 50 0 0 67 0 89 0 78 0 17 0 0 0 36 0
 0 38 0 111 0 0 71 0 155 36 0 84 79 0 0 0 44 43 11 111 82 0 0 19 41 37 28 98 42 10 22 30 12 9 69 32 86 82 45 0 9 0 56 84
 0 0 0 89 0 0 0 76 0 0 0 0 49 0 0 9 0 0 0 40 55 35 0 0 0 0 0 0 88 0 0 0 0 0 43 0 85 0 0 0 0 0 0 0
 22 14 15 0 0 55 0 0 90 100 100 0 72 57 91 0 0 0 0 73 1 82 16 0 34 0 100 49 101 55 0 0 61 0 19 0 111 19 145 33 48 70 0 36
 0 82 74 24 10 0 75 0 0 0 115 139 51 0 0 0 33 66 0 0 69 83 0 19 0 0 0 28 0 0 0 12 58 0 24 0 0 36 26 0 84 46 32 64
 2 0 133 63 0 0 5 0 85 0 86 0 6 14 9 0 0 127 49 108 0 0 16 0 12 0 137 134 12 9 109 0 8 0 73 52 80 50 38 49 0 0 1 0
 0 153 0 98 78 86 37 0 0 0 0 0 0 0 0 0 41 95 69 0 0 24 0 0 0 0 11 0 0 94 0 48 25 0 0 0 95 93 0 88 88 0 25 0
 0 64 56 0 0 0 101 0 0 66 142 0 116 0 21 0 25 68 0 0 0 96 0 9 0 0 7 0 0 0 0 0 122 0 22 96 21 0 0 0 102 74 0 0
 0 0 0 0 0 0 0 0 0 0 75 0 0 0 0 0 20 63 0 0 51 115 0 0 0 95 0 0 54 91 0 0 35 0 0 0 17 88 0 0 65 56 0 0
 96 14 43 51 80 94 12 0 61 0 124 43 1 0 59 97 0 9 0 0 0 0 79 31 0 72 41 100 0 0 0 15 57 7 0 0 90 0 70 0 10 0 69 0
 0 0 0 0 0 86 66 0 82 0 79 0 74 0 0 0 68 0 62 0 0 45 0 0 0 98 42 0 65 0 0 99 21 83 102 0 60 0 0 0 44 47 0 0
 57 57 0 71 62 94 0 103 36 0 40 32 22 0 34 0 132 0 30 0 38 65 0 41 0 68 28 45 13 123 0 69 124 0 6 93 0 29 54 126 0 70 74 29
 0 0 38 59 0 0 97 75 0 33 0 0 0 83 0 0 0 48 0 0 83 0 0 70 0 47 26 0 57 0 0 0 77 0 0 81 0 0 54 0 0 0 0 0
 0 11 0 68 14 0 96 51 0 0 0 0 0 0 55 95 0 0 0 0 0 69 0 82 0 0 7 0 0 0 61 0 0 0 127 82 93 0 0 0 112 85 52 0
 105 53 140 8 66 0 5 140 45 0 0 7 44 100 0 0 113 125 0 0 70 73 73 94 89 0 0 0 0 93 0 17 42 0 3 97 59 57 0 99 56 0 44 17
 0 79 0 49 31 0 0 0 47 0 97 38 49 64 76 76 31 46 94 0 0 58 82 143 38 0 124 0 0 0 67 0 0 83 29 0 0 0 74 0 0 0 44 36
 0 13 0 52 0 0 0 0 0 60 60 57 0 42 78 0 0 57 0 87 0 15 0 79 97 0 0 41 0 0 87 48 26 0 0 0 80 0 89 87 0 32 0 0
 0 48 93 0 53 86 0 0 0 97 0 0 0 94 0 0 133 0 0 0 0 0 61 0 0 0 0 26 31 0 0 50 0 83 0 0 8 21 0 0 0 78 0 80
 0 0 0 72 63 81 46 0 68 0 27 30 76 0 21 52 36 46 0 0 57 0 0 137 0 0 7 69 1 0 0 0 0 0 2 0 80 0 0 0 25 87 0 0
 63 123 74 83 17 0 34 0 0 79 89 0 30 0 61 0 0 0 0 0 0 46 0 0 27 61 84 71 99 0 54 0 51 0 114 0 94 0 0 0 24 0 0 97
 55 2 0 108 0 0 19 0 18 0 114 32 67 21 116 43 125 32 0 0 0 81 12 0 0 14 24 109 126 0 75 46 122 0 107 0 0 134 104 15 80 77 23 96
 122 82 112 0 0 0 47 11 86 53 5 33 0 0 0 0 0 55 82 153 24 57 136 0 0 0 73 16 0 0 27 57 26 0 0 0 49 20 78 44 77 106 0 0
 0 8 91 86 0 0 146 0 75 0 0 0 16 0 0 0 0 0 55 0 103 31 0 0 0 0 0 0 55 0 0 100 20 77 12 4 70 0 0 42 0 57 0 0
 0 0 55 0 54 0 16 0 0 0 106 54 36 0 100 0 65 6 94 36 0 0 0 0 0 0 12 0 0 0 0 0 0 0 32 66 0 97 0 77 60 54 0 0
 0 97 83 64 129 0 0 0 99 0 87 5 0 70 0 0 0 64 17 7 135 0 0 0 0 94 0 100 0 0 0 0 119 0 51 0 0 0 0 68 48 28 95 0
 0 59 40 0 0 0 11 0 68 0 0 83 0 24 32 0 58 87 0 58 2 4 26 26 94 37 89 33 105 0 0 133 62 0 0 80 62 0 117 0 3 97 0 0
 2 0 95 108 71 0 84 1 50 0 58 104 100 69 21 90 86 0 40 0 0 9 46 0 0 0 104 77 105 82 0 94 0 15 48 87 67 128 23 158 0 64 124 12
 0 52 0 5 32 0 147 53 0 66 0 71 16 0 0 0 30 121 0 5 0 0 55 56 0 0 0 130 16 0 0 0 56 0 112 0 96 0 0 0 2 71 79 0
 0 73 54 0 0 0 89 0 0 0 0 0 0 0 0 0 0 88 0 88 0 65 54 0 0 0 0 57 0 0 87 0 0 0 12 0 0 0 0 69 0 0 0 94
 0 0 66 0 129 0 49 106 84 37 117 56 46 0 0 108 57 157 2 0 58 0 75 72 96 31 0 47 79 23 0 11 26 0 40 0 0 86 112 0 0 117 85 26
 0 127 0 0 0 0 0 0 0 0 60 0 59 8 0 0 91 0 0 0 0 122 0 0 0 18 0 0 0 67 0 0 0 0 0 0 0 0 0 88 98 0 0 0
 57 1 0 0 39 0 37 105 17 0 32 0 53 145 92 0 0 0 0 19 73 42 24 94 92 96 0 0 58 0 0 42 73 63 36 0 120 0 35 23 82 16 0 109
 0 20 83 26 0 0 0 0 73 0 0 0 0 0 0 33 75 0 0 14 0 0 0 0 83 0 0 81 61 0 0 0 60 32 74 0 0 0 0 0 0 64 23 0
 102 3 0 113 132 0 18 0 0 0 0 4 0 116 111 0 10 100 0 48 26 0 50 108 0 0 16 0 43 40 0 114 20 0 4 86 41 0 73 88 66 68 98 54
 69 0 0 32 0 0 72 0 0 0 71 41 27 0 89 0 0 57 85 0 0 75 26 134 0 0 132 49 13 0 0 98 4 0 9 0 134 0 0 0 68 0 95 69
 29 0 73 16 59 89 13 0 0 0 0 46 29 143 120 0 59 104 0 33 0 49 65 28 0 0 0 0 0 65 0 75 0 55 0 0 2 0 126 0 0 0 57 81
 42 121 0 0 75 0 114 0 0 37 0 0 0 0 0 69 2 0 0 72 112 10 0 0 0 0 13 0 0 0 100 0 67 91 0 0 29 0 0 95 0 0 0 0
 0 43 0 0 61 91 106 0 0 23 10 0 0 92 0 0 144 0 45 10 0 0 0 101 0 0 0 0 0 0 0 0 75 0 13 0 0 0 97 52 75 0 0 32
 11 98 0 85 0 0 102 21 0 0 0 32 117 0 10 0 104 0 0 0 82 19 36 55 0 98 95 55 0 54 0 0 57 0 143 33 0 0 0 0 1 89 0 0
 51 0 54 0 50 0 7 0 0 60 3 77 94 94 103 0 46 27 0 0 60 0 40 0 0 64 9 89 129 38 0 19 0 0 38 0 94 0 0 0 47 0 51 0
