44
 0 0 60 50 32 82 13 60 13 31 0 11 42 59 52 0 91 0 62 0 0 16 58 50 14 0 41 27 22 0 68 32 73 33 17 37 25 11 57 36 11 37 96 61
 38 0 49 0 5 86 5 0 0 0 0 0 12 37 0 4 0 88 0 38 27 45 0 0 48 77 12 0 9 81 12 7 39 10 4 0 0 0 40 51 16 24 80 69
 0 0 0 18 0 0 0 70 24 0 21 25 85 0 0 20 0 24 0 49 23 0 10 35 71 42 0 63 0 39 74 0 64 0 53 0 52 1 0 40 0 0 0 0
 0 98 0 0 66 55 21 0 31 12 53 0 0 70 20 79 87 86 23 32 0 0 25 41 0 0 62 0 0 49 0 50 83 19 0 0 0 0 0 26 71 17 17 61
 0 0 90 0 0 97 0 0 0 0 57 0 99 59 0 0 45 0 0 71 0 0 66 21 69 76 0 0 54 69 95 80 0 15 0 18 0 0 5 0 0 32 12 79
 0 0 90 0 0 0 76 0 0 36 0 54 0 0 47 2 0 0 93 0 20 0 0 0 59 70 0 0 0 83 87 74 0 84 93 49 58 0 0 50 0 79 0 0
 0 0 13 0 95 0 0 63 0 0 0 41 60 72 29 42 0 100 0 0 57 0 94 0 63 0 0 0 0 54 0 0 0 0 0 36 82 0 0 0 0 0 0 79
 0 49 0 47 34 3 0 0 0 0 27 1 29 0 7 51 33 0 0 0 0 36 18 24 0 64 0 12 17 9 23 31 87 0 0 55 27 1 10 72 0 0 65 71
 0 10 0 0 90 33 15 86 0 0 18 45 0 0 45 0 93 0 47 26 0 0 0 62 0 26 0 0 85 93 0 22 0 27 98 0 0 0 52 0 9 0 0 0
 0 72 84 0 55 0 32 40 1 0 7 63 27 45 0 0 0 0 0 36 0 0 0 0 0 75 0 0 0 24 0 81 0 0 0 0 0 0 50 0 0 0 13 66
 48 76 0 0 0 90 66 0 0 0 0 34 0 0 0 96 0 0 74 68 0 0 45 0 100 69 0 0 0 0 81 77 0 0 0 6 0 63 8 93 0 100 60 0
 0 75 0 63 90 0 0 0 0 0 0 0 93 0 0 0 97 0 68 0 0 97 88 0 0 0 0 52 0 0 100 0 0 67 74 29 67 99 0 0 0 17 0 47
 0 0 0 11 0 90 0 0 37 0 6 0 0 0 16 88 0 90 30 15 0 80 0 0 0 55 56 0 85 0 79 3 0 0 0 22 0 87 33 0 61 0 0 0
 0 0 87 0 0 49 0 91 37 0 51 29 67 0 0 2 99 24 0 0 0 0 0 24 45 90 89 41 0 51 0 0 0 43 0 70 90 0 50 24 63 0 0 34
 0 12 97 0 95 0 0 0 0 93 96 24 0 88 0 0 75 0 0 0 84 0 91 43 57 75 94 0 0 0 0 95 0 99 77 0 90 0 0 0 56 0 53 53
 12 0 0 0 82 0 0 0 41 84 0 39 0 0 9 0 78 0 0 94 89 91 95 0 0 0 66 0 83 0 0 0 0 0 32 0 90 61 35 0 0 0 65 49
 0 98 88 0 0 38 32 0 0 32 71 0 52 0 0 0 0 50 0 0 16 84 0 0 6 0 0 72 0 2 3 0 0 0 0 96 0 66 32 22 0 0 33 0
 99 0 0 0 58 5 0 91 9 45 67 16 0 0 50 24 0 0 38 17 0 64 23 3 38 0 1 86 0 0 0 24 0 4 0 0 14 46 0 0 80 54 16 33
 0 40 36 0 44 0 47 100 0 29 0 0 0 51 34 12 66 0 0 0 0 97 88 81 19 30 18 0 0 15 55 4 0 0 0 0 67 36 37 0 0 0 0 95
 53 0 0 0 0 53 70 68 0 0 0 48 0 82 13 0 47 0 0 0 0 0 0 61 0 0 38 95 0 0 84 0 74 64 0 7 0 86 9 87 90 34 0 72
 82 0 0 44 41 0 0 85 8 40 71 14 63 15 0 0 0 23 30 25 0 95 0 0 73 19 1 15 0 0 7 0 0 8 78 28 29 92 0 5 49 65 0 0
 0 0 92 12 57 12 51 0 13 0 56 0 0 71 73 0 0 0 0 30 0 0 0 0 52 65 73 94 15 76 42 0 21 59 90 3 18 0 97 0 56 0 80 0
 0 69 0 0 0 45 0 0 18 53 0 0 77 86 0 0 0 0 0 14 71 19 0 0 0 0 0 0 0 35 0 0 98 0 0 0 33 0 74 0 50 0 61 77
 0 37 0 0 0 13 33 0 0 24 90 9 18 0 0 8 83 0 0 0 78 65 28 0 36 0 0 68 59 24 0 0 97 0 34 44 36 0 5 54 58 0 0 65
 0 0 0 5 0 0 0 50 9 62 0 35 24 0 0 11 0 0 0 17 0 0 57 0 0 1 16 3 0 0 81 1 0 39 70 0 97 61 19 0 47 15 0 69
 88 0 0 91 0 0 70 0 0 0 0 12 0 0 0 24 65 22 0 48 0 0 32 85 0 0 32 0 0 0 0 46 94 0 0 0 32 0 47 100 48 40 0 40
 0 0 37 0 77 65 16 90 60 82 13 43 0 0 0 0 22 0 0 0 0 0 52 93 0 0 0 83 0 61 0 38 0 0 0 0 0 54 79 0 16 20 0 65
 0 46 0 77 3 55 75 0 73 93 94 0 14 0 12 44 0 0 18 0 0 0 73 0 0 25 0 0 0 22 94 89 48 30 77 2 0 0 44 32 36 25 0 85
 0 0 84 96 0 62 59 0 0 21 69 42 0 48 23 0 36 84 11 19 64 0 3 0 0 25 64 21 0 21 39 0 76 0 0 0 0 0 0 59 60 0 0 42
 88 0 0 0 0 0 0 0 0 0 12 88 40 0 5 27 0 68 0 33 79 0 0 0 39 38 0 0 0 0 0 0 0 67 0 0 0 87 0 88 0 0 61 0
 0 0 0 7 0 0 15 0 73 32 0 0 0 91 53 19 0 39 0 0 0 0 51 18 0 42 27 0 0 97 0 35 52 0 98 0 40 66 11 38 0 6 27 95
 0 0 90 0 0 0 39 0 0 0 0 37 0 74 0 30 30 0 0 9 100 63 5 70 0 0 0 0 47 71 0 0 0 68 74 14 87 0 65 0 0 0 43 0
 0 0 0 0 10 61 13 0 85 15 53 5 1 62 34 40 17 28 64 0 5 0 0 0 22 0 20 0 0 1 0 64 0 0 0 16 64 22 29 0 0 0 0 68
 0 0 95 0 0 0 43 93 0 41 45 0 89 0 0 3 79 0 68 0 0 0 81 33 0 50 27 0 11 0 37 0 100 0 0 0 0 0 67 27 36 0 0 0
 0 0 0 82 8 0 32 60 0 52 7 0 53 10 0 0 80 17 36 38 0 0 1 0 0 30 86 0 19 3 0 0 40 85 0 0 21 48 0 0 0 32 88 0
 0 47 66 71 0 0 0 0 68 88 0 0 0 0 35 83 0 36 94 0 0 0 100 0 86 89 43 0 70 80 37 0 0 61 90 0 0 0 95 0 0 0 89 88
 0 83 0 95 79 0 0 0 29 89 15 0 27 0 0 0 95 0 0 90 0 0 0 0 0 0 15 69 23 73 0 0 0 54 0 42 0 0 0 90 20 0 95 0
 0 99 0 52 38 52 49 0 45 9 0 0 0 84 38 0 0 0 0 0 0 25 9 33 0 16 0 44 38 0 0 26 0 11 0 38 10 0 0 0 0 12 27 0
 0 0 62 31 0 33 91 0 0 0 0 96 0 0 45 0 0 66 0 0 81 0 0 0 0 0 0 0 81 53 0 0 0 0 27 0 100 77 0 0 67 79 0 0
 0 0 0 0 87 0 18 0 79 63 0 45 112 0 3 71 0 97 69 0 0 44 3 0 54 0 58 0 0 0 0 87 94 0 35 10 0 84 9 0 39 0 23 0
 0 0 82 0 94 94 33 38 0 93 39 20 0 0 0 15 87 0 96 0 0 0 0 0 0 0 0 0 0 99 63 54 76 0 87 21 0 29 0 0 0 26 70 39
 0 0 27 0 0 0 67 34 86 93 0 0 42 91 80 15 98 0 68 0 0 60 20 100 0 0 0 0 62 0 0 77 0 33 0 36 91 0 0 93 0 0 0 0
 0 0 83 0 0 6 0 0 44 0 0 80 92 91 0 0 0 0 69 35 57 0 0 39 69 74 0 65 93 0 0 0 76 92 0 0 0 0 4 0 0 54 0 0
 0 0 76 0 0 53 0 0 15 0 74 0 11 0 0 0 23 0 0 0 38 1 0 0 0 0 0 0 0 75 0 4 0 8 55 0 57 58 27 8 0 17 4 0
