40
 0 0 14 0 0 0 0 0 0 0 50 0 18 0 0 0 2 0 0 26 6 0 32 25 30 0 0 0 13 24 45 0 0 0 0 0 0 0 0 50
 82 0 0 65 0 0 80 35 0 0 21 0 0 0 0 0 0 71 22 0 58 54 0 96 68 0 0 0 0 99 0 88 26 87 60 96 0 0 67 83
 0 3 0 0 0 0 0 97 0 0 0 11 0 0 0 68 0 0 0 37 0 20 13 3 46 81 44 40 17 38 0 0 0 73 0 0 0 0 0 0
 38 0 69 0 0 0 0 21 0 60 0 0 0 0 74 87 0 0 0 29 0 38 0 0 0 38 81 46 0 0 0 0 0 0 68 0 40 0 14 0
 60 40 38 5 0 0 0 0 73 34 0 0 0 1 0 55 0 0 5 53 0 0 71 45 0 41 20 0 4 14 0 0 0 0 51 0 7 0 64 38
 36 21 46 35 91 0 69 0 89 0 46 0 0 29 65 0 0 0 0 2 30 0 0 0 90 0 100 84 92 49 62 0 0 73 0 0 0 2 0 95
 89 0 0 71 47 0 0 97 61 0 0 91 7 0 0 0 0 0 41 14 0 31 0 24 0 62 0 0 31 30 45 53 26 62 56 36 2 2 0 0
 78 0 0 0 90 55 0 0 69 61 37 40 28 59 0 67 46 1 54 0 0 11 20 0 6 44 3 21 0 0 35 0 25 99 52 0 35 46 0 70
 88 32 39 25 0 0 0 0 0 77 71 87 0 0 42 3 0 2 0 77 4 0 0 47 0 0 0 0 22 0 0 2 0 0 64 0 42 0 66 0
 68 25 61 0 0 32 4 0 0 0 18 0 0 12 0 0 33 26 85 71 0 3 10 0 0 0 0 0 0 0 0 0 0 42 81 0 50 64 0 0
 0 0 90 83 86 0 31 0 0 0 0 74 37 0 21 0 0 0 0 58 62 0 0 0 63 98 0 99 50 60 95 82 13 0 0 92 47 0 0 49
 96 44 0 26 45 6 0 0 0 28 0 0 28 46 0 0 0 68 0 14 0 0 68 0 0 0 62 62 34 0 59 0 12 0 0 0 6 31 9 0
 0 57 96 27 52 88 0 0 96 69 0 0 0 0 100 0 1 0 62 0 72 34 13 63 0 51 0 81 0 55 0 92 0 0 0 4 53 0 0 63
 66 30 97 34 0 0 40 0 85 0 86 0 61 0 54 26 27 37 40 89 0 98 3 90 0 0 0 48 0 46 0 0 0 0 0 0 85 62 0 0
 47 44 81 0 94 0 43 26 0 70 0 7 0 0 0 6 0 33 11 26 0 0 0 21 0 8 0 94 0 100 37 0 24 53 27 31 0 61 91 20
 19 37 0 0 0 91 54 0 0 90 3 41 99 0 0 0 0 69 0 0 0 60 0 0 0 0 69 33 79 0 0 0 16 95 0 29 0 0 66 0
 0 26 92 18 0 46 22 0 37 0 17 44 0 0 91 67 0 0 0 0 42 49 0 0 0 88 0 98 0 16 67 7 87 0 88 97 0 86 0 52
 0 0 84 60 100 20 91 0 0 0 28 0 0 0 0 0 11 0 28 40 0 44 0 25 0 0 0 40 0 61 0 89 26 66 0 0 0 4 66 0
 66 0 71 4 0 73 0 0 30 0 20 58 0 0 0 53 12 0 0 33 93 96 58 73 0 0 89 0 90 0 66 55 26 33 3 51 0 0 0 0
 0 33 0 0 0 0 0 38 0 0 0 0 34 0 0 54 38 0 0 0 70 71 0 53 98 12 16 65 86 93 0 0 0 46 3 24 0 0 0 0
 0 0 53 53 75 0 73 0 0 58 0 35 0 77 84 62 0 55 0 0 0 0 82 55 54 89 0 86 65 0 0 0 79 0 68 0 0 53 0 74
 81 0 0 0 75 80 0 0 62 0 60 96 0 0 99 0 0 0 0 0 60 0 11 65 27 0 0 74 51 0 5 0 0 77 47 0 43 0 100 0
 0 3 0 21 0 60 63 0 86 0 4 0 0 0 73 31 16 17 0 56 0 0 0 10 0 48 73 44 78 91 0 0 63 54 34 0 21 0 0 83
 0 0 0 33 0 7 0 47 0 98 10 20 0 0 0 25 3 0 0 0 0 0 0 0 31 12 0 0 0 82 0 0 0 0 18 0 32 0 0 0
 0 0 0 55 97 0 78 0 74 39 0 61 1 54 28 54 24 73 1 0 0 0 52 0 0 9 0 0 0 0 77 0 0 0 2 29 80 0 0 0
 74 66 0 0 0 99 0 0 34 26 0 33 0 97 0 54 0 65 45 0 0 67 0 0 0 0 89 88 4 0 47 52 0 0 0 0 0 50 95 96
 93 88 0 0 0 0 60 0 14 16 35 0 12 10 28 0 14 45 0 0 41 13 0 23 41 0 0 52 0 0 23 85 14 0 4 28 17 26 0 8
 40 30 0 0 37 0 88 0 81 73 0 0 0 0 0 0 0 0 92 0 0 0 0 52 11 0 0 0 0 95 42 0 49 0 0 7 0 51 0 42
 0 4 0 38 0 0 0 84 0 72 0 0 1 46 60 0 32 87 0 0 0 0 0 20 68 0 72 78 0 72 0 86 31 72 0 0 28 23 49 0
 0 0 0 64 0 0 0 63 100 67 0 67 0 0 0 11 0 0 42 0 57 4 0 0 53 72 46 0 0 0 36 15 0 64 17 0 22 0 84 72
 0 30 45 90 86 0 0 0 78 94 0 0 57 81 0 61 0 92 0 80 73 0 76 39 0 0 0 0 44 0 0 39 71 0 0 0 88 0 0 95
 98 0 100 78 95 46 0 66 0 91 0 3 0 3 28 21 0 0 0 74 5 23 55 24 24 0 0 8 0 0 0 0 0 10 0 3 0 0 66 89
 86 0 47 46 99 78 0 0 81 90 0 0 99 66 0 0 0 0 0 83 0 74 0 76 79 29 0 0 0 70 0 69 0 0 50 99 57 0 65 99
 41 0 0 53 28 0 0 0 84 0 5 26 11 32 0 0 31 0 0 0 34 0 0 8 16 23 8 44 0 0 21 0 40 0 83 0 0 8 0 0
 100 0 62 0 0 48 0 0 0 0 29 86 70 79 0 71 0 66 0 0 0 0 0 0 0 18 0 71 60 0 17 31 0 0 0 81 72 68 66 0
 26 0 86 67 72 98 0 54 94 86 0 98 0 8 0 0 0 70 0 0 9 96 10 88 0 51 0 0 96 86 15 0 0 71 0 0 0 0 77 0
 75 30 65 0 0 87 0 0 0 0 0 0 0 0 73 0 6 72 41 7 29 0 0 0 0 37 0 66 0 0 0 88 0 79 0 4 0 0 0 0
 43 69 90 81 52 0 0 0 53 0 91 0 91 0 0 3 0 0 67 41 0 84 4 23 100 0 0 0 0 39 61 85 48 0 0 57 58 0 0 98
 59 0 7 0 0 14 10 8 0 90 60 0 25 0 0 0 5 0 58 15 49 0 32 21 44 0 13 22 0 0 35 0 0 37 0 0 8 5 0 83
 0 0 21 27 0 0 100 0 76 94 0 50 0 19 0 32 0 33 38 20 0 12 0 81 61 0 0 0 29 0 0 0 0 40 66 48 42 0 0 0
