40
 0 0 0 86 101 0 0 0 0 0 0 52 136 96 0 60 0 0 0 0 0 0 0 44 42 0 27 49 0 0 91 0 0 0 0 29 0 20 0 0
 50 0 0 0 0 0 0 0 0 0 0 0 145 0 0 110 0 29 75 92 0 0 0 0 76 0 19 59 0 54 0 21 0 0 64 0 41 0 0 0
 114 60 0 68 0 57 84 67 156 0 46 5 0 0 71 58 28 39 0 0 92 28 66 0 36 0 0 0 0 64 0 123 45 0 82 0 51 27 51 67
 0 106 0 0 0 68 48 34 0 7 0 5 95 144 30 17 59 0 0 2 106 22 118 43 42 0 138 0 38 7 94 0 99 75 104 58 0 14 0 44
 0 74 45 36 0 0 36 0 0 44 0 29 97 0 0 0 0 57 0 0 0 0 67 0 0 53 0 0 0 0 73 0 0 0 0 39 0 0 45 0
 91 49 0 0 71 0 0 0 0 0 0 64 15 0 0 87 0 88 0 0 33 92 0 84 43 0 51 0 0 126 0 0 0 28 73 0 85 130 0 52
 73 58 0 0 0 32 0 0 0 0 0 99 55 59 20 136 0 0 0 0 7 27 27 0 0 61 35 0 15 17 46 63 34 107 108 0 55 149 0 0
 40 18 0 0 26 66 36 0 0 12 0 0 0 95 79 0 55 0 0 0 0 0 0 0 0 0 0 0 98 0 0 0 0 15 82 68 0 90 0 86
 24 91 0 94 91 39 72 15 0 56 71 118 90 2 106 131 92 0 0 92 0 50 10 0 34 95 80 0 124 115 55 56 38 71 103 0 100 0 99 59
 95 69 56 0 0 45 55 0 0 0 0 0 0 0 95 55 0 0 0 0 0 0 36 0 0 0 0 0 0 0 0 0 0 30 0 0 60 0 20 0
 45 69 0 16 148 3 27 27 0 56 0 0 123 0 0 0 0 15 41 0 76 0 0 0 0 0 104 0 2 0 0 0 0 129 0 87 38 0 0 0
 0 36 0 0 0 0 0 38 0 5 6 0 98 67 0 8 10 83 13 0 0 0 0 0 56 0 64 48 21 50 0 42 87 158 0 69 22 100 0 0
 0 0 39 0 0 0 0 38 0 65 0 0 0 0 0 0 88 60 71 0 49 0 0 87 0 0 105 0 0 0 61 0 90 91 0 0 0 41 0 0
 0 32 70 0 122 130 0 0 0 129 28 0 81 0 0 0 109 23 0 94 0 0 0 0 0 0 0 0 0 33 75 0 0 140 73 0 0 99 0 0
 22 140 0 0 47 46 0 0 0 0 42 132 74 54 0 0 76 4 6 61 0 37 0 0 69 0 50 50 37 86 126 14 127 130 0 0 56 0 97 0
 0 0 0 0 34 0 0 82 0 0 78 0 99 83 92 0 0 0 0 0 0 67 50 0 0 0 107 61 30 0 0 0 22 82 0 0 0 0 0 0
 65 44 0 0 72 85 67 0 0 102 88 0 0 0 0 77 0 0 0 55 45 0 0 80 0 0 63 35 53 9 0 96 0 107 0 0 0 76 0 0
 86 0 0 90 0 0 95 57 73 16 0 0 0 0 0 36 0 0 0 0 42 0 0 0 0 0 66 0 23 121 0 0 0 55 48 28 139 0 0 0
 68 0 99 82 163 132 60 7 77 76 0 0 0 53 0 58 30 120 0 0 0 30 54 0 0 0 0 0 79 92 0 43 100 0 0 0 58 0 0 0
 23 0 29 0 30 52 85 34 0 74 83 141 76 0 0 54 0 17 127 0 0 4 157 0 95 0 84 98 22 7 55 42 163 60 0 0 135 0 0 124
 69 25 0 0 91 0 0 89 35 88 0 107 0 17 57 51 0 0 52 92 0 117 0 0 91 0 29 0 118 0 62 95 0 0 0 0 53 0 0 0
 48 23 0 0 67 0 0 16 0 64 30 167 45 75 0 0 35 13 0 0 0 0 0 32 0 0 66 22 0 132 5 97 0 151 0 0 101 0 40 0
 99 78 0 0 0 43 0 146 0 0 6 162 125 24 100 0 122 112 0 0 5 75 0 0 60 0 136 0 0 0 73 0 17 0 47 0 53 20 15 65
 0 37 74 0 21 0 22 115 98 40 64 42 0 8 3 47 0 26 21 80 6 0 70 0 33 144 98 0 0 53 0 34 79 0 103 27 49 94 89 10
 0 0 0 0 130 0 103 26 0 148 64 0 79 80 0 20 43 95 118 0 0 130 0 0 0 92 45 47 74 0 91 31 0 0 0 94 53 0 0 119
 51 6 8 96 0 113 0 67 0 45 45 161 9 31 13 133 144 20 43 73 32 73 70 0 0 0 66 48 61 23 55 0 70 0 0 0 66 133 90 52
 0 0 85 0 38 0 0 110 0 71 0 0 0 14 0 0 0 0 70 0 0 0 0 0 0 0 0 0 0 0 96 0 0 67 0 0 0 65 0 0
 0 0 82 70 87 35 90 31 26 83 31 0 139 88 0 0 0 20 47 0 29 0 56 6 0 0 23 0 0 0 0 0 0 128 0 0 0 8 0 89
 123 73 31 0 147 48 0 0 0 86 0 0 69 0 0 0 0 0 0 0 0 15 100 60 0 0 25 24 0 105 72 0 82 51 0 0 26 54 0 0
 67 0 0 0 45 0 0 126 0 8 71 0 115 0 0 4 0 0 0 0 56 0 25 0 73 0 149 50 0 0 100 0 0 29 83 0 0 80 0 0
 0 4 91 0 0 36 0 91 0 6 25 10 0 0 0 92 107 21 80 0 0 0 0 64 0 0 0 91 0 0 0 72 0 0 100 50 59 0 60 0
 117 0 0 82 46 95 0 7 0 56 81 0 131 54 0 56 0 91 0 0 0 0 83 0 0 29 4 80 13 132 0 0 45 81 122 0 3 71 138 0
 35 55 0 0 43 80 0 19 0 51 113 0 0 133 0 0 33 53 0 0 71 53 0 0 95 0 16 35 0 141 6 0 0 32 95 0 145 29 6 0
 74 96 78 0 72 0 0 0 0 0 0 0 0 0 0 0 0 0 91 0 38 0 74 8 86 98 0 0 0 0 75 0 0 0 0 0 0 0 0 0
 38 0 0 0 11 0 0 0 0 91 111 30 66 0 46 63 80 0 82 39 72 47 0 0 98 87 42 70 67 0 0 0 0 108 0 0 28 58 142 72
 0 31 61 0 0 119 85 0 73 146 0 0 44 11 30 61 84 0 72 67 39 103 74 0 0 44 22 6 50 62 0 62 41 121 89 0 66 15 75 0
 4 0 0 70 17 0 0 1 0 0 0 0 103 94 0 59 139 0 0 0 0 0 0 0 0 0 14 158 0 65 0 0 0 75 0 0 0 0 73 0
 0 95 0 0 36 0 0 0 100 23 97 0 0 0 78 68 0 73 78 64 91 85 0 0 77 0 0 0 0 0 36 0 0 37 0 0 83 0 0 0
 7 7 0 100 0 21 78 37 0 0 46 116 88 106 0 164 57 131 17 53 41 0 0 0 76 0 38 95 36 108 0 0 0 34 0 0 0 122 0 0
 3 0 0 0 24 0 29 0 0 127 1 92 125 41 143 55 6 81 4 0 20 137 0 0 0 0 50 0 4 117 36 31 125 102 0 131 58 3 11 0
