40
 0 0 0 0 0 103 60 76 0 101 0 0 54 137 31 38 0 0 0 54 94 0 63 0 0 99 0 0 77 0 0 81 0 0 88 0 0 76 0 0
 0 0 0 0 0 0 20 114 74 69 0 36 0 2 0 135 0 52 0 98 65 86 0 37 0 2 0 0 0 101 0 83 0 0 44 95 0 44 0 0
 22 12 0 134 0 0 38 73 0 81 0 0 5 0 31 0 90 0 69 0 1 0 0 0 0 0 0 0 98 92 64 3 5 156 0 52 66 0 59 0
 74 82 0 0 0 0 29 0 0 145 86 0 0 57 0 0 90 0 0 79 63 0 98 35 0 0 98 0 32 0 0 0 0 56 63 0 0 8 0 0
 60 71 100 26 0 82 148 103 31 137 0 117 26 64 14 111 0 0 94 0 148 0 78 0 0 74 0 0 24 1 0 0 93 59 91 64 65 0 72 0
 0 72 91 89 0 0 0 0 0 0 66 0 52 0 0 0 0 0 0 92 0 75 74 0 0 46 83 0 0 0 0 0 0 0 0 0 0 95 0 62
 0 0 0 0 0 56 0 0 0 94 0 64 139 0 117 0 89 0 0 75 0 0 0 0 38 0 0 0 0 65 88 0 0 0 23 52 68 0 0 0
 0 0 0 70 0 62 70 0 25 0 0 98 0 0 0 0 0 0 0 62 0 56 0 0 0 0 0 54 0 0 52 0 0 0 0 0 78 86 72 0
 78 0 80 87 0 120 97 0 0 38 0 0 0 0 82 0 0 0 0 0 100 0 72 89 39 0 0 0 0 0 0 14 0 78 0 0 0 0 0 0
 0 0 0 0 0 39 0 121 0 0 0 22 0 0 0 0 82 88 62 86 0 0 0 0 13 114 63 0 69 56 0 0 0 0 0 0 0 48 0 0
 25 75 120 0 37 0 9 8 10 58 0 46 2 90 0 2 161 69 40 12 0 79 0 0 115 36 35 78 111 101 0 65 71 100 49 0 1 50 21 2
 71 0 40 15 0 116 0 0 104 0 0 0 11 0 0 0 89 0 13 32 0 38 58 97 90 134 0 0 0 85 45 38 0 0 0 0 27 0 0 0
 0 25 0 52 0 0 0 77 90 3 0 0 0 0 0 2 0 0 0 0 67 0 64 88 68 0 0 0 70 0 0 0 0 59 0 97 0 3 0 0
 0 0 80 0 0 102 73 6 82 101 0 62 18 0 63 147 34 0 90 0 124 0 58 33 0 81 0 0 0 0 0 61 0 0 62 0 0 99 0 59
 0 0 0 37 0 78 0 44 0 104 83 27 28 0 0 67 0 0 0 63 26 0 0 37 0 0 0 0 0 0 0 0 0 0 0 0 0 0 91 0
 0 0 98 69 0 63 93 11 107 135 0 45 0 0 0 0 0 0 0 0 62 0 0 41 0 0 0 0 0 0 0 0 0 0 0 0 0 73 79 99
 26 75 0 0 24 11 0 23 99 0 0 0 81 0 6 125 0 59 43 0 11 0 60 71 37 41 0 0 52 75 81 129 0 0 0 14 0 36 0 0
 82 0 72 45 1 158 62 67 107 0 0 43 103 58 1 42 0 0 77 0 0 0 32 33 0 24 0 39 42 160 7 0 0 71 61 0 99 0 46 0
 4 30 0 109 0 80 74 12 33 0 0 0 74 0 21 98 0 0 0 0 35 44 5 151 0 114 0 29 16 0 0 82 47 0 0 0 0 62 0 0
 0 0 99 0 63 0 0 0 9 0 0 0 43 111 0 43 95 43 29 0 0 0 88 0 18 73 0 78 65 72 0 0 18 0 0 10 73 142 0 0
 0 0 0 0 0 120 63 103 0 59 62 89 0 0 0 0 0 83 0 96 0 77 73 73 41 66 0 0 83 0 23 54 54 0 0 0 0 0 0 0
 90 0 68 32 161 0 5 0 8 56 0 0 51 107 34 67 88 5 0 97 0 0 0 117 98 0 0 20 15 66 42 45 31 0 74 37 0 1 0 29
 0 133 52 0 0 0 77 59 0 102 70 0 0 0 80 62 0 0 0 0 0 25 0 9 53 45 80 55 0 0 0 12 0 39 96 0 28 151 0 0
 30 0 86 0 72 95 83 112 0 28 27 0 0 0 0 0 0 0 0 89 0 0 0 0 0 0 0 58 0 0 0 0 0 85 42 0 0 40 0 0
 0 76 81 61 90 19 0 13 0 0 0 0 0 108 47 50 0 86 96 0 0 0 0 23 0 144 84 75 77 98 119 102 0 0 0 70 110 45 0 0
 0 0 65 83 0 0 51 21 43 0 0 0 56 0 20 0 0 0 0 0 0 96 0 93 0 0 72 0 0 0 0 52 49 0 33 86 0 59 37 0
 5 61 54 0 103 0 62 82 37 0 0 75 48 73 134 101 31 8 77 85 116 21 0 141 0 0 0 9 42 0 85 117 15 0 0 0 75 135 61 0
 99 108 14 60 57 15 5 0 29 109 0 13 147 113 50 60 83 0 0 0 71 0 0 0 0 10 0 0 57 112 0 0 0 0 0 0 0 18 0 0
 0 77 0 0 0 37 10 9 49 0 0 131 0 91 45 91 0 0 0 0 0 0 12 85 0 1 0 0 0 0 0 99 0 0 0 0 0 46 0 0
 88 0 0 91 0 28 0 78 16 0 0 0 16 25 20 55 0 0 73 0 87 0 9 102 0 82 36 0 69 0 0 0 0 0 0 0 0 0 40 95
 88 2 0 46 33 119 0 0 44 48 30 0 112 46 82 90 0 0 22 92 0 0 33 91 0 4 0 48 49 74 0 0 37 0 90 0 0 0 0 0
 0 0 0 71 91 50 16 111 0 95 0 0 124 0 111 39 0 94 0 88 0 0 0 24 0 0 0 65 0 3 65 0 0 0 0 0 0 23 0 71
 38 30 0 43 0 5 18 5 67 117 0 51 75 22 0 85 46 55 0 0 0 0 62 19 98 0 0 54 16 121 0 85 0 0 91 0 0 36 95 0
 13 105 0 0 0 43 128 142 0 78 0 157 0 45 56 107 64 0 70 85 25 78 0 0 80 96 90 59 96 4 107 3 56 0 53 0 0 83 0 0
 0 0 42 0 0 26 0 14 12 16 0 90 84 0 32 38 0 0 55 55 88 0 0 0 36 0 67 63 43 19 0 8 0 0 0 0 160 42 12 0
 41 0 0 104 0 108 0 45 90 62 83 101 0 95 44 125 0 51 66 0 36 0 24 85 0 0 82 75 81 95 29 55 101 102 136 0 0 10 29 61
 47 87 0 46 0 20 0 0 67 21 0 0 120 19 111 51 61 0 47 0 42 80 0 102 0 5 0 37 28 92 33 104 80 38 0 86 0 0 23 0
 0 0 69 0 88 0 80 0 50 0 0 94 0 0 77 0 0 24 0 0 86 0 0 0 0 0 0 0 0 83 64 0 0 0 0 0 74 0 0 0
 50 41 0 55 0 67 62 0 78 100 0 103 39 15 0 0 84 0 39 95 119 81 38 83 77 0 0 58 39 0 11 50 0 80 0 0 0 58 0 82
 94 44 58 35 114 0 82 114 46 5 0 4 119 0 85 0 38 148 34 64 121 0 8 40 129 27 7 56 19 0 97 0 142 103 141 0 93 75 0 0
