40
 0 0 0 0 0 64 65 53 30 0 0 0 69 0 94 97 90 43 0 23 0 0 0 95 99 45 0 53 0 35 44 0 0 0 0 0 0 0 0 0
 32 0 0 69 66 76 101 33 0 0 28 0 0 0 51 0 0 86 63 0 77 0 0 25 0 0 78 53 61 0 0 62 0 34 0 74 0 0 0 0
 52 41 0 58 0 5 45 0 46 51 0 3 0 55 0 21 0 0 37 6 0 0 0 0 55 0 0 0 0 35 96 0 0 0 7 0 53 84 4 25
 4 0 0 0 0 89 0 0 63 0 30 0 0 29 0 93 89 71 0 0 0 48 20 92 0 97 0 68 0 53 0 0 0 0 67 0 0 80 0 78
 63 0 41 75 0 51 0 33 24 0 107 17 30 21 0 0 64 0 0 72 99 0 0 54 52 59 0 4 0 12 0 0 0 17 28 86 0 4 50 0
 0 0 0 0 0 0 59 63 6 0 36 0 0 0 0 42 0 0 64 0 0 0 89 77 67 94 0 0 50 35 0 0 100 13 0 0 73 26 43 0
 0 0 0 71 88 0 0 73 0 0 17 10 54 0 0 0 98 93 67 0 0 0 0 100 76 0 0 85 34 0 89 49 0 45 87 0 0 0 0 0
 0 0 96 93 0 0 0 0 14 0 0 0 0 0 0 0 34 41 87 67 0 0 0 40 56 55 58 54 30 66 60 88 3 64 0 33 0 0 24 81
 0 5 0 0 0 0 28 0 0 89 91 51 0 0 0 81 25 0 0 78 45 0 63 51 0 0 71 0 46 0 60 63 0 48 62 0 0 83 94 93
 39 11 0 39 24 55 11 97 0 0 0 0 0 35 0 0 75 0 0 32 0 100 0 0 73 57 75 0 77 62 66 0 0 43 75 23 82 0 0 0
 35 0 86 0 0 0 0 88 0 46 0 60 74 41 45 0 0 63 87 71 86 59 84 40 0 56 63 98 80 0 29 0 78 82 0 26 54 0 88 85
 30 51 0 20 0 74 0 88 0 79 0 0 57 0 0 69 94 94 40 0 26 0 67 91 0 0 0 0 14 80 0 94 0 0 0 0 64 96 0 0
 0 60 55 116 0 6 0 81 77 71 0 0 0 0 0 17 54 47 29 0 0 69 9 60 58 3 59 0 14 27 0 0 23 0 62 59 79 0 34 0
 65 31 0 0 0 42 23 18 12 0 0 35 99 0 72 0 64 33 0 1 91 71 0 45 27 0 12 2 51 61 76 55 0 31 0 20 60 57 0 0
 0 0 38 14 75 51 24 0 39 5 0 12 39 0 0 14 18 0 50 10 0 0 31 39 0 0 0 0 0 65 0 92 0 24 0 66 0 25 0 0
 0 84 0 0 51 0 71 72 0 33 84 0 0 77 0 0 0 97 0 0 63 0 64 0 52 0 65 0 16 26 90 56 79 0 68 25 0 27 0 0
 0 29 73 0 0 51 0 0 0 0 33 0 0 0 0 52 0 0 0 3 56 0 0 64 91 0 84 70 0 45 0 0 39 45 52 0 0 0 60 50
 0 0 75 0 84 85 0 0 35 88 0 0 0 0 77 0 36 0 55 0 81 0 0 0 80 0 0 0 52 48 88 0 0 5 0 63 0 20 74 0
 54 0 0 24 50 0 0 0 77 13 0 0 0 81 0 52 57 0 0 2 0 66 0 0 63 0 54 0 71 6 56 52 0 0 36 31 43 35 37 99
 0 24 0 81 0 46 17 0 0 0 0 35 45 0 0 11 0 32 0 0 0 17 100 89 92 0 69 0 14 45 0 0 97 0 0 0 0 83 0 0
 61 0 24 106 0 12 83 54 0 21 0 0 69 0 57 0 0 0 22 94 0 10 17 106 78 0 22 24 27 30 23 42 70 0 15 94 77 0 0 79
 33 70 63 0 67 6 26 43 98 0 0 35 0 0 41 27 67 67 0 0 0 0 0 0 0 58 24 0 15 0 98 0 43 38 0 85 15 44 42 0
 21 45 85 0 100 0 22 33 0 7 0 0 0 8 0 0 19 58 34 0 0 66 0 37 66 32 0 0 0 0 0 0 89 0 0 0 64 0 0 0
 0 0 91 0 0 0 0 0 0 2 0 0 0 0 0 91 0 33 117 0 0 101 0 0 73 9 0 94 76 0 92 0 51 6 80 70 91 11 0 0
 0 6 0 42 0 0 0 0 3 0 60 17 0 0 82 0 0 0 0 0 0 11 0 0 0 0 10 3 17 45 0 92 0 25 0 0 0 74 22 0
 0 12 55 0 0 0 26 0 59 0 0 92 0 34 67 14 2 32 82 46 43 0 0 0 52 0 84 0 78 1 43 62 0 0 0 0 2 30 19 0
 26 0 29 40 32 33 10 0 0 0 0 71 0 0 35 0 0 48 0 0 0 0 22 105 0 0 0 0 0 0 29 0 71 43 73 17 5 11 0 0
 0 0 82 0 0 96 0 0 19 94 0 3 98 0 91 50 0 91 48 98 0 49 82 0 0 64 74 0 16 37 0 71 99 82 0 36 0 41 0 86
 86 0 54 97 36 0 0 0 0 0 0 0 0 0 97 0 82 0 0 0 0 0 65 0 0 0 80 0 0 0 0 0 0 0 67 0 0 0 0 0
 0 13 0 0 0 0 39 0 50 0 78 0 0 0 0 0 0 0 0 0 0 98 77 30 0 0 99 0 33 0 60 92 0 96 0 0 0 49 0 0
 0 88 0 29 56 16 0 0 0 0 0 27 22 0 77 0 6 0 0 26 0 0 94 0 8 0 0 97 40 0 0 74 37 0 114 18 21 33 88 29
 82 0 96 14 41 56 0 0 0 4 4 0 78 0 0 0 16 48 0 38 0 48 25 48 0 0 86 0 3 0 0 0 0 23 0 0 13 0 44 31
 9 49 94 48 39 0 46 0 13 3 0 40 0 21 99 0 0 77 81 0 0 0 0 0 88 41 0 0 92 9 0 37 0 37 0 36 0 3 67 0
 14 0 95 0 0 0 0 0 0 0 0 66 96 0 0 98 0 0 41 98 84 0 78 0 0 90 0 0 30 0 58 0 0 0 89 0 80 0 72 48
 57 7 0 0 0 78 0 30 0 0 20 33 0 44 60 0 0 21 0 27 0 55 53 0 21 35 0 17 0 2 0 56 5 0 0 0 88 91 0 0
 13 0 47 11 0 54 46 0 0 0 0 24 0 0 0 0 72 0 0 43 0 0 90 0 93 79 0 0 26 46 0 74 0 48 32 0 0 13 0 0
 100 89 0 84 25 0 28 7 15 0 0 0 0 0 38 72 91 29 0 27 0 0 0 0 37 0 0 30 26 52 0 0 61 0 0 34 0 61 0 25
 11 34 0 0 0 0 6 45 0 0 29 0 57 0 0 0 0 0 0 0 50 0 78 0 0 0 0 0 89 0 0 84 0 58 0 0 0 0 0 0
 25 28 0 44 0 0 57 0 0 60 0 4 0 53 55 98 0 0 0 112 78 0 98 85 0 0 44 37 20 1 0 0 0 0 82 26 86 15 0 41
 75 34 0 0 90 31 86 0 0 63 0 50 72 30 59 111 0 66 0 37 0 5 1 68 29 40 75 0 10 37 0 0 60 0 64 44 0 61 0 0
