44
 0 0 22 115 22 60 19 101 79 91 73 0 0 129 0 92 0 101 2 70 47 0 19 3 5 121 41 75 0 32 103 53 68 0 2 16 1 89 112 121 38 57 60 62
 0 0 133 116 19 156 101 0 27 0 112 74 0 63 178 142 28 47 70 16 79 153 29 113 0 77 0 0 84 175 142 128 0 0 0 59 0 59 106 136 75 42 0 7
 0 0 0 76 0 0 130 0 0 0 0 0 0 0 0 0 31 0 0 0 0 0 85 54 67 0 0 0 66 84 80 0 91 0 0 0 55 71 0 0 0 0 0 0
 0 0 0 0 30 0 32 0 119 0 68 0 8 0 84 0 0 55 0 0 0 0 0 0 0 0 133 103 128 0 30 108 0 0 0 77 31 109 0 133 0 0 22 0
 0 0 105 0 0 61 0 73 144 0 17 46 50 0 0 131 153 15 0 0 0 31 88 16 0 64 21 0 0 79 73 36 3 35 0 0 0 6 50 80 155 0 143 0
 0 0 103 24 0 0 104 13 0 0 19 0 0 0 0 36 27 0 0 0 76 0 129 3 0 0 0 150 72 0 43 25 12 51 0 42 0 0 0 0 0 0 73 82
 0 0 0 0 14 0 0 0 0 0 0 0 0 0 0 0 0 0 89 0 0 59 0 72 0 0 0 0 0 0 0 0 0 60 0 0 58 0 0 72 0 0 0 0
 0 72 44 48 0 0 0 0 18 0 138 0 155 61 0 0 0 0 0 109 87 67 0 70 0 87 0 84 140 0 0 31 26 118 73 0 67 78 0 0 1 0 34 63
 0 0 133 0 0 90 162 0 0 65 0 0 0 0 0 0 36 90 0 0 0 133 112 66 0 0 0 57 0 0 0 6 0 29 93 70 65 91 0 86 0 0 0 0
 0 56 109 41 37 2 6 68 0 0 0 49 97 25 0 0 84 40 82 12 28 61 14 121 42 4 0 7 29 73 113 0 13 9 0 136 71 81 0 0 172 103 0 122
 0 0 170 0 0 0 129 0 44 77 0 0 0 35 0 0 0 0 0 0 0 71 48 0 90 0 0 0 0 0 0 0 0 116 0 85 43 0 69 0 0 0 0 92
 79 0 44 26 0 47 0 97 36 0 101 0 156 21 0 58 0 0 0 0 0 0 63 0 0 0 0 0 48 0 58 0 60 40 0 56 0 34 0 47 0 0 2 134
 75 82 110 0 0 62 40 0 95 0 41 0 0 24 0 0 113 64 0 25 0 130 0 0 0 34 41 0 77 0 0 123 0 111 98 0 87 0 45 20 0 0 0 64
 0 0 100 14 92 71 99 0 93 0 0 0 0 0 0 88 108 96 0 67 0 0 0 44 96 0 0 33 82 0 0 15 113 0 0 0 0 167 0 0 0 0 0 15
 61 0 111 0 48 71 35 16 68 26 30 56 40 52 0 21 87 0 0 0 0 111 41 83 0 0 54 0 31 89 0 0 91 72 0 99 97 0 82 15 113 77 124 74
 0 0 84 129 0 0 167 80 120 67 75 0 48 0 0 0 0 95 0 81 0 0 0 19 8 0 121 0 115 0 0 0 96 0 0 67 55 39 0 13 8 95 45 0
 80 0 0 93 0 0 131 96 0 0 23 97 0 0 0 92 0 0 0 95 0 145 54 0 0 0 0 84 0 93 0 0 92 0 0 0 0 0 0 0 0 0 0 22
 0 0 83 0 0 41 16 18 0 0 154 114 0 0 94 0 85 0 0 8 0 0 0 0 97 0 0 0 0 0 0 30 44 111 0 2 0 0 0 0 51 154 89 25
 0 0 94 119 101 98 0 19 24 0 79 16 76 0 116 154 118 119 0 15 98 16 92 64 58 0 144 71 0 0 53 50 36 11 0 0 27 17 59 145 0 0 72 79
 0 0 4 75 51 77 4 0 28 0 9 68 0 0 87 0 0 0 0 0 0 0 0 95 70 35 0 0 100 90 0 77 0 14 64 0 40 0 0 0 0 61 0 0
 0 0 51 42 126 0 87 0 58 0 88 108 3 34 73 51 28 107 0 105 0 2 71 3 129 37 0 0 54 0 69 63 3 153 0 0 136 0 78 70 0 28 0 11
 100 0 134 18 0 100 0 0 0 0 0 83 0 47 0 40 0 96 0 71 0 0 71 0 0 39 66 0 0 0 0 0 0 0 0 0 68 0 0 1 0 0 0 0
 0 0 0 99 0 0 28 82 0 0 0 0 64 87 0 98 0 36 0 44 0 0 0 0 0 0 0 0 74 84 0 0 0 128 0 86 81 0 0 38 80 0 50 0
 0 0 0 14 0 0 0 0 0 0 135 99 95 0 0 0 66 69 0 0 0 56 158 0 0 0 42 90 28 0 82 0 0 0 0 0 0 51 59 6 79 0 0 0
 0 73 0 18 78 137 138 22 70 0 0 32 166 0 98 0 51 0 0 0 0 79 61 102 0 0 26 132 0 0 56 0 145 46 0 78 0 16 0 0 17 149 0 82
 0 0 7 39 0 103 60 0 51 0 85 42 0 82 49 77 12 96 48 0 0 0 110 97 95 0 151 0 0 0 88 0 10 19 46 0 0 81 0 54 2 0 25 105
 0 82 84 0 0 60 41 100 113 65 56 20 0 71 0 0 78 57 0 44 51 0 94 0 0 0 0 84 29 0 54 86 0 85 0 0 0 0 0 66 0 42 135 0
 0 50 133 0 70 0 46 0 0 0 44 0 64 0 96 74 0 8 0 29 92 52 10 0 0 70 0 0 96 45 0 0 0 45 13 85 93 100 0 0 0 98 106 0
 72 0 0 0 97 0 30 0 11 0 90 0 0 0 0 0 160 77 100 0 0 30 0 0 86 73 0 0 0 0 0 18 70 0 74 91 0 32 0 100 0 0 11 89
 0 0 0 63 0 64 3 105 92 0 87 110 18 95 0 138 0 91 61 0 95 177 0 52 89 24 91 0 4 0 86 29 59 43 74 0 73 117 0 172 15 36 93 118
 0 0 0 0 0 0 32 19 100 0 128 0 110 129 14 100 81 86 0 36 0 81 92 0 0 0 0 63 25 0 0 0 0 99 0 0 53 52 82 108 0 0 102 64
 0 0 149 0 0 0 85 0 0 19 122 100 0 0 25 45 47 0 0 0 0 52 21 86 80 96 0 30 0 0 41 0 0 9 0 0 66 0 0 0 98 19 139 0
 0 94 0 78 0 0 54 0 81 0 51 0 144 0 0 0 0 0 0 163 0 6 41 49 0 0 52 146 0 0 86 77 0 27 0 0 0 0 0 3 0 18 45 0
 38 94 11 87 0 0 0 0 0 0 0 0 0 69 0 76 83 0 0 0 0 13 0 0 0 0 0 0 99 0 0 0 0 0 0 0 55 50 0 48 0 0 19 0
 0 29 139 107 18 20 35 0 0 3 2 46 0 132 17 24 133 36 79 0 142 62 2 22 43 0 18 0 0 0 31 10 68 25 0 0 100 16 0 91 129 0 61 0
 0 0 44 0 37 0 169 108 0 0 0 0 80 77 0 0 104 0 83 3 65 138 0 30 0 19 119 0 0 73 43 8 122 5 85 0 20 125 61 87 81 0 83 7
 0 96 0 0 94 69 0 0 0 0 0 3 0 3 0 0 68 17 0 0 0 0 0 74 63 78 131 0 12 0 0 0 86 0 0 0 0 0 0 0 0 60 0 72
 0 0 0 0 0 72 67 0 0 0 47 0 0 0 79 0 49 48 0 2 50 30 126 0 0 0 99 0 0 0 0 5 82 0 0 0 73 0 0 0 70 87 115 0
 0 0 74 2 0 75 116 20 140 163 0 84 0 132 0 104 65 42 0 31 0 1 103 0 137 40 132 137 4 30 0 53 133 18 94 0 105 50 0 0 23 123 29 101
 0 0 72 0 0 65 0 67 0 85 44 0 0 59 0 0 92 88 0 77 0 0 0 0 0 0 0 85 0 0 0 92 0 0 0 0 57 92 84 0 94 0 35 0
 0 0 105 121 0 47 87 0 49 0 29 100 20 58 0 0 18 0 46 17 42 97 0 0 0 0 47 171 104 0 62 0 89 32 0 0 41 0 0 0 0 0 0 0
 0 0 62 149 80 98 100 64 30 0 125 95 31 60 0 0 75 0 67 0 0 15 11 43 0 82 0 0 27 0 73 0 0 150 60 67 0 0 0 87 71 0 43 65
 0 85 64 0 0 0 72 0 52 72 11 0 76 92 0 0 84 0 0 124 0 96 0 71 96 0 0 0 0 0 0 0 0 0 0 0 98 0 0 0 84 0 0 87
 0 0 64 129 2 0 88 0 67 0 0 0 0 0 0 138 0 0 0 23 0 28 44 125 0 0 42 98 0 0 0 113 116 72 73 0 0 120 0 22 29 0 0 0
