40
 0 0 12 0 99 0 11 1 87 36 52 34 0 0 0 97 0 0 0 0 62 0 50 0 0 0 4 0 0 66 41 5 47 99 0 50 18 12 0 43
 54 0 17 0 61 0 0 9 81 15 14 0 0 99 0 59 15 0 73 0 11 0 36 0 55 0 0 18 0 84 0 0 5 0 65 0 0 15 0 22
 0 0 0 31 12 0 0 97 0 92 15 0 58 0 73 0 0 0 0 0 66 0 13 61 0 0 63 0 82 0 71 52 0 0 66 0 91 0 0 54
 100 78 0 0 0 0 0 0 0 91 0 0 0 0 0 0 41 0 0 0 0 0 30 0 0 0 0 0 0 75 0 0 0 0 96 0 92 3 74 0
 0 0 0 13 0 34 19 32 8 0 0 0 46 0 0 28 0 0 0 0 0 0 0 24 15 1 0 0 107 3 0 0 0 0 0 21 0 71 74 0
 52 50 83 1 0 0 17 1 0 42 16 0 0 0 0 0 0 0 31 90 18 56 0 48 14 0 44 0 88 0 15 9 0 0 0 0 0 92 61 35
 0 76 82 47 0 0 0 0 63 36 0 84 0 0 55 100 0 0 78 0 0 0 27 0 0 0 51 48 0 0 75 0 0 80 57 0 45 0 0 0
 0 0 0 110 0 0 37 0 79 0 13 0 0 29 92 73 47 0 0 0 27 0 21 61 67 40 53 0 0 52 0 0 97 0 0 0 94 88 0 0
 0 0 10 10 0 19 0 0 0 7 103 0 21 88 0 6 76 69 0 23 0 0 0 67 0 49 0 16 72 0 8 73 0 0 22 46 0 13 8 47
 0 0 0 0 83 0 0 65 0 0 54 60 0 90 0 0 13 42 0 0 15 0 0 0 0 82 58 0 26 0 0 0 0 79 0 0 0 86 0 40
 0 0 0 86 86 0 44 0 0 0 0 83 0 78 67 0 0 87 99 0 0 0 23 0 61 0 0 0 79 0 0 0 30 0 0 0 0 74 0 22
 0 49 24 66 95 108 0 59 100 0 0 0 61 0 0 54 20 0 0 0 34 0 96 51 3 9 67 2 18 14 26 0 60 0 0 90 4 0 0 0
 37 3 0 41 0 18 3 12 0 31 30 0 0 88 51 0 56 0 90 0 0 99 8 30 0 79 16 0 0 12 0 0 0 58 0 4 0 35 21 69
 79 0 76 35 78 22 52 0 0 0 0 0 0 0 0 29 0 51 69 59 10 0 22 0 47 94 18 60 0 4 5 16 0 87 0 10 0 0 34 0
 72 9 0 49 86 90 0 0 50 32 0 85 0 29 0 66 21 0 0 9 88 49 30 0 20 96 29 60 94 52 67 0 31 0 37 66 20 0 73 77
 0 0 72 12 0 76 0 0 0 11 111 0 73 0 0 0 94 0 0 19 0 0 0 101 0 62 66 1 50 87 18 0 0 92 18 0 65 0 2 0
 80 0 56 0 78 30 26 0 0 0 86 0 0 94 0 0 0 26 0 0 37 0 0 0 98 0 0 0 0 0 27 0 0 68 98 52 45 76 0 85
 20 70 9 43 84 89 64 50 0 0 0 37 77 0 62 96 0 0 16 69 1 62 57 0 31 0 29 48 0 0 0 0 1 59 28 0 0 19 0 0
 68 0 44 0 9 0 0 27 74 22 0 82 0 0 59 98 76 0 0 0 32 39 0 7 0 50 0 55 95 0 0 0 0 97 95 23 88 20 0 32
 12 33 58 30 52 0 54 11 0 12 18 98 25 0 0 0 22 0 69 0 24 0 0 0 0 97 9 0 0 0 0 68 7 0 0 29 0 0 28 64
 0 0 0 80 19 0 21 0 74 0 54 0 52 0 0 76 0 0 0 0 0 0 22 0 0 0 0 0 0 0 0 34 95 53 0 61 0 0 88 35
 100 30 85 39 35 0 0 70 93 35 53 72 0 82 0 61 92 0 0 52 65 0 6 0 0 93 0 0 0 0 70 0 4 0 87 0 0 100 86 0
 0 0 0 0 80 100 0 0 49 90 0 0 0 0 0 32 75 0 91 69 0 0 0 0 0 0 0 84 0 0 0 68 86 0 95 0 25 0 24 57
 99 32 0 13 0 0 66 0 0 57 54 0 0 39 90 0 14 99 0 91 50 9 3 0 0 72 26 46 90 0 0 0 42 0 65 71 26 0 68 42
 3 0 22 5 0 0 84 0 28 7 0 0 49 0 0 21 0 0 15 70 2 74 4 5 0 0 0 18 0 29 0 0 8 0 0 0 0 25 100 20
 46 23 48 14 0 0 1 0 0 0 83 0 0 0 0 0 69 87 0 0 11 0 62 0 45 0 0 0 0 0 0 0 0 0 2 0 0 18 4 10
 0 89 0 103 0 0 0 0 56 0 98 0 0 0 0 0 66 0 46 0 40 25 65 0 89 98 0 64 0 0 0 37 0 0 0 0 0 0 0 59
 99 0 39 0 80 95 0 94 0 20 87 0 34 0 0 0 17 0 0 22 21 15 0 0 0 14 0 0 14 0 1 4 58 0 82 0 0 0 0 0
 40 43 0 14 0 0 39 52 0 0 0 0 12 42 0 0 78 75 0 14 44 27 9 0 45 6 21 0 0 40 30 0 0 69 92 0 0 43 13 18
 0 0 26 0 0 93 14 0 96 13 73 0 0 0 0 0 11 93 25 94 7 56 86 107 0 97 55 95 0 0 0 66 21 0 0 0 10 0 58 0
 0 96 0 40 96 0 0 15 0 47 100 0 90 0 0 0 0 93 98 89 84 0 42 99 79 100 74 0 0 63 0 34 88 32 0 0 0 92 0 0
 0 0 0 70 33 0 86 95 0 64 74 77 80 0 45 36 49 84 91 0 0 43 0 68 74 5 0 0 50 0 0 0 0 0 0 59 92 0 31 0
 0 0 64 21 31 20 33 0 93 83 0 0 83 77 0 12 44 0 72 0 0 0 0 0 0 70 45 0 22 0 0 41 0 0 44 14 0 44 0 0
 0 22 36 62 53 70 0 49 115 0 19 54 0 0 13 0 0 0 0 73 0 33 2 92 14 26 0 16 0 80 0 87 32 0 17 0 74 5 0 7
 92 0 0 0 98 90 0 66 0 21 60 73 68 76 0 0 0 0 0 86 44 0 0 0 53 0 4 0 0 10 55 39 0 0 0 71 0 7 52 0
 0 99 76 3 0 65 0 62 0 1 21 0 0 0 0 98 0 100 0 0 0 28 40 0 73 38 56 33 85 69 36 0 0 82 0 0 0 0 80 3
 0 81 0 0 83 61 0 0 43 66 76 0 71 51 0 0 0 43 0 94 28 64 0 0 49 72 11 10 31 0 84 0 15 0 42 50 0 0 4 0
 0 0 39 0 0 0 13 0 0 0 0 51 0 64 95 91 0 0 0 86 42 0 4 0 0 0 25 71 0 37 0 86 0 0 0 94 15 0 82 0
 10 76 58 0 0 0 33 4 0 9 24 74 0 0 0 0 24 91 23 0 0 0 0 0 0 0 60 36 0 0 10 0 81 77 0 0 0 0 0 48
 0 0 0 59 93 0 17 72 0 0 0 63 0 24 0 82 0 66 0 0 0 61 0 0 0 0 0 94 0 46 2 80 73 0 31 0 99 65 0 0
