44
 0 65 40 60 91 57 0 80 0 51 0 82 59 8 91 41 0 31 0 0 0 0 64 89 22 31 79 0 0 22 0 0 79 0 21 0 2 0 33 17 16 2 0 7
 0 0 41 26 0 0 25 0 92 93 0 22 0 0 7 49 0 0 69 0 0 84 0 81 0 38 96 0 20 94 72 65 0 34 0 78 0 0 57 43 58 0 0 111
 0 0 0 64 0 0 23 20 97 0 0 0 0 32 69 55 32 0 0 0 0 97 0 0 0 0 63 0 0 43 39 33 0 80 0 0 0 0 30 0 84 66 69 50
 0 0 0 0 77 79 0 62 41 0 77 0 92 0 89 0 0 0 96 67 0 0 38 62 51 0 87 0 10 89 0 0 0 78 93 0 0 91 48 25 72 33 0 0
 0 86 3 0 0 63 0 0 0 77 0 90 6 0 24 45 9 58 0 34 0 82 0 0 0 0 0 0 50 0 0 42 0 0 0 0 0 0 70 0 0 0 96 66
 0 16 91 0 0 0 0 9 0 67 50 34 98 0 0 0 43 33 0 0 11 0 36 51 0 41 92 65 56 46 0 0 0 94 74 56 94 19 84 25 74 22 59 40
 69 0 0 48 0 84 0 0 0 60 0 0 91 0 21 60 58 0 0 0 75 0 0 40 99 24 54 0 79 0 0 0 0 86 91 0 95 44 64 2 0 0 0 75
 0 72 0 0 43 0 99 0 54 0 98 0 0 90 0 0 0 0 72 91 35 0 0 65 32 0 77 61 84 0 93 73 70 0 0 0 75 0 99 34 42 64 58 0
 92 0 0 0 65 53 54 0 0 0 91 0 50 0 0 15 2 0 0 83 0 0 94 0 94 73 0 0 37 54 78 13 85 89 63 0 0 0 90 0 20 56 57 0
 0 0 4 34 0 0 0 2 65 0 27 0 0 0 34 49 5 88 0 4 0 45 35 0 0 21 44 89 40 52 53 48 46 70 0 89 0 0 0 0 59 93 22 38
 83 29 19 0 6 0 17 0 0 0 0 0 0 0 30 56 0 0 59 5 0 0 0 65 13 47 99 24 0 32 59 93 0 85 19 0 82 0 13 45 0 77 0 0
 0 0 14 62 0 0 8 20 18 94 86 0 50 17 0 0 17 0 57 78 0 84 0 0 0 62 0 0 0 102 73 38 0 30 0 0 0 0 0 0 14 0 79 60
 0 75 38 0 0 0 0 33 0 17 85 0 0 58 0 0 7 13 13 76 4 13 54 1 0 44 81 0 0 40 20 0 33 0 0 0 21 57 0 74 0 63 17 0
 0 60 0 14 18 49 37 0 86 29 69 0 0 0 63 11 0 0 75 18 0 0 0 0 31 46 0 0 57 0 37 62 0 94 98 55 67 0 0 0 81 30 0 36
 0 0 0 0 0 61 0 85 70 0 0 51 77 0 0 94 0 91 60 71 0 0 0 98 91 80 0 46 0 24 100 66 99 0 0 0 0 0 0 0 80 0 0 89
 0 0 0 77 0 49 0 57 0 0 0 42 69 0 0 0 31 91 99 0 94 15 23 46 0 0 0 70 38 0 0 64 0 0 0 50 36 0 0 0 0 0 0 0
 39 25 0 97 0 0 0 71 0 0 93 0 0 42 31 0 0 0 0 0 0 59 89 0 0 42 0 0 0 48 0 0 0 0 0 0 91 0 0 0 0 0 0 84
 0 97 39 0 0 0 8 84 14 0 54 91 0 55 0 0 46 0 54 0 98 75 0 50 82 58 0 68 54 0 0 0 0 0 0 0 0 96 11 22 31 49 34 0
 21 0 55 0 32 90 23 0 68 96 0 0 0 0 0 0 29 0 0 24 17 0 20 3 0 51 0 24 19 0 7 21 0 65 37 0 0 0 12 0 0 29 0 0
 73 12 10 0 0 95 36 0 0 0 0 0 0 0 0 45 52 33 0 0 0 0 0 20 89 13 0 0 14 40 0 82 38 60 89 0 0 0 15 0 0 0 85 0
 79 31 28 60 53 0 0 0 0 80 72 54 0 88 76 0 102 0 0 9 0 14 0 0 90 0 57 88 4 0 0 71 0 0 0 62 0 39 47 0 0 49 45 0
 65 0 0 24 0 79 31 28 24 0 12 0 0 105 34 0 0 0 12 77 0 0 0 37 26 46 34 78 20 94 70 0 0 47 7 47 13 0 37 0 49 0 23 0
 0 81 61 0 87 0 72 18 0 0 98 39 0 93 40 0 0 100 0 76 83 29 0 83 0 59 0 0 0 0 0 0 0 22 86 20 0 0 0 0 86 0 0 92
 0 0 56 0 17 0 0 0 51 54 0 12 0 67 0 0 55 0 0 0 37 0 0 0 0 0 52 98 0 91 66 79 0 0 0 0 0 0 4 0 0 0 0 0
 0 35 12 0 12 21 0 0 0 52 0 81 81 0 0 45 49 0 76 0 0 0 73 20 0 0 0 0 0 0 70 95 35 0 0 0 0 84 93 6 84 24 78 0
 0 0 72 100 99 0 0 67 0 0 0 0 0 0 0 6 0 0 0 0 75 0 0 36 80 0 23 0 0 0 0 53 0 0 0 0 95 69 60 0 0 0 0 0
 0 0 0 0 59 0 0 0 66 0 0 66 0 1 27 2 58 45 11 49 0 0 28 0 49 0 0 0 68 0 1 80 0 0 37 22 0 73 0 25 51 20 31 72
 68 8 66 17 25 0 30 0 74 0 0 34 72 40 0 0 44 0 0 1 0 0 65 0 26 1 79 0 0 0 35 67 0 21 12 0 0 0 8 52 69 31 5 0
 89 0 37 0 0 0 0 0 0 0 37 64 97 0 4 0 15 0 0 0 0 0 61 66 96 45 0 94 0 92 19 93 21 0 0 0 17 0 0 0 0 0 0 0
 0 0 0 0 44 0 49 24 0 0 0 0 0 35 0 83 0 54 98 0 20 0 69 0 41 11 54 68 0 0 48 67 16 96 0 0 0 0 0 0 0 0 47 47
 94 0 0 16 55 2 111 0 0 0 0 0 0 0 0 35 56 10 0 7 8 0 70 0 0 59 0 0 0 0 0 14 0 97 58 88 63 0 0 0 0 2 0 0
 49 0 0 56 0 67 20 0 0 0 0 0 42 0 0 0 14 44 0 0 0 78 67 0 0 0 0 0 0 0 0 0 0 0 0 54 65 0 0 69 0 18 0 0
 0 46 50 35 27 80 62 0 0 0 68 22 0 26 0 28 21 15 51 0 13 53 25 56 0 53 47 40 0 0 46 14 0 0 0 0 38 0 0 0 0 0 81 33
 19 0 0 0 37 0 0 19 0 0 0 0 55 0 3 19 12 1 0 0 48 0 0 65 52 49 54 0 3 0 0 32 70 0 48 30 65 72 0 71 0 0 0 75
 0 23 47 0 10 0 0 19 0 98 0 61 43 0 76 54 45 3 0 0 22 0 0 33 13 15 0 0 1 31 0 16 31 0 0 40 0 0 0 4 92 0 21 20
 34 0 57 53 21 0 93 58 81 0 61 83 24 0 14 0 45 63 27 45 0 0 0 90 73 36 0 63 5 80 0 0 72 0 0 0 0 0 34 30 60 0 93 64
 0 93 26 44 90 0 0 0 10 93 0 99 0 0 4 0 0 74 36 52 32 0 43 28 2 0 50 62 0 31 0 0 0 0 2 38 0 0 109 41 90 0 80 59
 11 76 73 0 84 0 0 17 61 82 47 83 0 8 1 49 37 0 103 64 0 100 46 23 0 0 0 42 19 0 40 63 55 0 57 30 15 0 0 57 2 0 0 4
 0 0 0 0 0 0 0 0 0 73 0 70 56 37 10 7 48 0 0 0 0 0 49 0 0 0 74 0 21 90 39 76 53 43 48 0 0 35 0 95 0 48 79 65
 0 0 78 0 100 0 0 0 36 87 0 90 0 41 30 37 11 0 62 80 52 46 71 85 0 67 0 0 60 37 4 0 98 0 0 0 0 0 0 0 0 0 69 42
 0 0 0 0 32 0 71 0 0 0 87 0 69 0 0 11 16 0 15 56 53 0 0 14 0 17 0 0 68 14 24 0 84 69 0 0 0 0 102 15 0 71 0 22
 0 47 0 0 88 0 100 0 0 0 0 62 0 0 80 51 74 0 0 87 0 62 95 81 0 59 0 0 22 62 0 0 79 38 37 77 81 79 0 21 0 0 59 98
 80 27 0 0 0 0 0 0 0 0 11 0 0 5 26 38 5 0 91 0 0 0 16 73 0 7 0 0 0 0 11 48 0 98 0 0 0 74 0 0 56 0 0 23
 0 0 0 25 0 0 0 30 15 0 59 0 46 0 0 1 0 67 70 95 66 66 0 60 75 12 0 82 17 0 72 94 0 0 0 0 0 0 0 0 0 0 0 0
