44
 0 87 11 0 0 0 80 0 0 0 37 92 16 0 0 0 0 0 53 0 68 48 71 0 0 99 83 0 0 29 0 0 0 0 0 0 9 0 94 0 0 8 0 0
 0 0 0 87 83 45 0 0 68 0 11 80 30 92 0 92 26 0 97 0 56 0 97 41 0 0 0 57 56 0 81 0 0 0 0 83 70 0 0 0 0 59 60 14
 0 7 0 100 94 49 95 39 0 72 37 0 88 64 36 0 0 0 80 99 0 53 0 0 0 0 0 93 0 0 0 0 0 0 0 78 99 1 0 0 49 53 71 0
 22 0 0 0 0 0 0 0 22 0 49 0 0 0 20 41 0 1 0 0 90 0 0 0 8 0 0 0 0 31 23 0 45 42 4 0 8 0 0 16 23 0 32 12
 28 0 0 31 0 0 95 55 84 0 90 41 89 0 71 65 0 0 0 0 84 14 12 84 44 0 0 34 95 82 0 0 0 44 0 0 76 0 97 0 0 22 0 0
 77 0 0 100 35 0 0 4 0 100 0 89 75 43 0 59 70 46 75 0 0 0 65 0 5 34 0 0 0 0 99 0 0 47 39 0 24 10 70 0 32 33 94 0
 0 95 0 54 0 13 0 0 0 70 63 0 86 12 0 84 98 63 26 0 0 0 22 85 0 0 0 0 69 68 0 13 70 60 34 33 0 89 28 0 13 44 95 0
 71 97 0 83 0 0 64 0 0 66 83 0 0 76 0 0 63 0 0 0 0 0 0 0 52 58 0 0 0 45 89 83 0 0 19 0 36 0 0 0 0 0 0 79
 18 0 35 0 0 86 29 14 0 0 99 98 0 8 0 64 84 0 68 0 0 0 0 0 0 37 0 0 79 0 43 0 0 22 82 0 0 0 0 47 0 29 0 76
 31 72 0 57 28 0 0 0 56 0 46 0 0 0 53 0 0 0 0 0 38 0 59 93 0 0 79 0 47 19 0 0 0 0 0 0 0 0 0 0 16 94 0 94
 0 0 0 0 0 6 0 0 0 0 0 0 53 43 44 19 99 0 28 21 0 20 0 0 0 0 82 0 76 0 0 29 0 79 0 0 21 0 0 51 56 0 0 0
 0 0 24 87 0 0 15 62 0 21 41 0 29 0 0 0 0 39 63 20 0 0 0 0 0 0 0 0 91 35 0 56 68 17 70 3 0 0 0 3 0 55 0 0
 0 0 0 99 0 0 0 19 22 30 0 0 0 16 7 0 66 0 0 59 0 10 0 0 0 0 0 0 32 81 0 51 80 0 0 0 52 0 88 22 20 56 0 62
 74 0 0 57 95 0 0 0 0 85 0 72 0 0 0 0 53 0 79 0 0 99 52 51 22 0 31 0 99 100 0 0 64 17 0 67 14 29 0 55 0 0 60 0
 60 2 0 0 0 54 60 86 80 0 0 88 0 19 0 65 0 0 7 0 0 5 8 82 38 74 0 10 0 68 86 9 0 0 0 62 0 0 0 3 9 0 84 0
 8 0 19 0 0 0 0 17 0 12 0 88 55 68 0 0 60 0 0 0 0 10 0 85 0 0 0 0 16 0 27 0 0 0 28 6 67 28 30 6 50 0 0 0
 13 0 37 96 57 0 0 0 0 39 0 81 0 0 13 0 0 0 39 0 0 36 0 0 21 42 17 46 0 65 0 0 26 0 44 0 20 2 87 1 0 1 0 0
 65 51 9 0 39 0 0 30 27 34 82 0 37 34 74 25 74 0 0 73 0 75 0 0 4 0 59 30 0 0 93 65 0 53 0 82 82 4 0 0 7 0 96 0
 0 0 0 36 36 0 0 2 0 15 0 0 71 0 0 67 0 50 0 0 46 19 32 49 0 0 68 56 95 15 59 0 34 0 0 60 59 12 0 42 0 0 0 0
 17 75 0 93 65 24 37 41 82 86 0 0 0 10 98 96 80 0 78 0 0 41 12 0 0 41 38 13 0 0 0 0 100 0 63 29 50 0 0 0 41 56 0 0
 0 0 82 0 0 31 70 74 63 0 68 71 30 41 48 68 32 19 0 11 0 66 0 35 0 9 0 0 0 11 0 0 0 0 41 8 2 0 78 53 65 14 0 43
 0 16 0 79 0 41 97 43 38 38 0 83 0 0 0 0 0 0 0 0 0 0 0 0 0 89 70 56 0 89 0 0 0 0 36 14 4 0 72 0 85 0 40 0
 0 0 34 77 0 0 0 32 9 0 79 4 47 0 0 55 68 2 0 0 91 93 0 0 34 61 0 84 62 48 13 57 84 0 23 100 22 0 56 0 0 0 0 0
 29 0 0 96 0 81 0 40 7 0 82 58 19 0 0 0 59 58 0 67 0 49 26 0 0 16 11 56 0 0 51 32 0 39 0 0 37 13 89 0 3 0 0 0
 92 2 90 0 0 0 76 0 32 72 68 36 53 0 0 35 0 0 44 33 81 77 0 75 0 100 0 13 98 93 78 17 0 13 25 98 81 34 58 62 86 0 42 99
 0 43 31 63 72 0 69 0 0 76 47 19 75 47 0 15 0 9 35 0 0 0 0 0 0 0 0 23 0 0 9 54 94 0 54 27 0 0 0 0 2 68 0 0
 0 1 4 69 9 89 21 2 47 0 0 77 31 0 39 52 0 0 0 0 80 0 24 0 53 2 0 0 16 44 0 52 0 47 0 45 0 0 49 0 0 0 0 96
 76 0 0 78 0 12 79 64 84 18 69 55 53 49 0 13 0 0 0 0 99 0 0 0 0 0 82 0 0 0 0 0 0 0 0 0 0 0 68 3 38 0 0 78
 55 0 38 46 0 18 0 10 0 0 0 0 0 0 74 0 61 60 0 0 38 17 0 86 0 19 0 44 0 5 88 1 0 21 9 43 0 0 74 18 0 50 93 0
 0 4 23 0 0 5 0 0 73 0 81 0 0 0 0 29 0 68 0 0 0 0 0 90 0 28 0 52 0 0 0 58 0 0 0 80 0 0 0 22 11 0 62 0
 26 0 26 0 43 0 12 0 0 8 63 67 53 34 0 0 31 0 0 42 100 17 0 0 0 0 35 74 0 20 0 0 88 38 0 0 0 0 0 0 32 0 35 99
 51 1 81 43 79 80 0 0 99 28 0 0 0 99 0 30 49 0 40 68 89 13 0 0 0 0 0 97 0 0 92 0 0 64 0 95 0 7 63 0 91 3 0 0
 71 9 12 0 67 27 0 32 58 60 51 0 0 0 6 46 0 75 0 0 80 62 0 65 7 0 5 21 27 11 0 0 0 0 5 0 0 0 53 0 0 85 0 0
 18 38 61 0 0 0 0 65 0 16 0 0 53 0 85 33 88 0 72 59 91 83 60 0 0 93 0 70 0 95 0 0 77 0 94 20 78 0 0 0 0 0 0 0
 73 11 54 0 0 0 0 0 0 76 65 0 67 79 66 0 0 50 0 0 0 0 0 61 0 0 88 96 0 56 68 10 0 0 0 0 0 0 82 0 79 32 0 0
 9 0 0 34 0 11 0 8 41 97 43 0 56 0 0 0 35 0 0 0 0 0 0 60 0 0 0 67 0 0 43 0 97 0 21 0 0 0 42 0 0 0 91 91
 0 0 0 0 0 0 55 0 85 69 0 48 0 0 22 0 0 0 0 0 0 0 0 0 0 10 97 63 46 74 96 30 75 0 17 95 0 0 0 0 0 10 99 92
 88 53 0 53 98 0 0 90 88 0 23 85 39 0 45 0 0 0 0 66 71 78 98 0 0 93 86 63 95 63 55 0 32 64 45 67 96 0 94 0 0 0 0 79
 0 57 20 92 0 0 0 38 30 2 22 45 0 12 1 0 0 12 28 31 0 0 0 0 0 7 0 0 0 6 81 0 0 43 0 0 38 0 0 4 78 42 0 98
 36 70 16 0 90 36 86 44 0 64 0 0 0 0 0 0 0 23 0 59 0 100 65 31 0 19 42 0 0 0 95 38 97 18 69 86 36 28 0 0 8 59 0 47
 74 42 0 0 30 0 0 46 29 0 0 0 0 76 0 0 71 0 52 0 0 0 87 0 0 0 91 0 56 0 0 0 32 16 0 91 55 46 0 0 0 86 67 0
 0 0 0 32 0 0 0 5 0 0 38 0 0 27 72 99 0 68 90 0 0 62 30 56 80 0 86 35 0 37 87 0 0 50 0 96 0 30 0 0 0 0 85 0
 34 0 0 0 61 0 0 21 4 60 63 34 11 0 0 16 93 0 47 52 69 0 73 67 0 77 49 43 0 0 0 7 95 31 5 0 0 1 36 1 0 0 0 0
 34 0 23 0 54 7 44 0 0 0 22 16 0 13 50 51 61 10 51 95 0 28 10 3 0 41 0 0 3 8 0 8 27 60 4 0 0 0 0 0 50 31 18 0
