44
 0 68 0 4 0 48 128 0 49 19 49 13 54 0 0 20 99 0 102 0 0 0 0 1 57 0 0 89 0 0 0 0 0 0 0 0 0 0 52 0 13 97 65 0
 0 0 0 105 23 0 128 52 71 0 14 46 38 42 63 0 56 0 0 0 0 0 36 0 25 0 20 49 55 0 0 58 0 45 0 0 29 14 10 0 19 0 53 0
 15 14 0 38 23 17 0 55 11 74 0 54 55 54 0 56 16 35 0 1 57 19 49 0 31 0 6 38 14 21 19 43 76 29 40 23 14 19 0 0 0 0 0 0
 0 0 0 0 0 0 0 0 90 95 0 0 96 0 0 0 0 0 65 90 0 0 90 0 89 93 0 0 0 0 0 0 0 0 99 0 0 78 57 0 52 63 0 99
 34 0 0 112 0 16 17 0 30 27 0 4 0 0 0 0 0 0 53 106 0 0 78 10 103 0 90 2 40 76 0 0 50 0 59 56 40 0 7 66 0 0 0 0
 0 32 0 47 0 0 35 0 68 0 0 0 0 0 91 81 12 0 75 12 44 0 0 32 89 52 50 0 85 0 75 54 92 0 0 78 0 0 0 0 0 0 0 0
 0 0 66 120 0 0 0 33 0 3 0 0 0 91 0 0 0 49 42 83 0 18 0 0 5 85 0 79 56 45 17 54 0 43 0 37 0 0 0 0 100 0 0 33
 95 0 0 42 42 41 0 0 101 0 0 0 0 0 82 0 8 0 7 8 64 0 0 0 17 16 0 0 0 88 0 39 0 60 0 96 31 0 0 0 0 0 0 0
 0 0 0 0 0 0 100 0 0 0 0 97 78 50 0 0 0 0 0 0 0 0 92 79 0 109 0 96 0 0 67 10 56 0 0 0 0 86 0 0 0 0 67 59
 0 95 0 0 0 20 0 87 107 0 99 0 75 64 68 82 14 95 0 41 0 93 24 97 0 0 0 33 0 48 0 82 20 0 0 0 55 0 0 26 79 0 94 3
 0 0 17 27 94 104 64 0 81 0 0 29 0 22 0 0 74 24 0 29 91 0 78 19 3 8 0 0 66 113 0 1 64 66 0 102 44 0 52 37 89 0 0 87
 0 0 0 20 0 52 68 25 0 98 0 0 42 13 0 0 65 18 56 50 99 0 5 0 38 67 0 0 14 0 0 84 0 0 94 0 0 82 0 0 0 0 0 35
 0 0 0 0 84 79 50 51 0 0 41 0 0 19 42 0 91 30 38 62 0 51 0 6 33 35 0 35 26 0 43 0 29 0 0 46 69 0 47 35 0 0 0 29
 73 0 0 20 0 20 0 96 0 0 0 0 0 0 0 0 9 0 105 49 0 0 84 0 0 30 0 0 1 0 0 0 87 0 0 84 58 0 0 51 0 0 33 0
 21 0 83 4 66 0 57 0 105 0 109 10 0 100 0 6 10 0 0 0 0 57 9 0 38 54 0 0 19 0 0 15 0 16 0 0 0 45 0 0 26 0 81 9
 0 75 0 36 12 0 40 69 55 0 73 77 24 75 0 0 24 0 15 72 0 41 60 42 0 109 0 48 99 0 72 72 0 0 11 0 0 0 7 32 0 0 0 108
 0 0 0 13 99 0 95 0 36 0 0 0 0 0 0 0 0 51 85 0 0 0 97 0 100 92 0 0 0 0 0 86 0 34 99 46 25 27 0 99 0 0 0 96
 58 34 0 113 32 17 0 69 119 0 0 0 0 11 29 74 0 0 0 62 44 0 0 0 0 36 0 72 48 0 0 0 0 0 59 0 0 0 0 0 0 0 0 67
 0 96 91 0 0 0 0 0 89 27 95 0 0 0 43 0 0 46 0 0 70 53 0 0 97 43 0 0 0 0 17 6 87 0 0 0 73 45 0 85 0 70 40 68
 65 61 0 0 0 0 0 0 65 0 0 0 0 0 76 0 30 0 43 0 0 15 0 0 61 0 67 0 0 0 95 0 0 52 0 0 38 0 29 0 0 0 0 0
 58 76 0 32 9 0 4 0 46 94 0 0 5 26 95 71 73 0 0 11 0 21 27 0 79 20 0 12 0 6 79 109 0 0 82 41 0 0 58 26 0 0 0 0
 83 57 0 117 82 72 0 60 18 0 98 32 0 76 0 0 98 8 0 0 0 0 92 0 49 64 98 59 9 0 68 18 0 0 0 0 0 0 136 59 76 50 70 67
 92 0 0 0 0 98 111 78 0 0 0 0 39 0 0 0 0 59 25 64 0 0 0 17 35 0 0 65 0 14 19 0 0 36 58 22 92 72 0 94 61 0 0 70
 0 98 77 32 0 0 33 90 0 0 0 53 0 24 91 0 39 27 40 30 63 26 0 0 0 94 0 95 0 19 0 45 0 0 0 0 22 0 11 0 0 49 38 6
 0 0 0 0 0 0 0 0 88 66 0 0 0 73 0 51 0 95 0 0 0 0 0 95 0 68 89 0 22 0 87 35 0 0 77 76 54 0 0 0 0 0 0 0
 44 93 78 0 49 0 0 0 0 82 0 0 0 0 0 0 0 0 0 45 0 0 89 0 0 0 0 0 0 46 46 0 0 0 0 0 0 0 0 0 0 0 0 0
 10 0 0 93 0 0 66 40 81 42 27 26 53 21 41 17 17 41 122 0 43 0 24 22 0 44 0 58 0 27 6 36 0 0 0 61 117 0 0 46 49 0 74 114
 0 0 0 108 0 70 0 5 0 0 26 95 0 82 85 0 56 0 17 57 0 0 0 0 40 34 0 0 0 11 0 65 0 0 0 99 15 0 54 0 0 76 0 0
 48 0 0 43 0 0 0 50 90 98 0 0 0 0 0 0 92 0 89 97 86 0 83 61 0 93 62 96 0 0 0 54 0 0 0 0 0 55 0 9 84 0 22 47
 76 100 0 16 0 57 0 0 18 0 0 42 63 63 100 49 118 39 11 72 0 62 0 0 12 0 0 0 10 0 0 125 0 0 0 0 64 66 0 48 27 0 68 0
 56 22 0 83 83 0 0 54 0 42 57 42 0 36 2 0 19 38 0 0 0 0 0 108 0 0 0 51 96 20 0 17 96 0 90 0 105 27 25 0 37 0 55 67
 40 0 0 26 88 0 0 0 0 0 0 0 85 82 0 0 0 97 0 56 0 0 76 0 0 71 0 0 0 0 0 0 0 0 0 69 58 64 0 0 0 0 0 0
 125 85 0 25 0 0 11 26 0 0 0 15 0 0 71 113 9 125 0 54 87 101 105 61 36 22 94 33 82 117 0 14 0 21 0 14 0 77 70 34 0 60 83 131
 43 0 0 76 70 55 0 0 121 44 0 93 30 98 0 0 0 67 50 0 92 78 0 57 38 60 84 45 52 33 45 51 0 0 0 51 0 66 0 0 0 0 0 0
 26 17 0 0 0 58 105 23 54 34 72 0 26 63 21 0 0 0 79 44 0 36 0 67 0 12 7 43 8 37 0 108 85 14 0 0 0 0 0 0 20 89 13 19
 90 85 0 38 0 0 0 0 26 32 0 54 0 0 67 81 0 19 75 7 0 48 0 100 0 53 0 0 75 73 7 0 0 0 79 0 26 0 0 1 0 66 0 19
 54 0 0 35 0 99 79 0 80 0 0 39 0 0 72 98 0 36 0 0 82 62 0 0 0 70 0 0 18 0 0 0 72 83 86 0 0 0 65 0 0 0 0 0
 0 0 0 0 6 75 14 2 0 49 29 0 109 88 0 37 0 48 0 95 1 74 0 62 18 52 1 48 0 0 0 0 0 0 41 9 17 0 0 0 70 0 65 5
 0 0 92 0 0 88 34 35 81 101 0 3 0 9 59 0 54 31 56 0 0 0 74 0 126 81 77 0 47 47 0 34 0 43 91 56 0 78 0 40 0 0 100 0
 92 14 89 85 0 82 85 29 76 0 0 26 0 0 46 0 0 45 0 20 0 0 0 99 48 110 0 8 0 0 52 4 0 91 90 0 33 80 0 0 34 0 85 2
 0 0 75 0 97 0 0 1 95 0 0 21 75 78 0 98 103 27 91 58 8 0 0 105 39 16 0 24 0 0 0 91 55 19 0 9 60 0 24 0 0 0 0 0
 0 131 68 0 26 20 98 89 95 73 31 71 51 1 59 40 0 41 0 108 106 0 105 0 26 61 11 0 7 18 113 108 0 0 0 0 34 45 37 62 70 0 0 51
 0 0 0 69 120 43 19 69 0 0 48 51 83 0 0 59 69 96 0 3 51 0 0 0 89 21 0 41 0 0 0 9 0 76 0 24 57 0 0 0 60 27 0 61
 90 42 49 0 96 24 0 83 0 0 0 0 0 116 0 0 0 0 0 81 69 0 0 0 127 28 0 82 0 8 0 103 0 66 0 0 38 0 92 0 93 0 0 0
