44
 0 67 49 0 165 76 0 63 149 0 0 0 0 98 0 154 63 9 140 102 98 0 0 108 77 40 88 87 62 81 56 0 0 91 0 118 50 118 102 109 108 112 56 92
 0 0 20 0 72 78 0 0 0 0 0 0 84 0 0 0 0 66 0 0 0 0 131 60 0 0 72 0 0 0 0 0 0 0 0 85 0 0 0 0 0 0 0 0
 0 0 0 0 0 0 0 0 0 52 54 0 132 0 0 181 0 101 89 0 0 0 0 134 0 0 91 0 65 29 52 0 17 0 9 27 0 0 67 0 0 0 0 0
 22 19 121 0 0 0 0 105 0 0 139 164 78 113 68 0 0 32 94 18 0 0 60 80 0 36 77 0 0 0 0 0 35 153 80 0 91 0 0 0 13 40 27 0
 0 0 64 80 0 0 86 0 0 0 3 0 150 0 7 47 81 35 53 96 0 65 0 98 98 0 0 0 0 0 0 0 161 0 0 85 0 90 32 64 0 0 103 0
 0 0 85 60 117 0 0 0 62 0 0 135 0 97 6 27 0 8 33 43 41 0 75 11 87 70 0 0 0 0 155 0 26 34 85 179 178 42 126 23 0 88 0 0
 32 91 1 86 0 88 0 112 47 84 41 0 74 0 0 15 0 122 44 0 96 0 89 0 115 0 16 63 163 100 169 0 0 41 26 34 0 0 0 134 6 161 93 91
 0 96 49 0 68 47 0 0 0 0 0 0 0 0 0 61 0 132 81 0 0 0 7 83 0 67 71 0 0 0 0 0 0 0 55 0 0 47 98 0 0 0 4 33
 0 27 105 92 138 0 0 140 0 0 0 0 95 67 0 61 10 0 0 81 0 0 107 60 0 109 0 0 0 99 0 33 0 105 0 138 42 0 31 0 0 0 79 94
 79 37 0 121 85 58 0 80 40 0 0 0 0 148 65 142 177 75 21 103 124 0 43 87 15 27 60 45 0 64 0 76 41 102 0 0 122 17 31 0 133 117 0 101
 63 0 0 0 0 73 0 43 74 82 0 0 0 0 0 99 0 37 0 0 0 84 0 79 34 97 0 70 0 0 0 87 0 0 0 0 33 0 0 0 0 0 0 34
 58 86 91 0 126 0 69 67 75 18 120 0 0 30 105 166 44 80 0 0 69 51 121 0 0 83 0 0 0 0 0 0 5 0 0 136 81 0 0 0 90 0 86 0
 90 0 0 0 0 81 0 100 0 95 7 61 0 0 49 51 44 42 99 0 0 0 92 0 0 0 0 0 0 52 0 77 75 0 0 0 0 0 0 0 58 89 0 0
 0 40 59 0 139 0 93 168 0 0 72 0 135 0 88 48 0 0 86 0 0 70 74 50 0 0 0 0 0 0 0 0 0 0 28 35 0 0 0 0 0 0 146 53
 40 4 134 0 0 0 38 45 54 0 128 0 0 0 0 0 0 33 0 52 10 0 117 0 0 0 0 76 0 33 79 0 103 97 0 0 0 0 0 0 77 0 0 0
 0 90 0 60 0 0 0 0 0 0 0 0 0 0 50 0 0 0 91 0 0 0 0 0 0 0 0 57 0 0 0 0 0 0 62 0 63 96 0 0 0 93 79 0
 0 134 8 63 0 88 21 5 0 0 101 0 0 22 38 76 0 0 67 0 13 0 0 70 74 6 0 0 80 0 32 79 0 46 0 158 0 0 0 46 0 0 33 0
 0 0 0 0 0 0 0 0 86 0 0 0 0 18 0 16 96 0 0 100 77 0 20 33 0 0 69 0 0 0 63 77 0 0 0 43 0 0 0 95 61 0 0 33
 0 53 0 0 0 0 0 0 29 0 58 84 0 0 79 0 0 31 0 0 0 0 21 51 0 65 0 0 0 0 0 0 0 150 51 106 169 0 0 0 35 0 48 35
 0 107 3 0 0 0 69 57 0 0 26 57 15 27 0 119 87 0 66 0 11 0 83 107 0 139 0 0 0 36 35 0 96 145 117 100 60 0 0 0 0 0 99 14
 0 72 2 93 11 0 0 126 89 0 63 0 95 108 0 98 0 0 24 0 0 0 75 135 0 0 0 0 0 0 0 0 18 38 110 25 85 0 0 0 84 0 3 0
 70 142 124 91 0 3 7 109 44 19 0 0 61 0 45 100 56 52 60 30 26 0 98 83 116 31 64 0 42 35 173 54 63 92 0 94 0 27 142 25 7 5 90 6
 100 0 45 0 65 0 0 0 0 0 44 0 0 0 0 60 43 0 0 0 0 0 0 0 0 0 0 0 94 0 0 0 0 0 0 4 0 0 0 0 0 0 0 0
 0 0 0 0 0 0 41 0 0 0 0 70 31 0 33 50 0 0 0 0 0 0 89 0 0 54 0 0 26 91 0 0 0 0 55 62 36 0 80 0 65 55 1 88
 0 8 105 10 0 0 0 63 43 0 0 105 114 35 60 54 0 11 124 31 85 0 15 74 0 0 174 44 0 0 0 79 102 38 82 5 144 65 129 0 47 0 44 27
 0 66 74 0 94 0 79 0 0 0 0 0 92 53 24 105 0 48 0 0 95 0 84 0 86 0 0 61 0 0 0 0 33 0 158 157 87 92 0 0 79 0 58 0
 0 0 0 0 11 48 0 0 99 0 29 175 18 0 130 15 5 0 69 53 135 0 131 57 0 156 0 0 0 0 5 0 38 115 154 63 75 65 0 0 73 0 157 169
 0 77 107 95 50 93 0 18 61 0 0 26 53 62 0 0 58 111 125 43 105 59 11 109 0 0 127 0 0 18 148 0 0 89 128 0 110 87 142 96 136 70 8 0
 0 85 0 12 45 126 0 62 31 59 101 49 20 73 44 100 0 16 49 188 110 0 0 0 18 103 39 91 0 0 0 0 0 0 0 0 0 89 145 112 0 0 61 98
 0 142 0 11 111 115 0 132 0 0 35 139 0 111 0 95 0 73 69 0 81 0 32 0 81 72 144 0 116 0 0 0 0 72 81 0 20 114 47 27 70 95 68 0
 0 76 0 49 124 0 0 53 37 27 88 102 6 1 0 14 0 0 34 0 64 0 156 121 96 99 0 0 95 75 0 0 181 0 0 23 13 0 0 0 140 0 37 15
 103 21 107 48 79 59 99 87 0 0 0 70 0 141 57 70 0 0 150 11 165 0 145 63 0 158 23 29 95 88 118 0 0 0 0 0 12 151 75 8 56 0 52 115
 63 71 0 0 0 0 43 132 68 0 33 0 0 79 0 11 77 116 18 0 0 0 60 53 0 0 0 96 94 51 0 71 0 90 0 83 0 0 0 0 0 0 0 76
 0 44 9 0 84 0 0 16 0 0 39 49 53 98 0 76 0 95 0 0 0 0 75 5 0 33 0 0 52 0 11 63 0 0 92 6 0 38 0 0 0 68 106 55
 96 75 0 0 86 0 0 0 80 77 85 87 79 0 56 0 62 121 0 0 0 60 98 0 0 0 0 0 100 0 76 78 162 0 0 66 0 0 0 0 0 0 0 0
 0 0 0 74 0 0 0 93 0 73 79 0 4 0 88 19 0 0 0 0 0 0 0 0 0 0 0 86 33 100 0 56 0 0 0 0 0 0 76 0 54 0 0 0
 0 72 99 0 109 0 63 62 0 0 0 0 108 43 66 0 38 52 0 0 0 96 110 0 0 0 0 0 79 0 0 0 126 1 31 44 0 0 0 0 0 0 0 0
 0 52 4 117 0 0 80 0 7 0 57 36 99 89 124 0 52 133 32 139 110 0 67 25 0 0 0 0 0 0 56 0 8 0 121 127 99 0 24 0 0 150 75 0
 0 46 0 15 0 0 60 0 0 0 45 36 75 10 17 6 168 143 113 151 179 0 142 0 0 87 11 0 0 0 24 0 138 127 102 0 126 0 0 0 67 122 98 113
 0 54 88 36 0 0 0 110 55 11 79 107 88 11 3 47 0 0 13 60 171 0 80 116 71 53 16 0 0 0 37 0 66 128 1 76 57 96 78 0 0 0 13 29
 0 3 70 0 59 72 0 72 145 0 57 0 0 133 0 12 90 0 0 33 0 0 8 0 0 0 0 0 91 0 0 0 3 66 179 0 71 43 0 53 0 97 91 93
 0 51 49 0 88 0 0 20 136 0 40 8 0 71 6 0 23 70 13 51 117 0 23 0 100 53 30 0 62 0 128 93 117 0 32 94 137 0 0 123 0 0 29 4
 0 45 100 0 0 47 0 0 0 77 57 0 45 0 38 0 0 82 0 0 0 0 78 0 0 0 0 0 0 0 0 0 94 0 42 128 25 0 0 0 0 0 0 0
 0 16 109 97 12 81 0 0 0 0 0 70 72 0 118 74 69 0 0 0 167 0 46 0 0 125 0 74 0 75 0 0 0 0 108 113 92 28 0 0 0 0 60 0
