44
 0 17 0 0 95 0 20 20 62 84 55 0 0 77 0 0 67 0 90 70 74 0 0 73 0 15 0 99 42 68 0 0 87 0 77 82 72 0 0 0 39 0 64 66
 0 0 79 11 57 0 0 0 50 0 0 0 6 89 3 0 0 5 52 70 0 6 0 0 0 75 45 31 68 4 0 89 16 10 0 0 0 19 8 0 13 0 0 9
 17 0 0 0 70 23 16 0 30 0 0 0 28 0 61 0 0 0 30 3 0 0 0 0 24 0 46 16 0 58 0 69 0 33 5 14 14 0 4 4 5 0 7 0
 15 0 82 0 0 0 60 0 77 0 31 0 0 0 0 0 66 75 0 67 0 44 11 0 63 0 97 90 0 0 0 0 0 0 22 86 0 78 0 0 0 0 0 0
 0 0 0 59 0 20 18 23 36 0 75 14 0 0 0 0 0 0 0 0 62 0 0 0 0 64 0 0 0 72 0 0 0 0 52 0 0 0 0 0 56 0 19 4
 9 78 0 4 0 0 11 0 66 32 16 1 0 33 25 81 59 0 17 66 0 0 6 9 0 0 98 86 18 0 0 87 0 0 0 3 0 0 41 0 13 97 57 0
 0 79 0 0 0 0 0 0 0 14 88 6 78 48 59 65 0 55 80 38 0 37 0 0 56 60 78 0 0 91 0 0 0 47 0 86 0 0 46 0 0 31 0 72
 0 88 92 7 0 71 8 0 0 15 6 24 0 24 0 0 0 0 0 0 0 32 0 62 19 11 0 0 0 0 36 0 71 0 0 0 0 0 14 79 0 0 16 37
 0 0 0 0 0 0 94 84 0 0 3 6 0 79 13 0 0 35 0 62 84 0 0 53 0 73 27 0 61 0 0 66 19 79 1 3 0 98 0 0 94 0 0 0
 0 70 58 67 88 0 0 0 17 0 27 56 38 69 0 0 0 72 0 0 40 0 0 0 57 0 0 98 49 0 0 0 43 73 60 0 69 54 0 0 60 0 0 0
 0 76 52 0 0 0 0 0 0 0 0 85 81 81 0 0 0 82 95 45 38 0 49 89 0 0 94 84 0 0 87 0 0 92 0 0 78 0 13 0 0 0 0 0
 14 34 0 43 0 0 0 0 0 0 0 0 83 0 0 0 0 0 72 62 0 19 0 59 69 0 0 0 0 0 0 63 36 0 91 56 0 0 24 79 77 94 88 71
 44 0 0 12 73 43 0 3 0 0 0 0 0 51 0 0 0 0 0 3 58 0 56 48 26 58 60 31 0 0 0 94 0 24 0 0 0 0 17 0 0 2 37 0
 0 0 94 37 100 0 0 0 0 0 0 34 0 0 21 0 0 5 57 0 16 93 0 0 0 32 0 0 0 0 39 0 20 6 0 0 30 0 0 0 0 88 6 1
 59 0 0 99 52 0 0 51 0 77 44 20 96 0 0 0 0 52 0 57 60 0 0 85 59 13 0 0 0 0 0 0 0 94 63 0 67 0 0 41 0 0 27 0
 26 0 65 42 72 0 0 13 36 45 19 32 73 61 57 0 0 59 10 17 0 0 0 11 28 0 86 0 0 57 44 61 81 0 4 22 76 26 0 0 0 0 25 10
 0 23 65 0 71 0 42 64 17 64 0 5 61 46 25 49 0 14 25 0 34 0 0 0 0 0 0 0 39 75 0 68 0 0 56 0 47 3 12 0 0 53 55 0
 3 0 80 0 32 52 0 74 0 0 0 59 68 0 0 0 0 0 1 74 56 0 22 85 47 56 0 46 19 0 63 53 0 0 98 0 0 1 0 0 80 0 0 0
 0 0 0 97 69 0 0 96 66 28 0 0 69 0 9 0 0 0 0 0 0 96 0 64 0 11 98 82 39 0 0 41 0 0 90 0 0 0 0 0 92 77 0 94
 0 0 0 0 45 0 0 91 0 44 0 0 0 98 0 0 94 0 6 0 63 0 19 0 0 0 27 0 10 0 0 0 16 62 6 17 32 0 0 0 59 81 28 0
 0 71 71 13 0 48 10 84 0 0 0 2 0 0 0 49 0 0 51 0 0 0 34 56 63 39 0 92 0 0 0 0 81 88 49 58 0 54 0 31 0 0 0 70
 15 0 72 0 63 57 0 0 15 10 9 0 61 0 69 95 27 18 0 54 1 0 13 5 0 0 81 67 0 42 0 0 0 0 0 20 0 0 0 0 89 0 0 0
 84 89 56 0 93 0 50 58 75 23 0 11 0 83 96 81 86 0 82 0 0 0 0 53 0 69 61 0 14 97 31 68 96 0 0 93 43 0 0 82 51 43 62 0
 0 58 9 69 42 0 6 0 0 19 0 0 0 64 0 0 61 0 0 47 0 0 0 0 2 42 0 0 39 82 38 0 69 0 0 0 0 0 27 81 0 95 95 0
 16 52 0 0 87 37 0 0 75 0 47 0 0 71 0 0 28 0 72 96 0 79 45 0 0 0 58 0 6 0 4 0 0 0 84 0 69 0 0 41 0 95 0 100
 0 0 11 55 0 84 0 0 0 68 25 15 0 0 0 49 99 0 0 73 0 32 0 0 64 0 94 60 80 0 73 0 0 41 86 0 67 51 0 86 0 16 28 89
 92 0 0 0 44 0 0 46 0 28 0 61 0 28 26 0 29 64 0 0 68 0 0 30 0 0 0 18 0 0 64 49 0 0 0 0 0 64 0 0 0 37 62 1
 0 0 0 0 16 0 18 25 38 0 0 41 0 15 43 6 22 0 0 57 0 0 54 1 16 0 0 0 0 0 0 0 72 0 2 69 0 0 19 55 31 16 0 0
 0 0 77 84 86 0 39 71 0 0 34 26 28 57 21 73 0 0 0 0 93 66 0 0 0 0 38 92 0 0 60 0 67 55 66 0 0 94 0 24 0 0 0 0
 0 0 0 57 0 28 0 12 67 10 38 81 94 10 60 0 0 14 12 55 26 0 0 0 68 81 85 96 7 0 0 86 0 0 8 0 2 19 73 53 0 85 4 15
 22 22 96 18 84 83 41 0 83 75 0 61 100 0 22 0 45 0 14 91 63 22 0 0 0 0 0 71 0 84 0 0 0 0 66 94 28 74 0 24 0 0 0 0
 4 0 0 90 69 0 0 5 0 35 22 0 0 2 3 0 0 0 0 10 26 55 0 0 16 40 0 59 3 0 5 0 9 33 8 0 0 49 0 5 18 0 0 52
 0 0 98 3 93 60 47 0 0 0 21 0 95 0 26 0 56 27 8 0 0 75 0 0 69 47 73 0 0 95 5 0 0 70 0 0 47 0 0 0 86 75 18 0
 60 0 0 36 66 40 0 96 0 0 0 10 0 0 0 82 6 40 78 0 0 42 10 24 5 0 86 20 0 91 8 0 0 0 0 50 6 0 69 63 0 53 14 9
 0 75 0 0 0 79 42 72 0 0 41 0 31 41 0 0 0 0 0 0 0 64 50 67 0 0 48 0 0 0 0 0 79 68 0 65 17 7 15 13 0 0 67 0
 0 77 0 0 97 0 0 61 0 3 30 0 24 97 56 0 100 61 39 0 0 0 0 85 34 101 89 0 61 96 0 0 3 0 0 0 6 0 0 0 0 0 55 0
 0 73 0 64 79 81 0 35 0 0 0 46 63 0 0 0 0 21 46 0 86 98 0 52 0 0 71 69 40 0 0 83 0 0 0 0 0 0 22 0 63 0 38 97
 97 0 0 0 85 65 96 71 0 0 38 26 58 88 15 0 0 0 49 62 0 70 79 92 41 0 0 53 0 0 0 0 63 93 0 52 50 0 44 0 0 90 32 0
 51 0 0 56 98 0 0 0 0 73 0 0 0 45 69 40 0 99 73 80 98 97 83 0 20 52 71 0 12 0 68 91 56 0 0 79 0 0 0 88 83 0 0 44
 14 58 0 7 40 91 53 0 92 12 24 0 2 82 0 15 14 19 51 2 0 34 0 0 0 0 89 0 0 0 0 0 49 0 0 16 6 73 0 0 82 70 0 3
 0 0 0 13 0 0 50 30 0 0 27 0 57 26 53 34 48 0 0 0 59 0 0 46 19 44 55 0 73 95 13 0 0 19 37 75 0 34 0 0 0 57 0 0
 43 86 99 52 39 0 0 70 56 29 0 0 0 0 69 6 0 82 0 0 65 71 0 0 0 0 0 0 34 0 22 0 0 0 32 26 12 0 27 0 0 0 0 0
 0 72 0 88 0 0 20 0 100 52 0 0 0 0 0 0 0 100 87 0 45 23 0 0 38 0 0 68 20 0 38 64 0 0 0 0 0 0 37 46 60 100 0 95
 0 0 82 53 0 12 0 0 95 23 35 0 35 0 31 0 41 2 0 94 0 36 15 63 0 0 0 72 7 0 95 0 68 0 6 49 0 26 0 0 26 100 0 0
