44
 0 0 0 97 0 0 0 97 0 78 11 74 88 0 0 0 37 24 78 39 0 28 0 0 0 0 0 32 0 56 8 0 41 0 8 0 66 0 100 70 33 70 81 0
 74 0 91 0 40 23 97 37 27 0 24 0 74 61 0 0 0 49 94 87 0 0 0 75 0 0 0 46 9 0 0 70 89 0 0 0 0 0 82 17 0 0 0 53
 31 0 0 83 0 9 66 7 27 72 25 68 0 30 0 0 0 27 73 40 0 0 76 0 14 22 0 0 0 96 47 0 31 0 0 35 0 0 0 0 0 0 11 22
 0 11 0 0 22 0 0 5 106 40 9 66 0 32 68 10 58 0 0 0 94 85 30 47 0 13 0 25 0 7 0 0 74 0 44 0 33 98 22 0 8 0 9 0
 34 0 68 0 0 78 0 20 0 33 73 0 0 62 7 0 0 42 0 0 35 7 0 89 25 37 6 4 20 35 49 0 48 6 0 15 65 105 27 0 12 23 29 83
 96 0 0 54 0 0 0 0 0 0 53 0 0 0 100 0 0 0 0 68 0 0 33 0 0 0 46 0 0 0 0 39 77 72 0 0 0 20 92 0 11 96 0 37
 41 0 0 74 87 54 0 15 0 0 15 27 0 34 15 0 0 0 52 7 0 6 0 61 0 20 0 0 28 0 4 36 0 12 103 0 11 0 81 5 103 6 0 0
 0 0 0 0 0 2 0 0 64 46 0 6 0 0 0 0 39 59 0 0 0 0 0 0 23 0 0 73 21 0 35 35 0 81 29 0 0 0 95 86 9 0 24 0
 92 0 0 0 18 74 67 0 0 0 91 0 71 0 0 93 0 68 90 67 0 0 0 47 64 0 0 0 0 0 0 0 0 60 16 0 0 0 75 41 0 81 0 78
 0 86 0 0 0 30 49 0 37 0 72 78 0 74 0 0 0 57 0 17 0 0 0 0 0 0 0 0 99 0 2 26 0 0 0 0 0 0 64 64 66 37 77 82
 0 0 0 0 0 0 0 79 0 0 0 76 0 75 0 0 47 0 95 66 0 57 30 0 65 30 0 91 100 0 50 6 0 0 91 0 99 0 60 37 0 81 45 27
 0 0 0 0 90 3 0 0 50 0 0 0 0 0 99 0 0 99 0 35 30 0 95 79 76 0 5 49 0 86 32 0 0 0 4 0 83 0 53 96 73 0 0 0
 0 0 0 97 53 16 55 20 0 51 76 38 0 0 0 0 85 79 0 0 0 101 19 0 11 0 0 32 3 0 98 10 69 56 0 2 14 0 40 0 0 13 9 70
 79 0 0 0 0 58 0 49 58 0 0 62 56 0 0 95 0 52 56 8 0 11 0 0 47 0 64 22 31 17 11 24 0 0 46 0 0 0 0 0 0 0 0 52
 6 18 44 0 0 0 0 95 9 7 78 0 66 34 0 71 0 1 0 0 50 12 0 0 0 0 0 71 0 71 0 37 90 0 1 0 83 0 77 0 28 0 0 0
 30 10 5 0 93 61 96 35 0 77 26 9 43 0 0 0 0 8 3 0 23 0 17 0 0 8 0 77 31 0 79 0 0 70 0 0 0 0 0 0 0 0 59 0
 0 27 34 0 0 7 3 0 46 95 0 10 0 14 11 106 0 25 75 26 0 100 16 21 0 47 0 0 15 0 0 16 16 0 67 0 46 0 78 0 8 51 16 30
 0 0 0 56 0 9 62 0 0 0 9 0 0 0 0 0 0 0 0 44 0 40 0 0 0 31 0 76 0 0 0 0 0 95 0 0 29 27 0 97 0 18 0 25
 0 0 0 96 82 0 0 95 0 72 0 62 37 0 17 0 0 8 0 0 49 26 71 0 4 0 71 0 0 15 56 0 0 0 0 70 98 61 0 53 0 72 0 22
 0 0 0 61 93 0 0 43 0 0 0 0 31 0 50 24 0 0 89 0 0 100 0 35 43 24 0 0 81 0 0 0 0 0 0 0 0 66 71 0 0 50 0 0
 29 97 63 0 0 48 79 85 32 33 65 0 66 0 0 0 91 48 0 87 0 0 0 92 31 0 0 63 58 72 11 0 0 87 0 0 33 77 76 0 27 95 0 69
 0 84 66 0 0 95 0 87 33 87 0 18 0 0 0 63 0 0 0 0 20 0 6 95 0 0 0 0 76 0 88 7 0 0 0 0 58 0 0 0 0 80 0 0
 38 97 0 0 95 0 49 32 78 53 0 0 0 40 19 0 0 21 0 34 47 0 0 0 5 17 93 0 25 0 16 85 0 34 24 0 0 0 0 0 0 21 0 0
 79 0 67 0 0 11 0 9 0 20 7 0 48 21 7 95 0 17 44 0 0 0 75 0 22 0 82 79 48 0 0 0 0 13 0 0 0 32 0 25 28 28 0 55
 62 89 0 96 0 44 14 0 0 59 0 0 0 0 56 33 89 39 0 0 0 29 0 0 0 0 0 84 0 100 0 0 0 29 0 0 51 0 0 0 0 26 0 80
 0 46 0 0 0 33 0 31 29 70 0 23 66 24 91 0 0 0 33 0 10 62 0 96 47 0 0 0 0 0 89 73 88 0 33 0 0 85 86 0 0 18 0 99
 89 31 22 53 0 0 91 81 53 33 3 0 27 0 46 81 77 3 0 15 4 72 0 0 28 63 0 46 9 11 0 28 82 0 40 0 58 100 79 54 97 0 0 47
 0 0 15 0 0 2 35 0 44 40 0 0 0 0 0 0 41 0 17 23 0 21 40 0 0 29 0 0 71 22 72 86 0 0 0 49 0 0 18 0 0 4 28 18
 21 0 77 95 0 40 0 0 38 0 0 77 0 0 39 0 0 86 95 0 0 0 0 0 57 58 0 0 0 0 0 23 0 0 0 62 0 0 91 0 15 0 30 0
 0 77 0 0 0 69 80 41 13 75 31 0 63 0 0 0 61 35 0 78 0 46 87 9 0 76 0 0 99 0 86 41 77 63 0 0 0 0 18 0 82 0 74 80
 0 63 0 86 0 31 0 0 17 0 0 0 0 0 73 0 87 57 0 96 0 0 0 51 92 0 83 0 90 0 0 8 51 0 0 0 0 61 0 0 0 3 0 85
 48 0 91 79 77 0 0 0 49 0 0 22 0 0 0 31 0 67 89 45 91 0 0 82 34 0 0 0 0 0 0 0 42 0 49 0 0 0 99 0 40 65 0 69
 0 0 0 0 0 0 114 68 56 55 33 36 0 75 0 76 0 4 42 51 35 103 23 100 21 0 0 19 27 0 0 0 0 0 57 0 0 1 39 0 74 0 25 39
 107 30 37 57 0 0 0 0 0 9 92 3 0 0 49 0 34 0 72 32 0 0 0 0 0 98 29 0 33 0 2 74 85 0 39 0 0 0 64 45 47 23 24 54
 0 81 88 0 21 42 0 0 0 95 0 0 32 0 0 46 0 93 55 67 87 0 0 91 100 0 0 46 70 6 65 0 0 0 0 0 0 0 34 0 67 0 83 0
 15 100 0 70 0 35 99 87 67 9 7 20 0 68 1 83 22 27 0 48 57 18 69 81 45 78 49 0 0 0 49 38 58 100 25 0 0 95 0 0 15 10 84 0
 0 23 95 0 0 65 0 4 31 27 0 0 0 8 0 89 0 0 0 103 0 0 78 75 0 27 0 84 50 70 9 26 64 89 12 18 0 0 110 21 64 64 2 17
 1 18 54 0 0 0 77 79 28 36 37 41 85 55 7 34 55 0 0 0 0 69 2 0 74 0 0 106 85 59 0 98 0 25 86 0 8 0 65 61 21 55 106 0
 0 0 24 0 0 0 0 0 0 0 0 0 0 43 0 91 0 17 10 0 0 67 38 16 69 0 0 0 0 0 14 0 0 0 0 61 0 0 0 0 68 0 49 0
 0 0 95 83 93 56 0 0 0 0 0 0 64 92 71 87 84 0 0 1 58 19 95 0 30 94 0 84 21 99 25 82 75 0 1 90 0 0 90 0 0 43 32 49
 0 98 80 0 0 0 0 0 54 0 65 0 47 48 0 72 0 36 52 7 0 11 15 0 2 11 0 34 0 0 26 0 0 0 0 0 0 0 0 50 0 49 97 0
 0 71 49 61 0 0 0 100 0 0 0 74 0 76 66 38 0 0 0 0 0 0 0 0 0 0 32 0 72 46 0 0 48 0 13 0 0 0 38 0 0 0 0 60
 0 28 0 0 0 43 94 0 7 0 0 94 0 55 97 0 0 70 12 39 24 68 63 38 40 46 72 0 0 0 91 86 0 0 0 0 0 0 0 0 0 32 0 0
 92 0 0 59 0 0 43 63 0 0 0 24 0 0 38 75 0 0 0 18 0 84 19 0 0 0 0 0 100 0 0 0 0 0 20 94 0 44 5 0 84 0 84 0
