40
 0 0 0 0 0 0 47 0 0 27 0 21 89 98 22 0 36 84 45 0 28 140 90 0 0 0 0 38 0 27 0 0 42 7 0 0 63 0 65 0
 5 0 0 86 16 0 0 0 2 0 86 0 50 0 34 63 50 0 0 0 0 30 0 0 0 0 0 124 39 0 76 0 0 43 0 45 0 0 0 0
 96 18 0 59 23 99 16 0 33 0 0 0 0 0 52 108 0 0 109 46 0 53 0 0 0 0 0 0 0 57 91 0 80 0 0 26 3 18 54 0
 10 0 0 0 65 51 54 54 55 53 0 4 126 83 0 17 47 0 9 110 0 52 0 0 125 0 0 3 30 19 0 0 29 28 0 48 0 103 76 111
 67 0 0 0 0 98 0 65 21 0 0 119 0 0 82 0 0 0 0 0 77 0 0 0 0 63 99 0 16 65 0 73 66 69 51 51 0 83 19 0
 30 103 0 0 0 0 0 0 66 63 10 75 106 0 12 0 90 0 39 92 24 0 78 0 70 0 0 79 3 89 46 0 0 53 43 23 69 86 0 0
 0 88 0 0 83 31 0 45 0 0 0 0 0 0 47 46 0 0 0 41 0 28 0 0 0 0 62 0 40 0 0 0 79 95 64 33 0 0 0 0
 64 99 21 0 0 105 0 0 0 2 52 83 0 0 0 0 23 34 15 0 49 62 55 57 73 0 0 104 0 0 0 0 35 0 27 34 25 38 0 113
 107 0 0 0 0 0 0 77 0 0 71 122 68 0 0 0 0 0 5 58 0 15 0 18 94 0 0 27 109 87 0 0 0 64 34 42 18 0 67 0
 0 39 39 0 45 0 7 0 74 0 0 0 59 66 0 46 117 27 16 66 59 95 0 0 82 0 0 27 8 2 10 86 3 71 20 0 63 55 0 70
 118 0 10 68 62 0 27 0 0 87 0 0 0 70 0 34 0 0 0 38 0 0 49 0 78 0 0 50 0 47 0 60 30 0 10 63 0 59 0 0
 0 28 79 0 0 0 73 0 0 58 87 0 0 71 0 0 83 89 31 0 1 0 0 0 17 0 0 0 0 0 34 0 59 0 0 0 0 116 40 0
 0 0 100 0 60 0 65 90 0 0 46 67 0 68 0 0 0 0 133 49 0 0 0 93 0 0 32 0 0 0 88 0 51 48 87 0 69 84 40 0
 0 31 26 0 75 70 128 98 27 0 0 0 0 0 42 65 14 31 0 48 71 48 27 65 63 40 11 0 19 0 0 68 78 0 62 0 65 67 35 88
 0 0 0 73 0 0 0 27 75 92 45 73 52 0 0 0 94 0 18 0 0 0 96 60 0 0 74 0 0 28 95 0 0 0 0 80 0 86 0 0
 33 0 0 0 80 61 0 99 86 0 0 9 89 0 37 0 93 0 0 0 36 66 0 98 0 0 0 0 0 95 0 0 43 0 0 0 23 36 0 0
 0 0 5 0 29 0 66 0 24 0 69 0 35 0 0 0 0 0 0 108 60 0 0 61 115 0 0 0 28 0 0 0 94 0 77 89 0 21 0 0
 0 68 28 88 23 34 52 0 67 0 84 0 13 0 2 35 30 0 44 30 0 97 0 11 64 0 0 24 82 31 0 0 37 2 62 14 3 121 0 0
 0 83 0 0 94 0 93 0 0 0 28 0 0 0 0 71 32 0 0 0 17 0 0 0 0 0 85 0 92 0 78 0 0 0 0 97 0 48 0 0
 65 78 0 0 74 0 0 54 0 0 0 58 0 0 35 51 0 0 47 0 7 0 82 0 3 44 0 0 0 92 0 60 0 11 0 85 73 37 0 0
 0 80 70 80 0 0 86 0 58 0 19 0 0 0 6 0 0 81 0 0 0 0 96 0 60 0 0 49 0 39 0 0 0 0 0 0 0 0 86 78
 0 0 0 0 2 0 0 0 0 0 70 53 5 0 3 0 53 0 71 90 0 0 97 0 67 0 0 0 0 0 0 0 0 30 79 0 46 8 0 88
 0 1 8 6 118 0 37 0 20 19 0 44 33 0 0 68 64 8 14 0 0 0 0 62 0 0 0 0 57 0 35 56 50 0 0 0 29 17 55 0
 97 65 32 46 90 71 80 0 0 82 90 126 0 0 0 0 0 0 0 58 96 47 0 0 41 100 0 0 19 62 70 0 0 76 0 0 0 0 0 0
 90 81 30 0 58 0 63 0 0 0 0 0 109 0 116 74 0 0 65 0 0 0 94 0 0 58 67 79 0 0 0 0 88 34 0 0 0 83 92 0
 110 32 25 2 0 15 75 77 14 2 58 7 53 0 102 26 63 28 66 0 70 84 53 0 0 0 0 49 0 71 37 26 94 18 9 51 0 0 28 96
 68 51 25 21 0 101 0 0 122 70 46 101 0 0 0 10 6 77 0 98 96 41 35 57 0 44 0 0 0 61 0 5 0 76 0 94 0 0 35 0
 0 0 69 0 83 0 28 0 0 0 0 8 85 99 112 104 95 0 138 14 0 12 94 68 0 0 26 0 24 0 64 0 0 122 0 0 18 0 0 0
 77 0 49 0 0 0 0 48 0 0 88 117 15 0 2 76 0 0 0 72 46 48 0 0 80 68 43 0 0 0 77 79 0 82 0 0 0 0 0 0
 0 92 0 0 0 0 92 56 0 0 0 6 26 63 0 0 37 0 0 0 0 42 0 0 110 0 0 134 99 0 0 0 31 1 98 0 37 0 99 0
 4 0 0 84 19 0 7 98 12 0 98 0 0 91 0 111 33 14 0 37 104 7 0 0 75 0 70 0 0 84 0 3 88 59 0 7 0 0 0 0
 22 16 78 11 0 98 48 95 108 0 0 97 101 0 106 32 33 86 122 0 22 21 0 11 43 0 0 51 0 36 0 0 0 89 0 0 85 0 0 51
 0 23 0 0 0 0 0 0 0 0 0 0 0 0 48 0 0 0 52 43 20 24 0 51 0 0 15 7 5 0 0 69 0 27 0 7 0 0 0 0
 0 0 89 0 0 0 0 65 0 0 92 23 0 53 50 57 52 0 25 0 42 0 83 0 0 0 0 0 0 0 0 0 0 0 0 0 0 0 0 0
 77 22 14 60 0 0 0 0 0 0 0 117 0 0 42 31 0 0 35 7 24 0 97 89 125 0 94 19 22 0 82 92 95 19 0 0 63 45 0 0
 44 0 0 0 0 0 0 0 0 95 0 57 39 39 0 42 0 0 0 0 54 75 50 61 31 0 0 119 130 59 0 74 0 82 76 0 0 0 0 67
 0 56 0 99 88 0 65 0 0 0 84 86 0 0 60 0 63 0 99 0 45 0 0 78 20 96 32 0 23 0 94 0 95 61 0 81 0 0 0 0
 55 12 0 0 0 0 94 0 48 0 0 0 0 0 0 0 0 0 0 0 14 0 0 99 0 67 64 100 76 27 0 49 36 73 0 59 29 0 0 0
 0 9 0 0 0 74 81 0 0 38 99 0 0 0 6 27 68 81 30 17 0 41 0 17 0 0 0 73 18 0 40 33 75 79 28 45 73 23 0 41
 18 57 28 0 98 105 0 0 62 0 75 41 13 0 43 82 60 50 36 61 0 0 24 19 13 0 23 30 46 88 29 0 70 2 87 0 85 4 0 0
