44
 0 0 0 0 0 0 0 0 80 0 0 15 0 0 0 47 0 0 0 0 91 0 76 0 0 95 0 0 65 0 13 0 54 10 0 0 0 42 0 56 48 0 0 88
 101 0 0 93 69 67 90 0 74 99 74 64 28 33 0 0 0 83 0 0 0 0 0 0 0 0 71 55 0 76 59 0 0 14 0 0 73 86 96 0 0 0 0 0
 53 61 0 0 35 9 0 0 0 0 9 5 0 0 0 0 76 0 22 0 0 56 0 0 0 92 0 70 66 20 0 0 7 0 0 0 27 0 0 9 0 75 0 113
 14 0 38 0 0 0 0 0 80 0 65 0 0 10 14 0 6 4 0 0 24 89 0 34 0 0 34 16 42 47 17 0 78 0 16 68 36 66 0 0 0 0 0 0
 55 0 0 95 0 33 61 0 0 0 42 27 0 20 0 0 79 95 0 0 0 0 0 28 0 0 0 57 0 0 8 0 66 0 0 86 79 0 0 85 0 89 0 0
 45 0 0 61 0 0 0 0 0 0 0 66 0 60 0 0 0 49 0 0 69 48 0 0 58 0 67 0 0 38 0 0 0 89 36 0 0 81 0 0 0 0 92 0
 102 0 41 17 0 93 0 0 44 23 15 69 22 54 18 0 28 0 61 17 63 8 0 31 52 17 0 0 0 23 24 0 0 0 0 7 0 0 0 0 0 98 94 3
 87 27 55 74 5 61 83 0 23 0 15 43 0 0 0 0 28 30 0 80 47 0 0 38 38 0 0 54 0 81 0 0 61 0 0 0 0 76 84 55 0 0 0 40
 0 0 22 0 62 54 0 0 0 0 0 0 0 0 38 92 0 0 83 0 36 0 69 4 46 69 0 0 0 85 0 82 0 0 49 0 0 65 0 0 14 0 0 79
 55 0 73 61 61 8 0 86 42 0 0 30 0 60 19 14 0 100 0 0 0 0 0 13 0 0 14 0 0 0 0 0 52 111 0 0 6 0 91 89 67 84 96 67
 24 0 0 0 0 38 0 0 38 6 0 90 0 0 0 18 22 0 93 0 64 73 0 71 0 0 0 0 25 0 65 0 70 0 0 95 0 100 72 60 0 83 0 25
 0 0 0 15 0 0 0 0 0 0 0 0 44 0 85 58 0 0 0 0 0 0 0 55 85 0 90 75 0 92 0 96 0 0 52 50 29 0 92 0 0 63 0 0
 35 0 18 67 21 10 0 48 93 37 30 0 0 0 0 24 0 0 6 0 43 35 0 98 10 0 0 23 0 50 0 12 0 44 38 0 0 0 0 0 0 78 0 0
 35 0 39 0 0 0 0 39 82 0 73 29 75 0 25 41 90 0 79 0 81 0 0 0 0 76 88 0 0 0 0 0 0 38 0 0 0 83 51 96 0 0 81 0
 103 103 89 0 83 52 0 70 0 0 74 0 14 0 0 0 0 0 8 38 0 0 37 0 0 0 0 89 51 73 55 0 0 16 0 52 0 0 0 48 0 0 0 67
 0 39 89 54 48 69 52 30 0 0 0 0 0 0 58 0 90 0 0 96 60 0 0 38 16 0 63 47 0 0 50 0 15 40 0 85 89 0 0 0 33 49 0 56
 44 10 0 0 0 89 0 0 73 29 0 63 35 0 41 0 0 30 0 0 79 0 73 7 39 52 36 0 0 36 56 0 85 16 61 21 91 0 0 72 21 0 87 82
 86 0 71 0 0 0 76 0 54 0 94 40 43 24 55 84 0 0 0 0 58 52 0 35 0 0 0 75 93 0 27 0 0 15 56 0 0 82 42 99 56 0 0 0
 17 68 0 62 79 86 0 9 0 99 0 70 0 0 0 100 32 60 0 0 0 0 0 0 0 88 0 52 91 0 46 0 28 0 43 80 0 97 0 84 0 0 0 0
 3 23 76 0 66 89 0 0 25 72 75 20 55 14 0 0 84 18 78 0 0 0 55 0 0 42 58 87 0 0 0 90 0 13 6 29 0 7 0 0 63 0 23 16
 0 15 54 0 39 0 0 0 0 0 0 12 0 0 2 0 0 0 98 74 0 0 0 9 0 96 0 0 77 19 0 0 0 10 0 85 65 0 80 0 0 0 66 74
 49 62 0 0 50 0 0 46 101 19 0 84 0 4 56 9 59 0 38 36 16 0 7 0 30 34 35 34 53 30 90 22 0 9 10 26 0 0 0 0 39 0 0 15
 0 88 18 88 73 6 63 5 0 42 23 13 18 71 0 5 0 22 61 0 32 0 0 0 25 34 13 39 11 32 80 79 2 0 34 90 0 0 59 0 24 16 0 30
 81 100 69 0 0 56 0 0 0 0 0 0 0 102 74 0 0 0 69 69 0 92 51 0 0 0 0 0 0 0 33 0 0 24 0 0 0 0 0 0 0 73 88 0
 50 68 82 56 66 0 0 0 0 90 52 0 0 19 15 0 0 95 65 21 90 0 0 87 0 0 0 0 30 95 0 0 0 0 31 0 62 91 0 62 83 0 0 67
 0 1 0 0 17 3 0 97 0 20 70 17 32 0 35 26 0 93 0 0 0 0 0 52 75 0 0 35 0 0 0 0 0 86 84 0 79 0 0 0 75 93 0 29
 30 0 46 0 101 0 69 68 19 0 84 0 23 0 14 0 0 4 84 0 11 0 0 33 54 72 0 0 0 0 0 0 0 84 0 0 29 91 0 0 82 0 23 37
 69 0 0 0 0 5 98 0 84 18 57 0 0 21 0 0 12 0 0 0 39 0 0 12 68 0 73 0 0 4 0 0 0 109 83 54 0 0 0 0 73 81 99 0
 0 33 0 0 65 78 74 61 72 3 0 63 37 97 0 94 51 0 0 48 0 0 0 24 0 3 18 66 0 0 24 67 26 0 86 86 0 0 0 65 42 0 0 85
 32 0 0 0 6 0 0 0 0 44 49 0 0 33 0 51 0 23 75 68 0 0 0 90 0 5 65 0 44 0 100 84 0 0 91 0 0 0 0 0 0 0 0 60
 0 0 65 0 0 70 0 29 44 50 0 28 57 61 0 0 0 0 0 47 67 0 0 0 32 71 27 35 0 0 0 39 97 75 0 0 0 0 0 0 93 0 0 0
 102 93 35 40 46 27 44 62 0 2 26 0 0 58 8 45 27 23 67 0 24 0 0 54 30 1 59 45 0 0 0 0 0 73 0 76 0 106 73 56 0 89 0 63
 0 51 0 0 0 65 73 0 1 0 0 55 74 2 101 0 0 40 0 99 66 86 0 29 55 7 4 81 0 0 0 59 0 30 55 49 69 0 0 0 0 0 0 5
 0 0 46 37 64 0 83 63 61 0 79 40 0 0 0 0 0 0 73 0 0 0 87 0 91 0 0 0 67 84 0 0 0 0 0 0 47 0 82 0 95 68 92 0
 54 80 72 0 86 0 44 27 0 76 52 0 0 34 96 25 0 0 0 0 55 0 0 15 0 0 29 0 0 0 1 53 0 27 0 0 84 69 0 0 93 67 0 73
 27 46 47 0 0 107 0 65 27 112 0 0 92 16 0 0 0 85 0 0 0 0 0 34 98 58 55 0 0 87 101 0 0 3 5 0 53 0 0 87 12 0 81 0
 2 0 0 0 0 43 87 3 108 0 93 0 95 47 29 0 0 12 21 73 0 43 34 17 0 0 0 33 67 74 9 38 0 0 0 0 0 57 0 0 0 0 0 74
 0 0 61 0 29 0 52 0 0 7 0 2 66 0 4 26 49 0 0 0 3 40 79 1 0 3 0 97 67 67 5 0 57 62 0 6 0 0 0 0 0 92 100 33
 3 0 40 39 34 31 74 0 42 0 0 0 7 0 30 42 56 0 67 43 0 20 0 71 31 36 7 24 10 78 14 0 58 0 67 32 53 2 0 0 8 0 75 0
 0 39 0 52 0 96 39 0 88 0 0 33 3 0 0 89 0 0 0 28 49 31 46 55 0 49 86 113 0 29 36 0 65 24 18 0 40 64 48 0 0 0 0 0
 0 41 87 100 0 67 96 73 0 0 59 104 47 37 3 0 0 0 39 0 18 0 0 84 0 0 0 0 0 63 0 76 64 0 0 0 61 97 0 66 0 0 0 0
 61 15 0 95 0 22 0 24 85 0 0 0 0 71 26 0 53 51 29 17 40 66 0 0 84 0 3 0 65 21 63 0 13 0 0 50 33 0 26 91 10 0 67 9
 38 78 34 30 77 0 0 26 54 0 50 40 2 0 1 62 0 18 48 0 0 103 57 0 68 44 0 0 30 40 7 13 10 0 5 0 5 0 0 80 11 0 0 0
 0 66 0 86 37 4 0 0 0 0 0 42 67 3 0 0 0 42 31 0 0 0 0 64 0 0 0 92 0 0 8 0 0 24 0 90 0 0 83 72 87 0 53 0
