44
 0 0 0 0 95 30 0 0 31 0 138 51 46 0 0 0 0 84 53 0 0 37 0 106 0 75 46 0 0 46 52 0 52 0 20 0 0 43 99 84 0 0 0 90
 25 0 13 0 0 128 0 0 117 7 0 88 59 125 0 0 0 13 80 69 36 71 0 0 81 125 95 22 37 42 103 0 111 0 5 77 31 124 0 114 0 0 101 23
 3 0 0 0 0 120 59 64 11 90 0 25 0 85 39 84 6 0 0 0 20 0 0 64 132 109 14 10 48 0 0 58 44 0 0 58 0 46 0 0 0 2 0 36
 79 31 116 0 0 28 0 24 0 126 20 0 31 121 20 0 0 71 49 96 80 112 0 127 0 79 4 0 30 38 0 26 18 63 0 0 68 21 16 23 94 0 63 0
 0 69 87 2 0 0 0 20 0 94 114 98 129 111 0 55 97 0 0 0 0 0 77 0 0 11 50 62 0 58 31 54 115 72 0 0 37 0 20 0 116 90 24 13
 0 0 0 0 42 0 0 0 0 0 60 34 0 0 102 23 43 31 0 96 22 0 0 73 3 60 0 0 77 0 53 0 35 25 19 0 0 0 0 0 0 98 65 0
 13 118 0 8 82 41 0 95 66 33 64 85 0 53 0 0 0 0 63 0 52 64 81 69 0 96 47 8 0 69 32 44 17 32 0 9 57 12 63 17 102 95 0 36
 119 0 0 0 0 69 0 0 93 0 0 36 0 1 4 0 66 46 0 66 0 81 15 0 0 24 0 12 0 0 114 107 45 58 0 0 98 84 0 90 3 0 56 0
 0 0 0 67 38 42 0 0 0 0 0 0 0 68 55 57 0 26 0 76 66 44 93 52 0 0 22 0 64 0 0 0 0 0 40 0 0 0 76 0 0 0 106 0
 91 0 0 0 0 78 0 4 36 0 35 24 91 94 0 25 3 109 16 104 26 35 85 0 0 138 0 70 19 53 37 0 0 0 42 0 0 6 0 19 4 96 0 0
 0 93 91 0 0 0 0 100 37 0 0 7 20 0 0 5 10 111 0 84 0 94 90 44 0 0 65 0 99 0 39 0 129 0 53 0 67 65 0 14 0 0 81 89
 0 0 0 13 0 0 0 0 93 0 0 0 89 101 83 0 0 0 0 66 0 0 0 4 96 17 0 0 0 85 29 48 107 69 72 64 0 0 38 61 0 0 0 28
 0 0 78 0 0 0 92 57 77 0 0 0 0 48 118 26 69 0 99 0 76 0 0 0 101 4 103 3 31 0 0 18 0 0 6 55 0 0 55 34 0 0 134 0
 82 0 0 0 0 24 0 0 0 0 46 0 0 0 44 57 0 0 0 88 0 0 0 58 0 48 70 0 57 0 8 99 38 93 0 99 91 0 0 0 0 82 99 0
 76 94 0 0 99 0 97 0 0 93 58 0 0 0 0 0 85 75 0 0 39 73 60 13 0 0 0 0 0 0 124 77 18 93 0 76 0 71 45 22 0 0 0 96
 52 69 0 67 0 0 17 61 0 0 0 12 0 0 83 0 0 0 0 74 0 72 74 13 52 0 0 0 0 0 24 0 38 70 78 0 0 57 0 25 98 60 6 39
 97 54 0 53 0 0 84 0 88 0 0 1 0 36 0 89 0 0 95 0 0 5 0 18 59 0 12 77 0 76 134 0 34 0 0 0 0 62 0 89 0 0 144 0
 0 0 59 0 52 0 87 0 0 0 0 124 74 25 0 64 73 0 0 59 0 0 0 31 18 0 7 13 22 38 0 0 102 0 108 72 0 0 0 78 28 0 102 83
 0 0 72 0 93 9 0 70 49 0 93 20 0 20 24 2 0 68 0 92 0 113 0 33 56 0 11 0 0 0 0 0 53 0 0 0 93 101 0 0 0 0 0 89
 88 0 97 0 88 0 39 0 0 0 0 0 59 0 33 0 28 0 0 0 0 122 56 0 31 0 77 0 0 0 76 0 0 0 46 94 0 0 0 0 0 66 16 0
 79 0 0 0 30 0 0 93 0 0 54 105 0 10 0 73 49 32 5 92 0 0 54 0 128 35 115 27 0 91 8 69 0 0 55 0 0 0 10 107 25 0 0 99
 0 0 20 0 0 72 0 0 0 0 0 66 100 55 0 0 0 65 0 0 80 0 0 0 0 79 0 0 89 0 49 0 0 0 12 0 0 0 85 58 26 90 0 38
 79 90 17 77 0 55 0 0 0 0 0 6 94 45 0 0 17 16 84 0 0 90 0 0 58 91 25 0 0 0 69 0 80 75 71 0 84 0 0 76 0 27 112 0
 0 67 0 0 67 0 0 53 0 95 0 0 97 0 0 0 0 0 0 40 87 126 71 0 0 0 0 0 0 0 0 0 0 0 0 0 0 0 0 124 0 0 72 0
 42 0 0 71 73 0 0 22 83 51 62 0 0 115 44 0 0 0 0 0 0 10 0 40 0 0 14 0 79 0 59 56 0 0 114 0 42 0 0 0 0 0 0 0
 0 0 0 0 0 0 0 0 75 0 85 0 0 0 80 16 56 79 78 28 0 0 0 55 55 0 0 0 90 87 117 0 105 0 35 0 0 0 0 17 0 40 0 0
 0 0 0 0 0 91 0 60 0 0 0 113 0 0 58 63 0 0 0 0 0 12 0 56 0 84 0 0 0 0 0 0 31 0 48 0 0 37 70 136 0 0 0 0
 19 0 0 11 0 45 0 0 45 0 86 73 0 58 91 32 0 0 76 7 0 68 18 22 4 47 27 0 87 0 0 0 2 36 31 74 0 0 13 0 0 0 0 0
 25 0 0 0 100 0 0 95 0 0 0 66 0 0 7 140 76 0 30 55 24 0 74 34 0 0 40 0 0 76 73 128 0 0 74 0 0 0 127 0 0 0 0 0
 0 0 54 0 0 76 0 49 87 0 100 0 6 41 50 17 0 0 14 37 0 45 32 97 5 0 99 14 0 0 0 0 0 0 0 0 0 75 19 26 46 7 80 0
 0 0 77 68 0 0 0 0 96 0 0 0 78 0 0 0 0 77 55 0 0 0 0 82 0 0 81 33 0 59 0 40 64 22 0 0 0 82 0 46 80 90 58 0
 39 44 0 0 0 97 0 0 35 78 66 0 0 0 0 4 1 25 67 140 0 27 46 91 0 133 68 26 0 69 0 0 0 0 37 0 0 79 0 64 0 0 139 0
 0 0 0 0 0 0 0 0 85 99 0 0 38 0 0 0 0 0 0 83 67 2 0 91 73 0 0 0 68 74 0 64 0 0 0 0 0 0 0 58 0 0 0 0
 55 43 11 0 0 0 0 0 79 76 29 0 95 0 0 0 28 12 95 49 97 15 0 34 120 146 106 0 92 79 0 17 34 0 34 0 3 137 0 0 50 74 13 0
 0 0 86 89 0 0 38 76 0 0 0 0 0 30 91 0 50 0 95 0 0 0 0 9 0 0 0 0 0 26 102 0 55 0 0 0 67 0 0 90 84 0 58 0
 47 0 0 80 21 29 0 0 5 96 48 0 0 0 0 40 42 0 32 0 19 4 59 77 66 110 114 0 36 22 11 89 55 84 4 0 0 34 0 113 41 56 92 49
 118 0 34 0 0 0 0 0 84 53 0 139 21 0 40 32 58 15 0 94 32 28 0 109 0 64 87 73 60 4 92 7 1 0 0 98 0 114 145 81 26 109 31 65
 0 0 0 0 74 77 0 0 55 0 0 69 93 36 0 0 0 77 0 78 19 76 38 18 14 53 0 98 93 0 0 0 87 0 25 0 0 0 0 0 0 51 19 80
 0 82 96 0 0 41 0 78 0 74 49 0 0 3 0 6 54 109 42 0 0 0 79 72 53 46 0 0 0 0 109 68 112 83 27 7 0 55 0 0 0 0 0 52
 0 0 30 0 56 47 0 0 97 0 0 0 0 63 0 0 0 0 94 97 0 0 0 0 78 0 0 79 47 0 0 0 0 63 0 0 0 76 87 0 35 0 0 0
 26 77 84 0 0 110 0 0 126 0 34 71 19 107 54 0 43 0 13 67 0 0 102 26 87 44 20 9 21 0 0 0 54 0 0 0 0 30 57 0 0 0 0 107
 76 0 0 92 0 0 0 64 96 0 40 7 57 0 9 0 73 58 139 0 70 0 0 27 133 0 5 39 54 0 0 53 1 0 42 0 0 0 70 34 92 0 6 80
 55 0 46 0 0 0 70 0 0 15 0 126 0 0 129 0 0 0 91 0 77 101 0 0 62 98 60 18 69 0 0 0 73 0 0 0 0 0 47 70 83 0 0 0
 0 0 0 59 0 37 0 27 86 61 0 0 60 58 0 0 115 0 0 71 0 0 69 103 6 4 13 24 82 79 43 33 0 36 123 0 0 0 0 5 0 0 74 0
