44
 0 35 47 0 28 99 0 62 0 0 115 0 0 77 0 0 0 114 0 81 0 41 0 8 111 79 30 0 96 92 0 0 0 0 13 18 84 88 72 58 6 0 101 0
 0 0 0 51 0 95 0 55 0 54 0 0 40 0 0 54 0 31 0 46 0 0 0 0 0 0 0 63 29 0 0 0 41 0 0 0 0 0 0 0 12 87 0 43
 0 31 0 98 77 0 0 0 93 0 85 0 0 0 0 0 0 0 0 43 0 0 0 0 0 0 0 0 36 71 91 0 0 0 75 86 0 0 0 0 54 0 0 0
 62 0 0 0 80 0 43 0 0 0 0 0 0 99 0 0 90 42 0 17 68 0 0 0 0 0 0 49 0 74 100 0 0 88 58 20 0 78 31 0 15 0 0 0
 0 82 0 0 0 44 32 99 0 0 0 0 97 0 0 0 0 0 14 0 0 32 81 87 100 51 0 0 95 0 56 0 0 0 0 0 0 0 100 0 87 39 0 0
 0 0 43 106 0 0 38 0 55 0 0 0 19 73 9 0 0 0 80 88 6 0 43 26 65 72 11 76 0 0 87 75 83 0 23 21 43 0 63 0 0 114 34 29
 18 13 46 0 0 0 0 0 0 89 108 99 1 5 0 1 75 110 0 0 0 0 0 74 16 0 0 68 0 0 77 0 0 0 44 43 0 0 49 0 0 0 47 16
 0 0 19 65 0 43 94 0 0 0 0 0 82 0 40 0 49 41 0 16 0 0 68 0 15 0 51 0 0 97 0 43 45 0 51 0 0 69 0 0 0 0 0 87
 32 30 0 0 13 0 64 16 0 55 0 26 0 17 79 0 0 0 0 20 14 64 22 6 0 0 2 83 44 0 0 81 0 0 131 0 107 0 34 9 38 9 26 0
 73 0 94 59 105 36 0 6 0 0 7 0 0 96 58 113 59 115 12 44 73 0 18 0 112 62 0 0 26 82 10 43 0 0 100 7 81 0 71 0 70 12 19 99
 0 11 0 77 58 36 0 33 24 0 0 96 0 4 0 94 0 0 0 31 93 0 13 0 35 0 0 19 89 20 0 0 0 0 0 0 102 0 68 93 0 0 70 71
 5 105 14 52 97 86 0 110 0 93 0 0 80 43 0 53 0 10 69 63 9 0 24 21 0 87 0 0 0 30 0 0 0 0 0 0 28 2 0 35 23 0 5 0
 83 0 93 82 0 0 0 0 100 94 91 0 0 92 0 63 0 35 39 15 0 68 0 0 0 0 0 0 0 0 74 0 0 0 0 36 0 52 0 0 97 0 0 0
 0 23 3 0 65 0 0 54 0 0 0 0 0 0 52 12 56 59 0 22 0 87 0 0 0 89 0 0 33 0 0 0 0 0 0 0 0 9 0 0 54 99 41 0
 130 26 14 54 84 0 56 0 0 0 39 71 56 0 0 47 0 107 0 14 0 0 0 0 28 37 33 88 76 0 65 0 68 0 0 58 9 0 98 0 0 0 77 3
 50 0 87 42 21 73 0 69 81 0 0 0 0 0 0 0 0 50 89 22 91 0 64 0 40 96 0 0 0 0 0 92 62 97 0 11 59 0 0 0 0 0 94 0
 94 43 86 0 70 29 0 0 8 0 43 35 52 0 12 16 0 40 10 0 0 0 0 0 2 0 59 43 55 88 0 0 54 0 77 0 37 0 44 0 40 0 69 42
 0 0 6 0 7 84 0 0 97 0 91 0 0 0 0 0 0 0 53 0 42 0 0 52 0 0 40 0 0 0 0 0 0 31 0 91 0 78 0 0 0 0 86 59
 35 52 18 18 0 0 108 67 53 0 42 0 0 99 63 0 0 0 0 42 16 0 61 92 24 0 6 84 0 0 0 0 0 0 27 0 20 52 0 0 0 0 0 49
 0 0 0 0 115 0 100 0 0 0 0 0 0 0 0 0 95 24 0 0 0 0 64 81 0 0 0 0 0 0 94 0 0 0 77 0 0 0 0 60 25 29 0 0
 97 108 94 0 19 0 59 46 0 0 0 0 114 87 95 0 41 0 0 28 0 79 0 0 34 0 0 0 0 0 0 0 0 0 42 0 0 10 0 0 90 0 0 0
 0 99 44 38 0 108 14 82 0 47 26 2 0 0 21 49 1 50 5 32 0 0 45 1 0 0 18 50 69 0 0 43 0 12 0 0 99 117 27 0 6 136 95 113
 91 80 122 21 0 0 93 0 0 0 0 0 108 25 92 0 35 97 0 0 84 0 0 80 0 68 0 0 75 0 0 0 0 0 81 0 0 11 0 0 0 52 35 88
 0 1 22 49 0 0 0 33 0 83 78 0 16 4 45 16 50 0 0 0 63 0 0 0 89 0 19 0 0 32 88 0 0 0 93 0 0 64 0 0 20 69 39 0
 0 47 7 102 0 0 0 0 95 0 0 48 85 55 0 0 0 106 0 24 0 94 100 0 0 91 97 0 90 0 72 0 0 91 0 0 16 0 0 37 14 0 17 0
 0 88 105 77 0 0 99 1 10 0 7 0 1 0 0 0 2 88 110 33 64 67 0 29 0 0 136 0 0 0 15 0 0 0 74 0 42 0 32 0 32 39 28 0
 0 92 16 107 55 0 72 0 0 41 100 54 46 25 0 43 0 0 0 87 72 0 43 0 0 0 0 0 0 0 0 0 0 0 37 5 0 0 0 0 85 0 82 0
 98 0 34 0 63 0 0 22 0 3 0 33 17 90 0 33 0 56 0 63 24 0 90 39 59 63 29 0 122 0 58 0 0 111 69 0 14 0 0 0 138 0 16 38
 0 0 0 24 0 97 63 7 0 0 0 22 28 0 0 0 0 17 50 1 3 0 0 68 0 33 46 0 0 0 0 0 52 0 18 0 31 74 0 0 0 59 56 0
 0 41 0 0 63 98 80 0 74 0 0 0 27 74 112 21 0 42 127 72 92 100 102 0 48 68 29 53 31 0 85 30 91 0 0 0 0 1 113 0 1 0 0 0
 31 55 0 0 0 0 0 68 84 0 66 39 0 71 0 19 30 93 47 0 23 81 81 0 0 0 12 0 112 0 0 0 0 95 0 0 0 93 0 42 42 29 92 56
 0 9 129 56 8 0 14 0 0 0 76 52 83 12 17 0 61 19 7 34 14 0 39 13 8 14 68 51 10 0 69 0 81 0 7 92 0 9 10 96 16 0 50 0
 64 0 43 58 67 0 19 0 94 76 32 52 36 30 0 0 0 125 12 3 12 27 62 81 133 127 40 83 0 0 69 0 0 104 66 57 0 0 35 30 0 0 78 16
 37 14 1 0 105 49 46 9 6 55 33 25 36 34 10 0 30 0 128 14 31 0 107 56 0 121 80 0 36 5 0 95 0 0 0 84 19 71 95 20 45 52 21 15
 0 24 0 0 92 0 0 0 0 0 94 1 65 38 82 95 0 6 0 0 0 94 0 0 39 0 0 0 0 61 60 0 0 94 0 9 46 0 96 0 32 0 0 72
 0 44 0 0 99 0 0 84 87 0 87 32 0 35 0 0 74 0 75 43 82 80 50 95 80 86 0 86 91 77 82 0 0 0 0 0 0 0 0 0 86 0 0 94
 0 28 16 114 33 0 95 52 0 0 0 0 18 46 0 0 0 32 0 54 21 0 47 29 0 0 73 0 0 42 90 53 94 0 0 80 0 95 97 0 10 99 11 0
 0 95 52 0 93 82 36 0 98 64 27 0 0 0 71 2 24 0 0 103 0 0 0 0 41 10 80 39 0 0 0 0 80 0 9 88 0 0 78 88 0 0 42 6
 0 17 107 0 0 0 0 72 0 0 0 67 4 118 0 33 0 60 29 31 98 0 47 55 116 0 43 51 95 0 75 0 0 0 0 34 0 0 0 0 30 16 0 0
 0 55 42 59 26 36 27 44 0 45 0 0 97 100 56 5 97 1 65 0 34 90 96 27 0 90 59 100 69 42 0 0 0 0 55 97 2 0 87 0 0 0 59 0
 0 0 0 0 0 90 56 0 0 0 96 0 0 0 74 86 0 68 38 0 0 0 85 0 0 0 0 0 94 0 0 0 83 0 0 0 0 13 0 86 0 71 0 0
 48 0 51 19 0 0 59 23 0 0 85 23 75 0 85 79 99 58 93 0 99 0 0 0 15 0 29 55 0 21 0 63 58 0 101 31 0 53 0 47 0 0 85 104
 0 36 99 74 32 0 0 98 0 0 0 0 66 0 0 0 0 0 98 99 33 0 0 0 0 0 0 0 0 64 0 0 0 0 32 101 0 0 32 0 48 0 0 0
 60 0 61 21 94 0 0 0 16 0 0 85 44 84 0 4 0 0 0 64 68 0 0 24 88 76 31 0 93 53 0 45 0 0 0 0 5 0 44 89 60 0 103 0
