44
 0 107 172 0 0 0 5 0 0 0 8 0 0 0 0 0 0 103 24 12 0 8 122 0 0 0 0 95 0 175 0 70 0 0 44 0 0 63 78 0 72 0 0 56
 0 0 0 0 57 0 0 0 7 0 27 0 0 0 0 0 64 0 0 69 0 0 0 0 0 0 0 0 78 75 0 51 0 81 26 0 94 120 25 80 28 0 0 0
 0 70 0 0 47 0 105 0 98 0 23 0 0 0 0 0 73 84 0 43 81 0 63 0 0 0 0 61 0 0 84 0 0 93 0 75 0 128 53 0 0 0 80 0
 188 124 5 0 111 0 88 0 76 0 71 59 0 91 97 0 67 93 0 94 117 42 6 0 26 109 0 0 0 53 0 48 0 0 44 0 0 67 101 0 78 0 0 0
 90 0 0 0 0 17 76 0 0 0 0 0 0 0 80 0 0 0 0 165 26 68 21 0 0 0 0 0 0 0 0 186 0 76 0 75 0 58 0 0 0 85 0 0
 96 60 64 55 0 0 85 0 0 57 0 0 0 0 0 0 85 0 70 13 0 0 0 0 0 0 0 0 0 83 0 93 0 61 39 0 82 37 0 0 0 28 0 0
 0 25 0 0 0 0 0 0 0 0 69 0 0 0 0 59 12 0 0 0 0 0 0 0 79 0 0 91 86 0 50 0 0 0 0 65 0 0 0 0 14 32 0 0
 37 105 3 99 65 143 72 0 61 0 57 0 0 0 0 0 0 92 0 47 0 26 0 20 0 36 90 0 0 37 0 121 0 0 150 0 103 0 90 0 0 78 97 173
 81 0 0 0 28 166 24 0 0 0 55 0 0 0 0 42 18 38 94 68 0 0 0 0 52 77 61 99 0 0 84 97 0 82 79 0 0 53 110 0 0 0 0 0
 56 113 98 45 79 0 16 8 62 0 73 0 0 104 100 7 113 109 0 25 119 44 29 0 73 10 87 113 159 0 18 43 29 140 73 98 131 165 60 76 44 26 0 0
 0 0 0 0 64 146 0 0 0 0 0 56 0 0 0 0 0 0 0 67 83 0 0 0 0 96 0 0 0 0 97 156 0 72 48 0 51 79 5 66 0 0 0 0
 95 22 101 0 150 157 32 124 48 99 0 0 0 0 0 9 0 0 98 17 0 0 114 0 0 100 0 30 0 34 0 91 0 0 0 0 78 2 71 0 0 0 0 0
 123 109 65 164 67 114 87 1 61 31 9 17 0 0 0 0 45 69 0 131 62 0 0 117 97 0 0 9 105 80 0 0 59 0 0 65 32 36 0 0 136 0 60 17
 16 49 111 0 6 46 37 62 76 0 114 92 54 0 0 102 62 29 48 33 41 125 47 86 104 0 0 0 0 18 0 166 22 0 101 154 133 73 0 57 96 182 57 105
 71 72 95 0 0 74 13 176 102 0 91 116 53 62 0 25 11 18 67 16 57 138 0 65 112 39 24 11 0 17 0 35 71 97 0 0 54 137 0 86 99 49 0 19
 62 51 86 28 48 114 0 69 0 0 99 0 56 0 0 0 0 0 0 138 0 0 10 26 0 0 99 178 0 25 0 54 0 0 0 0 0 99 63 0 0 0 0 0
 49 0 0 0 61 0 0 111 0 0 129 72 0 0 0 91 0 180 115 73 60 94 21 0 78 101 51 48 0 92 96 170 0 0 120 176 12 0 0 0 73 66 0 60
 0 134 0 0 11 177 63 0 0 0 142 41 0 0 0 91 0 0 0 23 0 80 24 0 93 0 33 20 0 99 0 82 0 74 51 0 0 31 0 0 89 0 0 95
 0 70 90 97 18 0 7 120 0 44 15 0 88 0 0 166 0 7 0 102 31 0 152 0 0 28 0 157 0 64 0 157 0 0 0 0 138 39 120 0 0 55 28 40
 0 0 0 0 0 0 6 0 0 0 0 0 0 0 0 0 0 0 0 0 92 0 0 0 96 13 0 0 0 0 0 0 0 87 92 0 0 161 0 0 85 0 0 98
 97 45 0 0 0 100 106 139 69 0 0 94 0 0 0 12 0 89 0 0 0 107 0 0 0 25 67 178 0 0 0 26 0 0 45 60 91 0 62 0 46 0 0 42
 0 168 2 0 0 58 160 0 158 0 104 21 94 0 0 29 0 0 36 97 0 0 58 0 0 0 92 74 0 0 0 59 0 71 0 0 45 0 0 0 0 0 0 0
 0 150 0 0 0 2 139 86 126 0 39 0 88 0 58 0 0 0 0 79 59 0 0 0 0 0 0 44 87 91 0 156 0 0 47 0 192 101 143 92 75 0 0 0
 49 82 53 31 113 14 105 0 62 179 147 56 0 0 0 0 188 44 82 59 92 43 75 0 111 15 187 47 78 0 0 109 0 0 10 0 99 164 0 0 121 44 53 42
 3 68 116 0 80 18 0 83 0 0 103 166 0 0 0 73 0 0 23 0 26 76 7 0 0 0 20 0 0 0 60 104 0 101 130 0 14 119 29 0 51 19 0 134
 48 86 129 0 59 53 6 0 0 0 0 0 66 86 0 40 0 73 0 0 0 34 21 0 12 0 138 95 0 46 0 102 0 0 136 0 164 0 94 0 0 0 0 0
 132 26 134 42 154 9 35 0 0 0 118 50 93 72 0 0 0 0 89 68 0 0 96 0 0 0 0 18 0 15 0 0 0 0 0 0 120 132 26 0 0 76 0 0
 0 98 0 98 48 146 0 47 0 0 72 0 0 79 0 0 0 0 0 71 0 0 0 0 43 0 0 0 0 0 0 11 96 0 0 83 62 0 80 0 51 0 0 0
 103 0 138 115 71 1 0 0 82 0 87 106 0 12 65 55 75 88 47 88 104 22 0 0 149 74 111 85 0 0 0 32 11 34 93 0 185 31 0 0 0 46 0 0
 0 0 101 0 3 0 84 0 14 77 61 0 0 0 0 0 0 0 0 8 56 174 0 42 71 0 0 148 83 0 99 0 0 0 58 0 0 75 0 34 0 0 0 0
 44 54 0 35 27 68 0 2 0 0 0 5 37 29 76 137 0 42 99 56 35 20 23 37 0 67 132 67 145 0 0 87 162 0 147 163 0 105 0 0 50 88 0 111
 0 0 98 0 0 0 128 0 0 0 0 0 44 0 0 0 0 0 0 63 0 0 0 0 0 0 56 0 0 92 0 0 0 0 0 0 0 153 0 0 0 0 0 0
 47 74 27 39 16 45 148 123 88 0 9 33 0 0 0 10 124 75 137 135 73 107 54 29 154 4 20 0 0 153 0 84 0 0 0 135 150 86 44 0 149 81 0 65
 14 0 0 119 0 0 66 134 0 0 0 51 98 33 0 112 116 0 7 0 144 0 12 60 0 2 95 12 0 38 67 80 58 0 3 0 78 31 33 0 44 21 0 30
 0 0 147 0 55 0 36 0 0 0 0 71 58 0 53 96 0 0 65 0 0 118 0 0 0 0 59 137 0 0 0 9 93 0 0 0 66 0 0 0 0 0 0 0
 58 57 0 75 0 43 0 19 93 0 130 89 0 0 75 36 0 119 44 123 0 89 132 43 61 101 64 0 77 69 0 54 0 78 65 0 13 103 127 56 0 0 0 62
 46 0 49 92 87 0 81 0 59 0 0 0 0 0 0 92 0 69 0 49 0 0 0 0 0 0 0 0 0 46 97 42 0 0 0 0 0 0 0 0 0 84 0 74
 0 0 0 0 0 0 94 71 0 0 0 0 0 0 0 0 81 0 0 0 20 9 0 0 0 38 0 41 0 0 0 0 0 0 27 0 42 0 0 0 0 0 0 0
 0 0 0 0 17 23 94 0 0 0 0 0 9 79 95 0 78 59 0 77 0 76 0 100 0 0 0 0 53 89 64 144 0 0 84 0 85 150 0 0 0 58 62 0
 164 0 133 47 94 9 26 149 59 0 0 54 95 0 0 31 106 10 180 21 50 46 0 123 40 70 126 22 83 0 49 31 66 28 10 0 14 129 22 0 0 0 189 0
 0 0 112 0 52 121 0 73 20 0 27 65 0 0 0 68 0 0 116 0 0 116 0 0 0 186 33 0 8 55 0 107 0 0 157 78 121 138 69 74 0 0 89 4
 71 121 17 64 0 0 0 0 49 0 8 41 57 0 0 118 0 24 0 94 76 46 61 0 0 25 0 30 0 10 0 119 0 0 143 159 0 108 0 91 7 0 39 121
 186 139 0 18 99 19 156 0 47 86 151 195 0 0 80 112 56 142 0 129 8 149 88 0 51 193 159 46 24 98 85 44 36 77 126 76 113 64 0 0 0 0 0 0
 0 54 94 88 109 160 93 0 101 94 55 100 0 0 0 146 0 0 0 0 0 30 32 0 0 69 1 104 100 80 0 58 0 0 8 0 0 22 88 23 0 0 86 0
