44
 0 0 30 16 77 0 0 0 71 0 17 5 83 97 0 50 109 86 4 0 23 57 21 62 0 114 6 0 0 79 88 148 57 0 87 22 0 0 0 56 0 29 77 88
 93 0 31 66 38 0 66 0 0 49 42 0 0 75 17 0 59 0 0 0 0 0 97 67 31 59 0 0 89 90 0 0 0 89 0 0 79 0 0 0 98 85 0 0
 0 0 0 153 0 0 0 0 0 0 41 0 0 96 98 0 88 49 87 0 29 100 3 96 0 92 11 93 0 87 96 93 0 0 73 0 123 0 0 0 0 0 0 6
 0 0 0 0 0 95 0 0 0 81 95 0 0 0 0 0 0 0 47 0 21 0 0 83 0 0 71 0 0 0 82 0 0 0 0 82 0 43 63 89 0 63 0 54
 0 0 147 113 0 0 0 0 0 0 31 117 0 0 27 0 77 84 42 27 0 87 0 0 84 0 107 10 98 0 0 109 0 137 96 139 40 74 0 33 0 45 73 88
 124 5 60 0 40 0 0 119 55 0 91 0 0 3 13 39 61 0 138 0 59 30 0 53 13 140 0 20 17 1 136 70 0 0 15 0 47 0 0 0 117 0 65 119
 92 0 75 6 51 97 0 0 117 26 53 95 0 0 0 0 105 23 0 34 49 0 0 92 0 23 97 75 24 0 83 0 0 0 54 136 65 0 71 0 0 57 0 38
 126 16 19 79 146 0 45 0 0 69 69 99 30 0 69 56 87 0 32 4 1 69 87 0 31 16 20 44 0 0 50 0 12 0 52 0 17 0 95 84 2 0 39 80
 0 92 83 114 80 0 0 71 0 0 0 0 67 0 44 0 61 61 0 0 0 0 0 0 96 0 50 0 0 0 0 36 0 0 86 0 52 0 0 98 65 72 0 129
 17 0 124 0 24 69 0 0 63 0 67 82 0 0 93 0 23 65 111 61 0 0 44 0 112 37 0 41 33 67 0 0 44 0 54 0 81 65 80 0 0 2 95 4
 0 0 0 0 0 0 0 0 78 0 0 65 27 0 57 24 0 67 96 0 88 0 0 111 71 0 0 84 81 0 0 65 98 41 0 0 61 0 98 0 0 0 0 19
 0 100 75 10 0 11 0 0 67 0 0 0 93 0 68 78 29 0 0 68 19 63 12 0 41 14 0 0 0 110 129 0 0 5 86 91 110 0 0 38 0 0 34 0
 0 35 23 0 70 69 44 0 0 68 0 0 0 16 85 0 58 86 160 33 85 45 0 0 0 0 106 20 0 104 43 92 57 30 0 67 0 0 0 55 15 25 138 0
 0 0 0 100 84 0 97 75 23 73 7 80 0 0 82 0 95 92 0 0 0 0 0 0 85 100 0 0 0 0 0 0 100 72 0 0 0 0 41 81 56 59 0 72
 76 0 0 47 0 0 67 0 0 0 0 0 0 0 0 11 89 83 84 57 0 0 79 0 0 23 44 0 94 0 83 0 0 66 0 0 0 0 0 0 0 68 0 0
 0 131 10 73 152 0 40 0 25 50 0 0 68 6 0 0 30 58 0 9 44 68 0 0 0 44 78 52 0 82 37 16 96 51 13 27 72 0 0 75 1 102 107 0
 0 0 0 59 0 0 0 0 0 0 80 0 0 0 0 0 0 0 0 0 0 0 0 0 48 94 0 0 0 0 0 0 63 0 34 45 60 0 0 85 54 0 0 47
 0 8 0 60 0 98 0 92 0 0 0 151 0 0 0 0 55 0 40 0 0 0 100 0 69 0 120 123 0 65 0 0 0 93 45 42 0 41 73 0 0 0 0 14
 0 22 0 0 0 0 66 0 21 0 0 85 0 99 0 48 149 0 0 0 0 0 50 81 0 0 78 104 0 0 2 0 0 0 87 22 43 0 0 13 26 107 0 24
 82 72 34 102 0 89 0 0 73 0 22 0 0 93 0 0 5 95 95 0 47 0 0 21 0 0 11 0 0 0 140 0 0 0 82 0 0 0 0 0 0 36 88 7
 0 80 0 0 56 0 0 0 95 98 0 0 0 51 114 0 66 89 63 0 0 72 85 98 0 0 0 0 92 0 67 0 0 0 0 0 0 0 74 66 0 60 0 82
 0 142 0 113 0 0 64 0 67 23 11 0 0 99 6 0 25 26 81 161 0 0 72 59 97 40 52 26 0 31 0 0 58 0 115 0 101 0 0 0 0 0 28 0
 0 0 0 69 33 84 40 0 36 0 127 0 29 36 0 39 16 0 0 100 0 0 0 148 0 58 0 0 0 0 0 0 0 0 59 73 0 26 0 57 54 0 0 111
 0 0 0 0 83 0 0 89 157 59 0 9 55 95 43 30 94 78 0 0 0 0 0 0 0 92 80 59 0 0 0 0 0 0 0 0 0 0 0 0 100 0 0 0
 22 0 35 87 0 0 28 0 0 0 0 0 6 0 121 67 0 0 111 57 19 0 50 101 0 0 49 0 0 113 0 50 151 0 0 39 98 0 0 17 0 0 0 23
 0 0 0 94 34 0 0 0 137 0 71 0 40 0 0 0 0 77 93 75 93 0 0 0 89 0 0 0 0 0 0 0 71 0 0 0 0 0 0 0 97 0 70 0
 0 96 0 0 0 10 0 0 0 33 102 84 0 108 0 0 36 0 0 0 30 0 51 0 0 121 0 0 0 0 94 0 0 0 96 0 0 59 0 0 86 79 0 19
 60 107 0 64 0 0 0 0 127 0 0 99 0 120 22 0 10 0 0 83 72 0 120 0 50 50 38 0 0 0 83 0 0 70 49 96 0 0 0 0 0 0 0 65
 44 0 92 77 0 0 0 47 61 0 0 125 13 63 0 61 42 66 35 35 0 19 55 142 122 60 64 62 0 65 73 54 0 104 50 128 0 0 0 44 93 35 0 63
 0 0 0 54 93 0 28 62 78 0 120 0 0 131 34 0 16 0 2 124 143 0 110 106 0 64 68 110 0 0 0 0 0 43 90 0 0 0 0 122 0 45 0 49
 0 83 0 0 18 0 0 0 1 89 23 0 0 41 0 0 67 88 0 0 0 96 62 58 78 24 0 0 0 22 0 0 0 0 0 0 0 47 0 100 0 61 89 19
 0 60 0 126 0 0 120 86 0 72 0 109 0 6 104 0 78 60 4 15 163 92 61 14 0 31 99 62 0 67 93 0 0 0 152 117 120 0 0 134 0 0 63 20
 0 30 77 65 52 77 39 0 30 0 0 31 0 0 84 0 0 106 52 46 138 0 52 19 0 0 25 49 20 59 95 39 0 19 43 0 0 0 0 0 0 0 18 9
 54 0 79 72 0 84 78 29 22 46 0 0 0 0 0 0 93 0 61 47 63 71 17 15 78 125 162 0 0 0 64 58 0 0 42 0 106 0 47 150 58 32 0 23
 0 87 0 55 0 0 0 0 0 0 76 0 19 54 39 0 0 0 0 0 8 0 0 63 81 30 0 0 0 0 98 0 0 0 0 0 0 0 92 0 47 0 15 29
 0 13 80 0 0 75 0 89 28 78 4 0 0 36 104 0 0 0 0 130 171 89 0 113 0 111 60 0 0 0 113 0 40 60 129 0 0 0 0 37 0 45 0 0
 96 0 0 120 0 0 0 0 0 0 0 0 49 4 35 0 0 92 0 79 65 0 11 112 0 149 50 117 43 74 40 0 68 0 121 9 0 0 0 61 69 139 0 15
 28 69 115 0 0 69 47 29 36 0 7 46 38 96 32 13 141 0 42 43 59 1 0 66 46 102 0 38 56 73 0 45 39 115 42 69 62 0 93 4 117 0 0 52
 76 125 77 0 122 27 0 0 42 0 0 3 126 0 64 0 114 0 42 45 0 96 1 119 118 72 15 8 118 29 4 12 72 0 0 6 74 0 0 49 119 87 99 0
 0 28 67 0 0 0 60 0 0 58 77 0 0 0 33 0 0 44 0 84 0 68 0 83 0 70 118 120 0 0 0 0 76 0 27 0 0 0 0 0 51 0 0 88
 11 0 21 74 83 0 58 0 0 4 105 96 0 0 31 0 0 95 0 36 97 100 0 0 59 0 0 1 0 68 11 90 98 0 0 0 0 0 0 0 0 0 44 0
 0 0 89 0 0 36 0 62 0 0 50 82 0 0 0 0 63 94 0 0 0 85 41 81 99 34 0 96 0 0 0 54 94 0 80 0 0 7 0 67 113 0 96 34
 0 95 115 49 0 0 39 0 84 0 61 0 0 47 77 0 20 37 51 0 18 0 105 96 42 0 115 48 34 90 0 0 0 101 0 98 66 15 0 2 0 0 0 104
 0 87 0 0 0 0 0 0 0 0 0 76 43 0 59 14 0 0 0 0 0 87 0 69 0 88 0 0 0 0 0 0 0 0 0 53 0 0 36 0 89 0 0 0
