44
 0 65 87 0 46 0 0 60 0 63 45 101 23 22 0 34 111 0 11 13 11 0 10 0 0 0 100 0 0 0 96 12 62 44 101 86 31 78 54 16 74 9 0 2
 0 0 85 0 13 14 91 0 39 0 4 81 61 0 0 0 0 33 49 0 0 31 28 96 0 49 16 3 0 24 14 0 0 19 0 61 0 0 24 0 0 6 83 12
 0 0 0 0 0 0 0 29 0 43 0 0 80 86 6 78 0 8 49 0 0 0 58 0 0 39 0 0 0 0 0 32 51 0 0 0 0 70 66 25 49 0 0 0
 34 85 1 0 0 0 0 3 0 0 25 0 22 66 13 45 0 0 0 0 0 45 26 39 83 0 67 91 0 0 0 45 18 0 111 0 0 39 85 0 0 25 0 19
 0 0 99 55 0 0 0 0 0 23 0 0 0 91 42 99 84 0 49 0 0 0 0 57 0 26 27 0 52 0 22 55 0 0 63 63 59 32 77 39 0 0 21 0
 23 0 52 39 79 0 0 0 27 0 0 0 0 0 0 15 22 12 59 0 0 83 0 0 86 0 10 102 90 0 36 10 63 0 63 96 0 0 0 0 0 40 15 2
 65 0 41 27 106 30 0 0 0 10 15 0 12 68 24 42 48 0 11 23 51 71 40 0 0 20 45 0 46 0 0 34 8 0 0 22 0 91 45 35 14 0 0 38
 0 98 0 0 33 87 37 0 32 64 28 0 37 64 66 90 0 77 0 0 0 39 0 0 0 0 52 0 97 0 88 75 0 27 0 0 44 0 72 74 23 0 33 98
 83 0 33 67 50 0 0 0 0 0 77 0 41 0 0 0 8 40 0 0 20 1 0 0 19 0 0 94 45 46 35 25 98 0 111 7 54 0 90 0 0 0 0 10
 0 41 0 49 0 42 0 0 65 0 83 34 0 81 71 0 0 65 0 0 87 75 0 0 52 2 0 0 0 88 11 0 0 0 50 56 0 0 30 42 71 83 0 65
 0 0 53 0 93 86 0 0 0 0 0 51 69 97 0 65 69 0 1 0 0 0 0 0 0 0 18 0 0 0 0 75 0 0 0 0 87 38 41 56 0 99 0 0
 0 0 46 94 95 7 86 23 3 0 0 0 0 8 0 57 62 74 0 6 0 28 37 70 20 0 0 11 40 90 17 0 93 0 0 6 75 0 85 17 0 39 0 46
 0 0 0 0 58 60 0 0 0 56 0 0 0 49 47 0 0 0 18 0 0 34 8 51 33 46 0 66 65 0 14 0 0 0 15 52 0 12 82 33 75 78 0 15
 0 78 0 0 0 29 0 0 92 0 0 0 0 0 65 0 0 0 21 43 0 0 46 0 83 0 0 79 0 0 0 0 97 14 55 0 0 23 0 49 82 0 0 19
 94 94 0 0 0 17 0 0 67 0 45 46 0 0 0 0 0 16 58 50 88 0 0 90 87 4 78 0 90 36 37 17 74 9 0 0 0 38 0 65 94 0 0 20
 0 88 0 0 0 0 0 0 72 46 0 0 63 69 67 0 79 0 10 0 0 0 69 0 0 69 0 0 0 79 31 0 0 0 0 0 0 113 0 52 0 0 56 98
 0 98 59 47 0 0 0 47 0 20 0 0 47 58 5 0 0 83 31 0 0 0 0 44 0 1 25 0 0 0 0 0 72 0 0 73 0 70 38 61 83 49 0 0
 25 0 0 95 94 0 99 0 0 0 30 0 55 59 0 39 0 0 17 0 85 70 40 0 28 8 0 0 0 0 19 47 80 0 55 0 0 0 0 26 0 92 82 99
 0 0 0 56 0 0 0 98 98 26 0 83 0 0 0 0 0 0 0 0 0 66 52 0 0 0 0 80 27 0 67 0 95 0 82 66 0 2 0 0 0 0 100 0
 0 0 18 75 51 15 0 40 89 81 12 0 38 0 0 41 49 57 5 0 0 0 6 0 4 32 78 45 0 0 0 0 0 0 0 14 0 0 0 45 92 0 0 61
 0 27 22 82 28 48 0 0 0 0 2 93 41 84 0 13 12 0 0 49 0 0 36 0 3 0 34 2 46 0 11 85 79 56 49 84 5 0 0 63 89 11 0 20
 93 0 14 0 20 0 0 0 0 0 13 0 0 109 10 4 46 0 0 40 93 0 32 53 61 0 89 2 80 0 10 108 0 0 0 42 0 0 0 12 0 14 0 2
 0 0 0 0 58 81 0 21 97 24 76 0 0 0 47 0 2 0 0 0 0 0 0 0 0 0 31 26 70 0 0 5 0 0 0 0 0 1 15 0 90 0 0 93
 76 0 71 0 0 23 98 6 60 27 22 0 0 22 0 69 0 17 25 72 56 0 54 0 2 10 88 85 0 20 0 0 0 0 0 81 0 57 0 40 68 19 89 8
 41 6 98 0 38 0 82 93 0 0 36 0 0 0 0 29 109 0 15 0 0 0 76 0 0 0 0 0 91 70 7 1 0 0 17 0 0 58 0 28 70 40 0 22
 80 0 0 93 0 68 0 41 79 0 16 53 0 99 0 0 0 0 34 0 98 58 91 0 57 0 94 92 0 0 96 96 85 56 0 0 0 0 81 0 0 100 0 63
 0 0 30 0 0 0 0 0 69 97 0 66 27 59 0 54 0 63 41 0 0 0 0 0 91 0 0 3 0 0 83 89 70 0 0 0 0 0 99 0 95 0 0 0
 19 0 68 0 74 0 75 100 0 71 82 0 0 0 71 40 74 56 0 0 0 0 0 0 97 0 0 0 93 92 46 0 86 69 0 0 0 16 0 0 0 0 0 63
 69 19 27 35 0 0 0 0 0 8 80 0 0 87 0 71 40 65 0 71 0 0 0 0 0 34 48 0 0 0 30 0 0 30 11 0 0 32 89 0 44 0 0 0
 94 0 24 56 35 62 77 56 0 0 0 0 47 39 0 0 64 31 65 21 36 73 52 0 0 54 11 0 36 0 0 0 0 6 19 0 0 14 50 31 0 39 0 32
 0 0 91 74 0 0 84 0 0 0 32 0 0 88 0 0 78 0 0 53 0 0 87 95 0 0 0 0 0 20 0 0 96 80 0 0 0 0 0 54 75 70 0 0
 0 49 0 0 0 0 0 0 0 86 0 54 99 19 0 23 15 0 72 54 0 0 0 64 0 0 0 21 58 92 91 0 75 0 0 0 0 47 0 4 0 87 80 5
 0 21 0 0 0 0 0 78 0 68 43 0 68 0 0 105 0 0 0 5 0 13 45 4 16 0 0 0 76 48 0 0 0 9 0 0 14 3 0 16 67 86 0 21
 0 0 41 24 12 92 98 0 74 42 2 78 53 0 0 35 17 19 55 94 0 88 44 98 27 0 20 0 0 0 0 29 0 0 0 0 0 33 80 21 0 0 77 0
 0 66 63 0 0 0 83 100 0 0 4 57 0 0 28 96 29 0 0 56 0 77 25 57 0 0 34 83 0 0 45 55 95 91 0 63 0 0 86 0 0 77 94 0
 0 0 32 8 0 0 0 26 0 0 33 0 0 30 33 76 0 112 0 0 0 0 8 0 54 19 61 70 34 89 50 40 50 46 0 0 99 0 0 24 0 0 77 9
 0 5 76 90 0 16 14 0 0 93 0 0 84 76 3 3 65 31 6 64 0 21 22 72 21 51 90 11 47 75 13 4 0 93 23 0 0 17 0 82 0 0 2 0
 0 42 0 0 0 91 0 91 50 73 0 82 0 0 0 0 0 52 0 58 66 46 0 0 0 50 88 0 0 0 53 0 0 0 60 76 0 0 0 0 0 90 0 94
 0 0 0 0 0 59 0 0 0 0 0 0 0 42 53 65 0 17 44 74 91 54 0 44 68 0 0 49 0 0 14 69 56 0 0 46 38 27 0 0 0 5 70 42
 0 90 0 96 0 71 0 0 53 0 0 0 0 0 0 0 0 0 27 0 0 0 80 0 0 55 62 1 57 0 0 0 0 0 93 0 0 49 64 0 0 0 62 49
 0 73 0 19 21 29 0 0 78 0 54 45 0 0 0 44 0 85 102 0 0 33 0 0 0 94 0 33 0 45 0 51 0 67 25 28 35 19 17 8 0 24 52 0
 0 0 110 0 33 0 69 9 83 0 0 0 0 63 18 11 0 0 75 69 0 0 90 0 0 0 20 57 72 0 0 0 0 80 0 59 98 0 0 56 0 0 0 0
 86 0 78 90 0 0 49 0 65 29 36 72 97 33 4 0 38 0 0 37 31 33 17 0 4 50 36 22 76 83 24 0 99 0 0 0 0 44 0 0 0 72 0 49
 0 0 39 0 1 0 0 0 0 0 37 0 0 0 0 0 75 0 35 0 0 0 0 0 0 0 106 0 56 0 21 0 0 96 27 0 63 0 0 0 38 97 0 0
