40
 0 86 0 0 94 51 0 0 42 42 77 70 3 1 8 0 0 0 44 0 69 78 0 0 60 0 28 11 0 18 53 0 110 0 72 59 60 47 107 0
 0 0 0 0 24 96 0 0 0 83 0 23 0 119 0 98 75 32 0 90 77 0 9 86 30 0 0 0 0 51 0 91 0 0 22 0 0 0 0 0
 57 49 0 37 35 0 13 40 94 46 8 0 0 35 101 0 0 71 99 44 0 84 54 0 91 0 0 74 52 20 82 0 67 24 138 0 0 18 60 0
 117 56 0 0 140 106 45 123 0 32 74 65 76 71 0 0 58 53 84 60 16 0 12 0 0 66 0 83 0 70 5 0 0 122 41 41 0 0 31 20
 0 0 0 0 0 0 6 47 118 86 119 0 0 0 45 79 38 21 0 0 152 66 65 0 84 65 0 66 0 0 143 0 0 0 0 0 44 0 104 54
 0 0 53 0 82 0 0 0 0 108 82 87 72 0 0 0 0 0 0 0 0 0 75 0 0 89 0 0 0 52 0 0 0 0 0 0 0 55 90 0
 40 63 0 0 0 64 0 45 0 0 93 60 0 0 0 0 18 0 0 0 0 0 0 0 75 0 87 80 0 7 100 87 0 0 0 64 99 0 70 0
 54 53 0 0 0 68 0 0 44 10 85 8 0 0 69 74 12 0 75 0 107 20 28 80 60 0 0 66 0 59 27 0 16 17 0 0 104 19 55 38
 0 113 0 89 0 8 37 0 0 0 53 0 0 98 0 0 0 49 14 4 1 0 0 0 0 0 0 79 92 0 79 0 0 48 17 73 0 0 46 0
 0 0 0 0 0 0 49 0 71 0 0 0 86 0 52 0 39 0 0 0 0 71 0 97 61 0 0 0 73 0 0 0 0 0 0 0 0 0 79 0
 0 58 0 0 0 0 0 0 0 44 0 28 0 47 0 0 0 117 89 75 0 0 0 0 0 60 9 7 0 60 0 90 53 73 59 105 87 0 36 56
 0 0 57 0 38 0 0 0 109 3 0 0 0 10 0 0 46 0 55 26 53 54 16 50 0 0 88 0 98 45 9 0 56 0 6 0 123 0 0 0
 0 82 60 0 22 0 47 71 26 0 78 94 0 84 22 0 0 81 25 0 45 83 11 0 0 0 61 19 0 0 99 74 6 0 0 87 32 14 0 0
 0 0 0 0 94 101 23 85 0 40 0 0 0 0 68 0 0 0 62 3 89 44 0 0 93 92 0 0 53 74 0 0 0 0 0 0 64 85 98 0
 0 135 0 88 0 24 68 0 80 0 57 63 0 0 0 0 18 0 19 0 105 0 0 0 90 0 46 98 98 0 0 0 101 97 58 0 0 112 93 95
 51 0 55 4 0 121 35 0 54 52 2 0 63 25 66 0 60 0 94 12 105 0 0 0 66 109 48 117 109 91 50 44 0 0 0 0 19 60 86 51
 14 0 53 0 0 72 0 0 89 0 66 0 85 72 0 0 0 98 0 75 30 0 68 48 0 0 0 0 0 34 100 0 0 0 0 34 0 31 0 42
 27 0 0 0 0 38 17 100 0 70 0 56 0 33 86 87 0 0 0 0 0 0 45 58 0 91 0 0 94 123 65 86 0 0 0 39 0 0 118 29
 0 71 0 0 29 98 106 0 0 127 0 0 0 0 0 0 51 4 0 0 0 0 0 0 0 0 0 0 0 19 0 0 0 0 23 44 21 124 0 0
 95 0 0 0 78 68 25 95 0 15 0 0 50 0 82 0 0 109 32 0 0 38 96 0 0 0 86 0 0 0 0 0 0 65 0 93 0 62 0 0
 0 0 87 0 0 76 72 0 0 29 51 0 0 0 0 0 0 76 91 53 0 0 0 99 0 0 0 0 0 105 0 0 54 0 57 0 0 0 0 84
 0 14 0 79 0 128 86 0 48 0 121 0 0 0 90 63 44 52 5 0 74 0 0 0 63 0 64 15 56 92 29 13 0 0 0 55 43 85 5 46
 68 0 0 0 0 0 118 0 45 100 73 0 0 7 44 100 0 0 66 0 90 92 0 0 0 0 32 96 75 85 26 0 0 56 90 0 35 0 18 86
 70 0 57 67 42 25 62 0 53 0 7 0 29 64 20 16 0 0 90 6 0 92 38 0 15 37 49 70 39 103 84 34 66 25 0 33 0 44 0 14
 0 0 0 21 0 64 0 0 132 0 18 93 20 0 0 0 94 55 16 74 6 0 55 0 0 0 30 45 0 69 42 13 31 79 101 0 4 128 0 0
 17 17 23 0 0 0 74 26 73 91 0 0 44 0 15 0 30 0 35 62 30 120 128 0 95 0 63 0 0 98 46 0 0 65 46 0 108 0 3 95
 0 0 64 93 51 118 0 93 51 6 0 0 0 104 0 0 124 16 9 0 5 0 0 0 0 0 0 0 0 14 0 0 0 95 0 0 39 102 46 55
 0 100 0 0 0 1 0 0 0 60 0 80 0 87 0 0 70 15 87 68 26 0 0 0 0 97 122 0 0 86 0 0 0 85 0 73 62 0 0 84
 47 38 0 81 8 48 71 62 0 0 55 0 35 0 0 0 148 0 120 63 37 0 0 0 6 98 32 92 0 75 22 13 0 0 12 136 68 114 27 22
 0 0 0 0 63 0 0 0 92 53 0 0 66 0 52 0 0 0 0 27 0 0 0 0 0 0 0 0 0 0 98 0 0 0 0 0 0 0 87 0
 0 7 0 0 0 68 0 0 0 122 91 0 0 47 74 0 0 0 47 52 120 0 0 0 0 0 54 63 0 0 0 0 0 0 83 32 0 38 0 0
 95 0 39 0 47 127 0 39 120 51 0 49 0 34 54 0 112 0 4 7 19 0 84 0 0 68 36 109 0 11 76 0 143 0 0 34 117 4 0 52
 0 83 0 86 90 60 2 0 96 69 0 0 0 5 0 37 22 1 22 104 0 77 47 0 0 78 17 49 99 83 95 0 0 0 17 26 42 34 0 109
 87 82 0 0 64 56 21 0 0 92 0 26 35 32 0 32 40 17 29 0 0 130 0 0 0 0 0 0 81 19 58 39 20 0 0 52 21 40 0 0
 0 0 0 0 59 45 40 93 0 19 0 0 0 40 0 25 45 24 0 37 0 31 0 89 0 0 31 94 0 48 0 61 0 22 0 0 39 15 0 31
 0 99 84 0 86 135 0 56 0 96 0 98 0 67 83 27 0 0 0 0 142 0 25 0 84 61 140 0 0 83 0 0 0 0 120 0 0 8 63 20
 0 69 76 0 0 20 0 0 54 19 0 0 0 0 74 0 59 83 0 28 51 0 0 13 0 0 0 0 0 2 67 0 0 0 0 36 0 59 82 73
 0 87 0 71 48 0 43 0 46 104 66 94 0 0 0 0 0 69 0 0 41 0 95 0 0 39 0 96 0 86 0 0 0 0 0 0 0 0 0 41
 0 76 0 0 0 0 0 0 0 0 0 93 62 0 0 0 82 0 70 0 97 0 0 57 96 0 0 53 0 0 22 87 61 100 91 0 0 40 0 85
 47 74 58 0 0 53 38 0 42 51 0 89 63 20 0 0 0 0 29 32 0 0 0 0 59 0 0 0 0 51 100 0 0 53 0 0 0 0 0 0
