44
 0 0 0 160 26 46 22 143 55 56 109 0 0 49 0 0 65 156 85 79 150 46 0 43 132 0 21 0 0 0 41 32 44 0 110 87 117 0 19 152 85 7 0 36
 77 0 0 65 24 95 38 0 0 0 0 20 0 0 29 64 0 0 0 72 0 0 79 0 0 0 48 0 0 0 0 0 36 77 133 0 0 0 23 0 98 0 0 41
 77 30 0 0 85 16 0 140 0 98 0 98 34 58 0 96 91 76 0 0 108 0 140 0 124 53 53 73 149 0 0 0 87 0 123 154 57 93 54 0 38 61 63 86
 0 0 70 0 0 0 32 0 0 0 0 0 0 0 102 0 134 77 54 50 62 36 140 108 0 0 120 114 0 75 0 0 25 0 125 84 73 64 0 55 31 0 18 89
 0 0 0 4 0 105 0 128 0 114 0 0 0 71 100 84 116 54 89 89 33 0 98 61 165 75 108 107 3 0 0 0 86 0 6 71 12 144 0 18 58 0 15 99
 0 0 0 71 0 0 82 0 0 82 0 0 58 0 0 49 0 90 0 0 29 0 0 0 0 86 0 0 0 54 0 0 0 0 10 31 105 0 0 45 0 113 0 0
 0 0 55 0 21 0 0 0 0 0 0 0 54 0 0 88 0 43 0 0 58 0 0 0 40 54 0 0 0 0 0 0 0 38 66 0 0 56 94 0 0 0 0 34
 0 38 0 90 0 142 108 0 81 76 0 0 85 0 0 0 58 80 116 0 74 0 0 90 0 48 99 0 0 0 35 0 27 92 67 0 115 0 0 87 89 2 85 0
 0 84 102 104 82 36 46 0 0 25 0 0 0 19 35 0 0 114 55 0 76 21 0 0 0 0 155 0 68 58 0 88 0 0 0 0 0 140 0 76 70 35 125 29
 0 75 0 42 0 0 21 0 0 0 0 0 0 58 0 0 0 15 47 0 53 0 0 56 0 0 38 59 4 53 0 53 0 0 0 41 32 0 84 0 0 141 63 48
 0 138 24 123 26 74 112 71 82 173 0 0 0 51 41 0 67 0 0 0 89 55 0 44 35 25 13 70 22 38 0 0 149 88 67 15 83 53 157 94 34 8 0 168
 68 0 0 3 151 42 48 66 104 122 59 0 123 88 69 0 55 0 112 61 157 0 6 0 114 91 18 78 82 51 0 0 0 0 0 42 0 7 142 72 53 128 0 107
 65 102 0 51 160 0 0 0 101 76 17 0 0 86 94 0 0 155 3 0 0 92 89 133 124 0 135 55 84 112 0 27 56 0 19 31 64 0 0 125 74 62 24 87
 0 117 0 57 0 42 35 78 0 0 0 0 0 0 92 77 55 0 0 97 137 0 0 151 0 73 28 110 113 88 0 57 97 0 34 0 0 0 0 0 0 0 52 0
 71 0 50 0 0 79 107 19 0 128 0 0 0 0 0 0 63 162 9 86 0 0 0 53 56 0 0 0 0 107 95 98 16 0 110 0 0 127 0 0 0 40 0 0
 16 0 0 31 0 0 0 127 74 132 137 4 53 0 117 0 65 0 86 0 8 0 97 83 0 92 50 0 35 0 42 132 0 111 20 0 0 132 5 0 3 72 122 0
 0 0 0 0 0 149 32 0 73 8 0 0 71 0 0 0 0 0 148 72 53 54 0 56 0 0 3 67 47 0 71 0 10 0 0 123 93 168 40 0 0 77 43 0
 0 147 0 0 0 0 0 0 0 0 70 90 0 37 0 42 88 0 0 0 7 0 37 96 89 0 11 79 10 91 0 47 0 0 8 0 0 92 94 0 0 0 0 0
 0 60 93 0 0 146 33 0 0 0 96 0 0 63 0 0 0 90 0 0 16 0 0 0 0 0 0 131 2 92 0 18 0 0 0 0 0 99 0 0 0 131 100 0
 0 0 5 0 0 33 12 152 107 96 24 0 139 0 0 72 0 16 78 0 0 0 168 0 76 55 0 170 14 42 0 140 0 0 49 49 0 15 0 0 14 113 63 111
 0 89 0 0 0 0 0 0 0 0 0 0 58 0 58 0 0 0 0 97 0 0 95 0 0 0 0 0 0 0 49 0 0 0 117 0 0 0 47 72 0 0 0 0
 0 8 60 0 67 24 94 129 0 75 0 53 0 19 88 43 0 12 34 96 29 0 5 36 0 0 153 42 51 0 0 0 90 59 71 0 155 64 74 0 0 7 93 8
 78 0 0 0 0 5 47 32 88 146 94 0 0 49 0 0 63 0 77 0 0 0 0 156 0 0 94 25 51 64 0 91 157 0 62 51 111 33 0 0 71 0 95 159
 0 123 78 0 0 34 43 0 44 0 0 100 0 0 0 0 0 0 106 84 57 0 0 0 95 0 0 101 0 60 0 0 83 0 139 96 0 0 0 0 46 87 75 0
 0 19 0 71 0 62 0 143 37 74 0 0 0 16 0 65 67 0 79 0 86 69 40 0 0 0 30 62 0 38 89 0 76 0 0 0 0 0 0 51 49 0 167 0
 93 60 0 91 0 0 0 0 43 32 0 0 147 0 49 0 111 140 100 0 102 75 63 146 80 0 158 64 100 0 77 0 65 68 48 63 113 73 185 0 0 175 0 62
 0 0 0 0 0 80 145 0 0 0 0 0 0 0 69 0 0 0 71 74 54 0 0 78 0 0 0 9 81 0 83 0 36 0 0 0 78 0 27 0 45 10 0 0
 97 112 0 0 0 39 137 88 41 0 0 0 0 0 94 85 0 0 0 0 29 0 0 0 0 0 0 0 31 95 0 0 0 97 83 0 0 0 0 0 0 166 0 0
 76 57 0 91 0 146 112 75 0 0 0 0 0 0 39 0 0 0 0 0 115 0 0 49 59 0 0 0 0 0 0 0 0 89 5 0 60 0 0 75 0 48 0 45
 74 58 68 0 49 0 9 7 0 0 0 0 0 0 0 54 72 0 0 0 102 86 0 0 0 43 22 0 118 0 0 0 0 0 114 0 122 0 0 0 155 0 0 0
 0 90 122 29 61 84 115 0 115 18 52 11 105 120 0 0 0 43 62 64 0 90 165 135 0 0 0 130 49 13 0 44 0 0 109 53 45 109 8 138 20 0 113 60
 0 87 105 19 62 27 138 147 0 0 45 79 0 0 0 0 101 0 0 0 23 66 0 0 86 37 46 22 101 66 0 0 64 0 37 3 75 0 59 30 112 102 54 25
 0 0 0 0 0 46 57 0 75 39 0 98 0 0 0 62 0 98 68 64 61 0 0 0 0 0 0 22 80 95 34 0 0 0 64 72 92 0 100 0 0 130 0 0
 38 0 61 116 6 69 0 0 28 132 0 61 54 105 102 0 53 47 152 5 107 0 13 43 131 0 95 0 0 123 65 114 160 0 0 183 0 36 44 39 0 142 60 77
 0 0 0 0 0 0 0 0 96 86 0 90 0 0 0 0 73 0 94 0 0 0 0 0 68 0 0 0 0 0 0 0 0 78 0 64 0 49 0 0 0 39 93 100
 0 86 0 0 0 0 56 82 77 0 0 0 0 86 96 69 0 70 122 0 31 98 0 0 131 0 51 81 7 51 0 0 0 0 0 0 85 0 0 0 44 98 119 0
 0 146 0 0 0 0 11 0 95 0 0 75 0 48 99 67 0 57 36 0 20 0 0 98 47 0 0 70 0 0 0 0 0 66 187 0 0 0 0 0 0 73 0 0
 41 82 0 0 0 55 0 60 0 84 0 0 94 52 0 0 0 0 0 0 31 0 0 26 9 0 101 77 6 50 0 73 58 0 0 44 95 0 0 0 74 48 71 0
 0 0 0 40 69 141 0 90 84 0 0 0 0 65 163 0 0 0 66 60 0 0 49 68 116 0 0 62 26 34 0 0 0 0 81 66 4 70 0 86 20 158 136 91
 0 50 42 0 0 0 12 0 0 112 0 0 0 67 41 65 44 22 9 85 0 53 1 155 0 0 84 79 0 81 0 0 20 0 139 16 38 129 0 0 137 109 79 51
 0 0 0 0 0 19 52 0 0 66 0 0 0 20 66 0 77 16 80 0 125 63 0 0 0 47 0 46 161 0 0 0 7 79 26 0 14 0 0 0 0 77 16 0
 0 108 0 88 66 0 108 0 0 0 0 0 0 43 0 0 0 47 0 0 111 0 72 0 58 0 0 0 0 41 76 0 0 0 0 0 0 0 0 0 0 0 0 16
 49 73 0 0 0 38 76 0 0 0 67 99 0 0 28 0 0 21 0 0 87 0 0 0 0 91 84 117 68 77 0 0 96 0 0 0 58 0 0 0 0 67 0 0
 0 0 0 0 0 45 0 96 0 0 0 0 0 79 6 68 29 33 21 0 38 0 0 9 85 0 112 81 0 54 0 0 90 0 0 79 108 167 0 0 5 0 90 0
