40
 0 0 125 96 0 0 71 100 0 0 77 147 64 68 0 2 53 99 103 0 129 7 36 118 0 121 116 0 0 0 118 0 81 0 122 18 74 0 107 0
 98 0 0 74 0 64 0 0 140 0 0 0 62 0 0 88 0 0 84 58 86 0 0 0 27 0 0 70 0 0 0 0 0 56 0 0 0 0 9 0
 0 66 0 0 142 20 0 79 19 0 0 0 113 0 0 0 155 0 0 36 0 84 1 34 0 0 63 99 0 16 67 0 0 84 0 7 0 57 101 0
 0 0 54 0 40 15 51 10 101 0 129 12 21 113 0 28 0 26 105 8 50 29 109 37 0 0 53 73 51 1 23 43 63 63 67 0 98 57 67 131
 76 95 0 0 0 0 0 0 58 81 0 0 0 0 31 0 0 58 0 0 0 0 0 0 0 0 0 25 0 0 96 63 0 0 0 41 0 95 69 0
 73 0 0 0 24 0 0 100 25 0 0 0 42 97 0 0 103 0 22 0 51 0 79 68 0 0 0 98 125 70 0 0 92 96 0 83 71 64 100 64
 0 89 12 0 112 89 0 86 0 0 40 0 63 84 61 0 63 0 83 84 0 0 60 97 95 0 0 66 37 0 0 0 0 0 53 0 0 44 82 30
 0 133 0 0 65 0 0 0 118 0 0 0 0 13 55 88 93 80 0 87 0 71 9 0 0 101 0 88 137 86 24 0 0 49 0 10 0 35 23 112
 66 0 0 0 0 0 65 0 0 0 79 0 33 0 0 0 20 64 0 26 61 0 0 66 0 27 76 0 0 89 0 70 0 0 0 48 36 0 0 0
 18 31 34 76 0 78 96 72 140 0 0 0 48 34 0 0 128 0 0 0 0 0 46 55 68 0 0 0 45 53 34 92 0 99 0 91 75 126 89 0
 0 4 72 0 39 10 0 75 0 45 0 0 64 4 55 0 0 47 0 21 0 38 0 0 78 69 0 110 21 0 0 0 14 42 0 38 94 78 80 87
 0 61 104 0 52 85 39 77 12 3 159 0 0 68 88 90 9 0 0 84 72 80 0 89 67 0 0 0 55 81 0 0 0 0 70 26 43 0 86 69
 0 0 0 0 70 0 0 99 0 0 0 92 0 0 36 0 18 0 0 80 0 0 22 0 0 0 87 79 0 0 23 49 95 0 57 28 0 0 80 0
 0 101 56 0 68 0 0 0 67 0 0 0 120 0 0 0 34 0 35 34 0 0 103 0 51 0 0 0 0 0 0 0 19 0 0 76 0 144 88 93
 27 66 28 50 0 83 0 0 80 58 0 0 0 82 0 0 0 0 98 19 0 0 35 0 46 0 0 43 54 59 23 28 60 72 14 0 0 10 0 58
 0 0 59 0 116 5 33 0 53 2 75 0 90 34 71 0 85 0 0 106 0 66 70 0 0 0 0 0 0 0 2 94 5 10 13 0 97 53 16 24
 0 96 0 95 129 0 0 0 0 0 61 0 0 0 81 0 0 0 0 69 0 0 72 0 21 0 0 0 0 71 0 0 84 0 0 0 39 35 60 0
 0 138 89 0 0 20 27 0 0 66 0 30 58 89 49 59 121 0 78 0 0 89 41 0 61 0 0 70 69 0 0 0 31 0 0 53 0 57 12 89
 0 0 26 0 108 0 0 65 13 57 94 30 76 0 0 60 135 0 0 98 0 0 88 0 0 0 0 0 45 0 0 0 24 0 0 0 41 0 127 0
 39 0 0 0 26 68 0 0 0 27 0 0 0 0 0 0 0 66 0 0 0 0 30 0 0 0 0 20 0 0 72 0 0 0 0 64 0 77 0 0
 0 0 79 0 71 0 132 2 0 61 150 0 9 90 88 11 24 96 7 105 0 89 89 58 0 23 0 26 0 80 112 0 57 31 31 32 7 0 94 20
 0 46 0 0 31 81 58 0 34 98 0 0 110 80 99 0 10 0 6 108 0 0 18 0 0 0 0 0 0 54 0 0 16 81 0 44 0 36 63 0
 0 59 0 0 41 0 0 0 33 0 75 79 0 0 0 0 0 0 0 0 0 0 0 0 89 68 58 0 40 0 0 0 75 0 0 0 0 0 13 35
 0 5 0 0 119 0 0 42 0 0 1 0 74 23 82 111 38 63 54 3 0 70 22 0 0 0 0 90 33 13 95 114 0 0 81 0 76 85 115 87
 89 0 27 75 83 33 0 53 145 0 0 0 111 0 0 100 0 0 28 18 104 68 0 74 0 106 117 130 0 40 55 51 107 0 10 39 93 0 0 63
 0 15 19 64 67 83 13 0 0 60 0 98 51 61 20 95 92 65 50 64 0 68 0 97 0 0 0 0 62 38 59 84 48 0 71 88 0 11 0 18
 0 57 0 0 95 70 64 2 0 92 64 32 0 114 37 5 78 103 92 126 37 50 0 79 0 123 0 84 0 40 113 0 152 54 17 82 111 41 49 15
 95 0 0 0 0 0 0 0 34 77 0 72 0 1 0 34 23 0 39 0 0 7 63 0 0 65 0 0 0 155 0 0 81 59 0 108 0 0 10 0
 79 54 73 0 56 0 0 0 67 0 0 0 52 91 0 65 36 0 0 98 84 14 0 0 82 0 39 91 0 0 0 0 0 0 0 0 0 0 0 81
 82 102 0 0 30 0 5 0 0 0 64 0 24 75 0 62 0 102 105 4 0 0 146 0 0 0 0 0 90 0 0 90 26 0 0 90 0 0 28 26
 0 66 0 0 0 107 46 0 54 0 29 90 0 115 0 0 97 117 130 0 0 4 54 0 0 0 0 100 2 26 0 0 51 0 0 36 25 0 74 18
 21 66 42 0 0 64 89 25 0 0 62 96 0 63 0 0 52 39 64 18 77 46 22 0 0 0 72 126 66 0 68 0 0 0 87 107 0 125 100 99
 0 55 96 0 75 0 93 80 15 86 0 77 0 0 0 0 0 0 0 58 0 0 0 97 0 0 0 0 148 0 0 70 0 0 75 0 60 0 130 94
 74 0 0 0 104 0 40 0 43 0 0 69 14 22 0 0 89 43 114 10 0 0 5 0 19 55 0 0 35 74 12 32 34 0 70 52 85 10 143 0
 0 18 91 0 99 115 0 44 85 9 51 0 0 12 0 0 20 54 35 85 0 39 15 0 0 0 0 78 94 37 122 0 0 0 0 9 83 10 66 0
 0 104 0 57 0 0 60 0 0 0 0 0 0 0 96 100 106 0 26 0 0 0 53 17 0 0 0 0 80 0 0 0 42 0 0 0 64 52 65 50
 0 28 42 0 24 0 38 67 0 0 0 0 112 30 73 0 0 113 0 78 0 80 138 0 0 35 0 96 78 118 0 71 0 0 0 0 0 45 0 96
 75 9 0 0 0 0 0 0 100 0 0 65 136 0 0 0 0 0 80 0 24 0 18 0 62 0 0 80 41 72 29 0 102 0 0 0 0 0 76 11
 0 0 0 0 0 0 0 0 95 0 0 0 0 0 84 0 0 0 0 13 0 0 0 0 97 83 0 0 82 0 0 0 0 0 0 0 48 0 0 0
 29 32 66 0 54 0 0 0 83 70 0 0 77 0 0 0 49 0 140 17 0 54 0 0 0 0 0 84 0 0 0 0 0 63 33 0 0 0 61 0
