40
 0 0 0 0 0 0 0 46 77 0 0 0 0 0 69 56 38 0 0 0 0 0 0 95 0 0 0 74 77 0 0 75 0 0 0 0 0 89 0 0
 25 0 0 91 48 62 0 0 97 91 0 29 0 0 0 0 0 0 9 0 0 69 74 0 27 0 0 84 0 66 129 38 0 0 97 0 52 58 57 16
 75 50 0 0 52 29 64 99 0 0 2 0 0 0 0 59 24 0 0 0 0 77 0 0 43 0 93 0 60 63 0 0 0 0 71 55 0 0 0 0
 10 0 122 0 0 0 0 0 0 0 52 62 97 0 0 0 0 56 0 0 73 0 0 0 70 60 79 0 0 51 9 0 0 0 0 98 0 0 0 84
 26 0 0 70 0 16 0 0 0 0 0 90 0 0 0 0 0 0 80 73 0 0 70 0 52 0 75 45 0 69 0 0 0 0 0 0 0 78 62 50
 79 0 0 63 0 0 0 84 90 0 0 0 115 0 49 0 48 14 95 58 142 94 0 70 44 84 0 129 0 0 86 81 38 0 35 45 57 29 0 0
 50 109 0 23 32 52 0 143 45 108 0 78 63 0 0 0 137 116 16 28 0 0 0 0 63 49 0 0 41 26 0 0 26 86 0 22 32 0 0 5
 0 100 0 83 23 0 0 0 82 0 93 0 0 0 0 0 92 0 0 93 58 0 0 0 0 58 0 0 50 0 95 0 72 0 0 45 0 73 0 61
 0 0 3 122 83 0 0 0 0 0 0 0 72 0 72 0 0 94 0 89 0 81 0 64 0 0 28 95 10 39 13 109 0 100 0 25 0 71 145 9
 11 0 80 82 19 13 0 58 119 0 0 77 37 68 73 0 0 106 23 0 86 0 0 106 61 87 124 34 98 0 0 66 85 83 0 0 33 90 0 0
 7 77 0 0 119 2 60 0 106 53 0 32 84 45 85 0 36 8 53 50 0 0 0 2 27 83 0 0 0 0 0 0 0 0 0 45 122 69 39 59
 104 0 53 0 0 41 0 86 48 0 0 0 71 0 0 0 0 89 0 44 90 0 56 0 35 0 0 19 0 0 0 136 59 12 0 53 0 0 0 58
 34 26 29 0 106 0 0 16 0 0 0 0 0 0 0 0 75 0 0 98 97 0 0 51 0 0 0 0 0 83 28 0 64 0 0 40 97 0 0 38
 64 84 7 80 88 15 82 88 32 0 0 33 122 0 67 34 12 97 0 0 26 77 36 115 55 60 48 0 0 0 83 30 0 45 0 0 56 15 17 142
 0 23 63 128 86 0 69 33 0 0 0 63 53 0 0 97 0 0 67 30 0 105 0 15 0 0 0 0 72 73 23 95 17 0 28 0 24 46 43 9
 0 20 0 30 35 67 98 63 65 22 41 50 139 0 0 0 86 53 20 17 93 61 86 12 137 0 0 35 14 0 135 43 0 16 20 83 77 0 109 34
 0 100 0 3 67 0 0 0 80 65 0 92 0 0 89 0 0 97 0 100 0 51 0 0 47 0 0 0 63 67 0 63 0 55 0 81 0 0 122 37
 55 35 86 0 115 0 0 81 0 0 0 0 53 0 94 0 0 0 0 28 0 98 0 0 94 0 0 0 90 0 0 61 119 71 69 0 62 0 87 0
 47 0 130 46 0 0 0 72 26 0 0 99 36 60 0 0 76 100 0 23 0 39 57 0 2 0 0 77 0 0 47 90 59 69 39 0 44 0 33 34
 36 61 63 55 0 0 0 0 0 51 0 0 0 74 0 0 0 0 0 0 0 0 68 4 102 50 0 4 81 103 0 0 0 66 53 0 65 91 0 86
 140 37 7 0 97 0 99 0 41 0 78 0 0 0 32 0 151 73 22 19 0 89 0 18 23 50 68 71 0 0 16 0 50 21 0 40 92 0 67 9
 61 0 0 33 52 0 33 72 0 99 58 61 80 0 0 0 0 0 0 30 0 0 0 0 100 94 0 104 0 39 105 64 0 85 0 61 15 58 126 0
 13 0 7 110 0 56 95 77 46 85 51 0 25 0 89 0 39 116 0 0 26 88 0 81 0 71 93 46 21 68 0 11 0 45 0 39 0 133 50 0
 0 100 37 80 52 0 97 53 0 0 0 62 0 0 0 0 35 56 80 0 0 49 0 0 0 0 0 0 91 0 0 0 80 117 0 0 100 99 0 0
 3 0 0 0 0 0 0 96 74 0 0 0 72 0 57 0 0 0 0 0 0 0 74 94 0 79 88 45 54 0 0 0 0 0 0 0 0 100 67 0
 32 64 72 0 140 0 0 0 47 0 0 77 0 0 36 23 10 66 42 0 0 0 0 52 0 0 143 72 50 9 30 90 6 0 49 32 71 121 17 27
 148 43 0 0 0 93 54 10 0 0 88 53 112 0 52 95 88 85 88 73 0 5 0 72 0 0 0 0 3 0 0 18 0 52 119 0 95 0 0 0
 0 0 70 90 0 0 41 17 0 0 83 0 69 27 64 0 77 70 0 0 0 0 0 56 0 0 68 0 0 27 0 0 0 24 0 69 0 0 0 0
 0 7 0 128 35 0 0 0 0 0 62 59 107 55 0 0 0 0 59 0 22 99 0 0 0 0 0 72 0 0 0 15 0 66 0 16 0 0 0 56
 25 0 0 0 0 56 0 97 0 44 69 75 0 90 0 100 0 72 85 0 60 0 0 45 91 0 97 0 41 0 0 0 22 0 0 90 0 0 0 0
 105 0 91 0 45 0 39 0 0 44 74 59 0 0 0 0 95 82 0 0 0 0 49 52 63 0 74 98 93 34 0 98 100 86 0 27 0 0 0 0
 0 0 57 62 69 0 90 38 0 0 74 0 61 0 0 0 0 0 0 59 95 0 0 31 23 0 0 45 0 33 0 0 0 0 70 0 0 0 0 0
 58 30 73 7 119 0 0 0 61 0 79 0 0 76 0 43 96 0 0 42 0 26 57 0 123 0 96 80 9 0 0 58 0 25 47 0 88 97 88 0
 69 13 17 57 34 95 0 149 0 0 82 0 65 0 31 0 0 0 0 0 0 0 0 0 66 50 0 0 0 72 0 124 0 0 58 0 0 30 0 0
 24 0 0 16 36 0 96 44 98 18 32 100 6 73 0 0 43 0 0 0 29 69 53 92 55 0 0 4 43 95 73 0 0 0 0 0 0 0 27 46
 7 10 0 0 90 0 0 0 0 63 0 0 0 17 32 0 0 21 97 44 0 0 0 16 2 0 21 0 0 0 0 105 68 60 53 0 43 120 109 0
 31 0 10 48 80 0 0 101 38 0 0 76 0 0 0 0 22 0 0 0 0 0 54 0 137 0 0 97 35 46 39 61 0 107 62 0 0 0 0 38
 0 0 60 141 0 0 99 0 0 0 0 8 49 0 0 73 94 13 55 0 2 0 0 0 0 0 88 13 35 7 102 44 0 0 1 0 82 0 111 64
 29 0 46 44 0 69 62 93 0 68 0 77 89 0 0 0 0 0 0 65 0 0 0 112 0 0 49 40 12 58 74 14 0 10 0 0 68 0 0 0
 44 0 44 0 0 16 0 0 0 92 0 0 0 0 0 0 0 81 0 0 0 84 75 63 89 0 98 53 0 88 47 0 71 129 0 91 0 0 85 0
