40
 0 0 0 0 117 0 31 0 60 86 100 0 0 84 6 5 48 0 97 0 52 0 23 113 0 66 0 0 0 84 44 55 99 14 71 0 0 0 65 0
 99 0 52 84 109 0 90 0 55 0 118 0 140 0 0 37 0 60 61 0 13 0 58 125 15 54 19 0 87 0 92 0 142 0 0 71 0 60 49 0
 27 0 0 0 0 0 55 71 31 67 0 0 0 19 118 5 0 15 0 30 0 0 38 0 92 0 91 0 81 0 0 128 0 106 0 0 29 99 37 0
 85 0 63 0 82 0 34 3 13 0 13 90 0 73 0 0 80 54 0 0 0 0 26 123 81 0 61 63 0 0 0 0 0 141 0 18 82 96 131 0
 0 0 72 0 0 48 80 5 0 0 38 0 65 59 66 55 72 79 63 0 42 48 100 29 0 0 0 35 59 0 0 0 0 7 0 14 0 60 86 0
 44 79 83 46 0 0 28 0 0 0 30 21 0 0 50 20 15 16 7 12 42 6 29 51 85 0 0 0 22 75 1 68 89 120 0 17 55 0 0 56
 0 0 0 0 0 0 0 0 0 80 44 0 61 116 0 0 84 0 66 13 78 0 71 44 0 78 0 0 87 0 99 0 0 71 138 43 0 0 28 0
 91 53 0 0 0 75 73 0 0 0 0 0 66 0 36 107 0 77 0 27 0 0 0 48 86 0 86 0 84 0 121 23 48 44 0 103 93 72 89 0
 0 0 0 0 122 92 41 52 0 0 0 0 0 53 3 86 72 22 68 98 98 0 0 37 0 0 0 77 69 0 65 0 0 50 0 41 43 0 13 0
 0 91 0 33 27 42 0 38 26 0 31 49 52 107 9 72 14 17 41 0 142 20 0 54 47 0 91 86 0 0 93 117 11 0 0 125 15 0 97 0
 0 0 50 0 0 0 0 71 55 0 0 89 81 17 69 149 0 81 0 0 101 0 0 37 36 0 35 0 0 0 0 84 0 0 55 111 0 0 55 0
 65 47 71 0 24 0 70 12 39 0 0 0 0 19 81 62 0 83 0 138 0 0 60 0 0 0 62 70 9 62 72 0 69 0 121 0 77 0 82 0
 28 0 22 48 0 86 0 0 21 0 0 34 0 28 0 0 0 42 95 36 99 78 58 0 0 0 0 109 14 18 55 0 0 0 112 115 0 37 92 0
 0 42 0 0 0 88 0 88 0 0 0 0 0 0 20 45 70 0 0 42 0 0 0 0 0 0 0 44 0 0 50 0 0 46 134 103 0 0 0 0
 0 78 0 61 0 0 93 0 0 0 0 0 25 0 0 100 0 77 89 0 0 0 96 120 24 0 0 0 0 0 0 0 0 82 55 25 0 0 0 0
 0 0 0 46 0 0 57 0 0 0 0 0 61 0 0 0 86 0 0 0 0 73 0 138 65 100 0 15 0 0 81 0 0 0 2 0 0 0 0 0
 0 47 141 0 0 0 0 21 0 0 75 38 32 0 68 0 0 0 0 10 86 0 0 124 17 0 22 33 0 0 95 19 78 62 0 0 0 0 5 0
 69 0 0 0 0 0 36 0 0 0 0 0 0 93 0 57 100 0 0 101 40 0 33 62 35 56 29 0 0 44 51 40 14 45 115 0 0 0 121 79
 0 0 99 96 0 0 0 67 0 0 51 66 0 39 0 108 101 79 0 0 136 0 52 63 0 48 34 26 38 0 0 34 52 0 7 81 0 35 72 0
 87 70 0 97 124 0 0 0 0 92 13 0 0 0 157 4 0 0 29 0 29 76 11 7 0 0 0 44 0 0 6 99 29 129 110 43 14 0 24 0
 0 0 43 90 0 0 0 133 0 0 0 96 0 101 21 87 0 0 0 0 0 44 18 16 0 0 0 0 0 83 56 0 0 0 100 0 0 0 0 0
 53 39 12 72 0 0 80 60 21 0 94 52 0 45 128 0 4 56 46 0 0 0 0 0 108 0 39 0 0 54 9 0 0 114 133 1 80 0 83 0
 0 0 0 0 0 0 0 26 44 58 22 0 0 8 0 48 63 0 0 0 0 93 0 0 0 85 0 71 0 0 0 0 0 0 25 129 66 0 0 0
 0 0 98 0 0 0 0 0 0 0 0 89 95 90 0 0 0 0 0 0 0 96 56 0 0 39 87 0 0 19 0 0 0 111 92 41 38 0 0 43
 95 0 0 0 24 0 49 0 123 0 0 73 50 16 0 0 0 0 98 81 0 0 47 72 0 0 0 65 22 26 115 0 64 0 113 35 0 0 55 0
 0 0 56 156 107 54 0 43 130 93 69 35 35 10 27 0 9 0 0 8 38 52 0 0 23 0 85 25 42 87 0 27 46 0 100 0 81 30 37 0
 102 0 0 0 47 95 38 0 95 0 0 0 107 11 10 34 0 0 0 95 103 0 84 0 130 0 0 7 0 34 33 47 0 118 63 8 0 75 54 0
 5 54 3 0 0 58 6 25 0 0 67 0 0 0 107 0 0 36 0 0 22 66 0 124 0 0 0 0 45 70 0 86 105 0 17 39 50 0 86 0
 18 0 0 4 0 0 0 0 0 88 125 0 0 68 84 53 63 62 0 1 76 99 25 25 0 0 98 0 0 72 45 31 0 94 133 0 53 0 73 0
 0 82 74 103 48 0 9 0 31 0 102 0 0 52 79 3 96 0 70 38 0 0 138 0 0 0 0 0 0 0 20 33 0 66 155 81 63 0 0 40
 0 0 95 75 27 0 0 0 0 0 81 0 0 0 76 0 0 0 89 0 0 0 66 101 0 86 0 0 0 0 0 0 93 76 102 0 0 0 0 78
 0 98 0 25 127 0 48 0 35 0 0 124 9 39 19 69 0 0 0 0 15 52 35 67 65 0 0 0 0 0 56 0 30 43 0 2 36 0 87 62
 0 0 86 83 121 0 65 0 94 0 92 0 45 22 76 136 0 0 0 0 3 0 39 104 0 0 36 0 89 81 0 0 0 110 12 11 0 0 64 81
 0 86 0 0 0 0 0 0 0 88 71 56 50 0 0 59 0 0 96 0 90 0 44 0 17 63 0 51 0 0 0 0 0 0 7 0 0 0 0 0
 0 78 72 50 56 90 0 69 54 78 0 0 0 0 0 0 96 0 0 0 0 0 0 0 0 0 0 0 0 0 0 48 0 0 0 0 0 82 0 73
 59 0 87 0 0 0 0 0 0 0 0 77 0 0 0 100 99 89 0 0 70 0 0 0 0 59 0 0 82 0 85 0 0 75 77 0 0 29 88 35
 55 42 0 0 26 0 135 0 0 0 9 0 85 100 43 93 96 80 50 0 80 0 0 0 89 0 89 0 0 0 25 0 108 118 72 17 0 0 0 0
 48 0 0 0 0 89 126 0 22 38 50 125 0 105 47 53 109 109 0 133 34 74 50 8 96 0 0 88 121 25 56 59 1 59 0 0 31 0 114 0
 0 0 0 0 0 51 0 0 0 0 0 0 0 15 21 9 0 0 0 0 60 0 22 7 0 0 0 0 0 84 94 0 0 2 150 0 60 0 0 0
 136 26 68 57 40 0 52 44 49 42 77 47 70 71 32 42 74 0 64 44 61 94 20 0 22 21 135 25 71 0 0 0 0 49 0 0 57 94 89 0
