44
 0 13 79 0 50 21 61 39 0 43 15 101 0 0 64 0 0 0 87 30 0 0 13 34 72 18 0 53 36 0 77 120 0 1 0 0 0 0 0 40 47 31 0 0
 0 0 0 0 49 25 69 13 0 35 0 0 118 0 0 98 0 54 72 9 59 84 82 0 81 100 64 0 7 0 61 0 0 0 0 73 0 0 35 0 54 0 57 72
 0 60 0 0 77 81 62 0 59 0 0 0 0 0 0 0 0 50 0 0 0 0 0 0 0 79 95 0 40 0 51 0 0 0 0 0 0 47 0 51 100 98 0 75
 88 15 0 0 55 0 64 0 82 0 0 0 36 42 0 0 0 0 99 121 0 0 67 0 0 0 53 0 0 0 50 0 65 54 0 55 0 78 0 75 0 0 87 0
 0 0 0 0 0 73 0 0 0 58 0 0 0 46 85 95 99 0 0 0 0 0 0 0 0 0 0 33 0 0 27 11 0 109 29 24 0 0 11 0 0 0 0 0
 0 0 0 55 0 0 0 0 0 27 95 98 61 0 0 64 46 0 97 17 85 0 94 0 34 53 0 0 0 97 65 0 0 0 28 0 51 0 68 92 87 99 98 0
 0 0 0 0 49 26 0 61 0 0 81 0 44 0 0 0 0 0 0 103 71 0 0 0 74 41 16 76 0 93 99 53 0 86 50 14 79 104 0 0 0 69 0 0
 0 0 49 113 58 26 0 0 47 0 29 0 28 0 5 0 0 38 0 0 11 101 52 0 82 61 35 72 0 46 98 42 106 2 0 0 24 0 49 0 0 28 0 0
 50 42 0 0 83 38 9 0 0 1 0 47 55 0 57 0 0 11 91 82 0 0 0 0 51 0 0 16 28 70 0 30 90 82 98 86 41 0 0 6 0 0 0 0
 0 0 32 88 0 0 57 79 0 0 0 0 0 0 69 80 79 0 0 0 0 0 0 42 0 90 54 0 96 0 0 0 78 0 0 0 0 0 59 69 0 0 0 90
 0 22 63 27 9 0 0 0 67 39 0 0 0 67 60 75 27 0 0 93 0 0 0 16 0 0 0 0 0 72 0 0 0 66 0 0 22 5 0 18 38 31 48 0
 0 26 31 90 84 0 5 76 0 99 80 0 0 0 0 0 0 51 74 0 90 0 81 0 0 0 50 82 79 0 25 88 0 35 0 0 0 70 95 52 0 2 92 88
 57 0 44 0 56 0 0 0 0 76 94 73 0 0 0 0 0 0 0 0 0 77 0 41 0 92 25 0 0 44 0 0 97 84 0 87 0 0 57 0 0 39 76 0
 50 35 30 0 0 3 10 90 95 21 0 60 92 0 0 0 0 15 90 105 0 48 39 74 28 0 2 61 0 0 0 37 11 35 0 0 41 47 26 12 0 35 0 77
 0 11 34 46 0 6 15 0 0 0 0 0 0 60 0 0 0 66 0 22 23 0 23 32 0 78 17 69 0 0 77 0 32 64 0 0 32 91 0 3 0 0 0 0
 73 0 27 32 0 0 78 36 90 0 0 73 111 52 31 0 38 91 86 0 4 50 0 0 39 66 73 0 38 0 49 96 81 22 0 0 47 55 0 0 0 112 0 66
 64 79 7 25 0 0 23 37 28 0 0 86 40 42 60 0 0 0 0 12 0 82 55 0 4 64 39 19 0 0 105 0 38 0 56 0 0 0 0 0 99 24 21 0
 24 0 0 6 52 32 16 0 0 46 65 0 54 0 0 0 99 0 0 0 0 0 76 0 55 90 0 0 0 0 75 0 0 0 0 78 10 0 72 65 0 6 69 78
 0 0 87 0 5 0 44 33 0 31 72 0 60 0 64 0 30 32 0 44 80 72 16 74 0 69 0 56 0 0 10 24 8 0 32 124 31 51 3 62 25 122 0 43
 0 0 22 0 25 0 0 75 0 36 0 82 96 0 0 37 0 92 0 0 0 0 15 67 0 100 98 41 0 36 0 0 0 0 0 66 82 82 0 60 68 63 65 70
 74 0 47 31 32 0 0 0 23 14 51 0 45 75 0 0 82 26 0 70 0 0 10 0 0 0 0 0 0 0 0 0 0 0 43 0 60 58 0 26 0 111 0 0
 18 0 23 10 109 105 8 0 36 3 72 63 0 0 32 0 0 54 0 54 36 0 0 114 4 0 0 0 0 0 0 0 0 0 0 0 0 91 0 1 89 0 98 0
 0 0 30 0 48 0 17 0 42 51 62 0 12 0 0 100 0 0 0 0 0 91 0 0 21 71 80 0 80 0 0 88 87 0 0 0 99 0 0 0 0 94 0 0
 0 37 87 18 54 49 25 62 71 0 0 33 0 0 0 92 34 76 0 0 1 0 103 0 56 0 0 0 0 0 0 10 68 16 28 0 0 7 0 10 0 101 0 0
 0 0 4 1 85 0 0 0 0 60 88 29 39 0 53 0 0 0 71 15 37 0 0 0 0 0 0 93 4 0 47 0 86 0 0 0 35 0 0 81 0 28 82 0
 0 0 0 9 18 0 0 0 119 0 0 23 0 33 0 0 0 0 0 0 34 40 0 39 72 0 33 0 26 66 0 107 0 119 0 55 0 93 65 67 67 0 0 0
 47 0 0 0 74 50 0 0 53 0 57 0 0 0 0 0 0 1 99 0 43 63 0 27 77 0 0 22 55 0 0 49 88 0 0 0 0 61 92 0 0 6 0 0
 0 11 21 27 0 59 0 0 0 8 95 0 73 0 0 68 0 35 0 0 16 77 4 13 0 0 0 0 0 0 58 71 0 14 19 94 53 61 0 51 0 17 0 0
 0 0 0 55 2 6 50 76 0 0 45 0 12 85 96 0 95 45 100 47 54 77 0 31 0 0 0 87 0 0 0 0 0 57 68 90 72 2 66 0 0 0 0 96
 94 4 27 15 56 0 0 0 0 63 0 113 0 14 105 87 96 4 9 0 10 44 19 44 61 0 70 23 9 0 14 0 52 0 12 0 0 0 85 29 38 39 50 0
 0 0 0 0 0 0 0 0 73 3 29 0 10 45 0 0 0 0 0 3 54 53 61 115 0 93 32 0 45 0 0 0 0 0 0 86 80 30 44 39 0 0 115 69
 0 101 61 25 0 44 0 0 0 43 91 0 51 0 82 0 96 1 0 18 14 68 0 0 37 0 0 0 64 58 84 0 0 34 47 0 49 46 80 98 93 0 0 72
 86 50 31 0 94 83 36 0 0 0 40 41 0 0 0 0 0 89 0 11 44 75 0 0 0 70 0 24 97 0 99 18 0 0 3 0 37 0 0 106 0 32 36 77
 0 98 112 0 0 82 0 0 0 8 0 0 0 0 0 0 69 55 59 27 68 80 82 0 54 0 89 0 0 92 39 0 94 0 78 0 0 1 87 0 0 46 0 0
 93 72 96 16 0 0 0 72 0 35 73 46 4 0 0 72 0 46 0 98 0 89 37 0 82 67 99 0 0 0 53 0 0 0 0 0 0 60 80 88 0 109 0 0
 57 0 25 0 0 56 0 29 0 59 25 12 0 26 6 57 95 0 0 0 117 65 75 70 17 0 1 0 0 15 0 76 74 38 15 0 128 16 0 0 0 4 42 40
 98 96 19 78 39 0 0 0 0 74 0 56 104 0 0 0 81 0 0 0 0 65 0 68 0 98 94 0 0 89 0 0 0 27 32 0 0 16 0 9 94 0 0 100
 81 85 0 0 57 83 0 72 90 36 0 0 76 0 0 0 61 97 0 0 0 0 31 0 83 0 0 0 0 100 0 0 53 0 0 0 0 0 0 24 0 0 0 85
 36 0 77 26 0 0 25 0 60 0 20 0 0 0 19 48 91 0 0 120 111 16 22 68 56 0 0 86 0 0 0 0 38 0 0 80 26 20 0 45 0 27 0 0
 0 17 0 0 33 0 99 71 0 0 0 0 94 0 0 77 48 0 0 0 0 0 64 0 0 0 97 0 77 0 0 0 0 83 0 71 0 0 0 0 84 73 0 91
 0 0 0 126 5 0 9 52 75 46 0 5 30 59 78 3 0 21 0 0 27 0 66 5 4 0 63 20 125 0 73 0 101 38 99 41 0 37 16 0 0 113 56 0
 0 10 0 99 4 0 0 0 49 22 0 0 0 0 48 0 0 0 0 0 0 45 0 0 0 90 0 0 81 0 65 99 0 0 0 0 28 29 0 0 0 0 93 0
 25 0 51 0 23 0 37 81 75 11 0 0 0 86 66 95 0 0 87 0 33 0 65 75 0 99 51 12 59 0 0 51 0 35 41 0 29 17 79 86 0 0 0 0
 34 0 0 61 22 126 100 45 66 0 42 0 48 0 54 0 108 0 0 0 0 48 43 36 9 55 50 13 0 50 0 0 0 11 36 0 0 0 0 0 99 6 23 0
