44
 0 0 42 95 0 0 0 0 24 0 0 0 0 60 0 0 0 98 0 77 0 48 20 0 42 80 70 0 80 42 0 135 0 0 0 34 0 0 97 76 91 0 0 0
 119 0 45 0 0 0 46 34 0 44 0 125 142 0 0 85 26 0 0 105 97 56 131 6 32 128 116 149 0 107 80 0 0 7 48 46 0 0 0 21 0 28 0 0
 0 0 0 53 0 51 0 58 55 86 0 0 25 93 0 0 84 0 0 0 78 0 0 0 25 0 0 39 0 8 0 97 0 0 0 0 0 41 0 0 0 90 0 0
 0 123 0 0 25 0 86 0 142 0 49 0 50 73 0 8 0 154 4 89 4 0 106 124 37 19 0 27 90 68 110 13 0 0 45 0 0 0 0 0 0 43 65 63
 111 53 58 0 0 0 77 47 98 0 41 144 1 96 12 16 49 135 16 0 0 59 8 28 0 45 18 135 0 92 96 28 0 43 0 0 2 0 33 89 53 92 0 0
 75 54 0 85 52 0 38 0 0 0 38 5 34 9 111 0 122 76 20 156 0 79 82 135 47 105 29 80 0 0 0 0 0 120 17 63 0 85 0 0 92 91 0 129
 118 0 59 0 0 0 0 25 0 0 131 0 106 37 70 0 34 47 0 1 28 0 64 83 0 41 0 7 0 102 0 57 0 59 44 0 83 0 66 11 0 46 0 96
 92 0 0 19 0 78 0 0 0 57 0 0 62 0 0 0 37 98 0 0 0 0 0 83 0 64 0 0 0 76 0 96 100 74 0 54 0 0 0 114 0 49 0 0
 0 85 0 0 0 17 97 68 0 0 0 95 0 25 51 0 0 0 0 0 0 0 0 46 0 0 76 0 0 0 0 0 0 73 0 0 0 57 88 0 0 43 0 96
 39 0 0 39 45 65 33 0 94 0 58 0 76 59 0 0 6 0 0 0 91 84 42 93 33 0 34 45 61 84 92 38 0 0 0 42 0 0 72 26 0 0 0 119
 128 68 28 0 0 0 0 127 64 0 0 0 0 133 0 0 72 67 0 121 0 0 93 40 110 49 0 29 0 71 0 0 0 92 95 50 0 0 0 0 55 0 0 0
 70 0 93 61 0 0 79 48 0 69 62 0 61 136 24 42 56 0 74 17 84 148 92 103 0 87 0 11 0 86 0 77 0 14 0 0 0 0 32 3 29 41 0 84
 50 0 0 0 0 0 0 0 96 0 152 0 0 70 0 5 0 76 0 22 0 0 73 42 144 0 17 67 50 0 13 46 0 0 34 0 0 66 2 0 0 53 0 0
 0 90 0 0 0 0 0 48 0 0 0 0 0 0 0 0 0 30 87 0 0 50 63 87 78 0 0 0 43 0 0 0 0 0 0 0 0 0 0 54 0 0 77 51
 91 89 13 99 0 0 0 44 0 27 26 0 17 110 0 0 137 0 86 150 83 110 14 83 0 25 137 8 0 8 0 0 81 30 0 0 0 0 89 66 0 42 0 162
 64 0 99 0 0 71 100 53 8 26 72 0 0 135 37 0 66 0 0 0 0 0 90 0 73 65 0 16 0 0 0 18 74 0 60 0 0 50 0 35 0 0 55 74
 100 0 0 87 0 0 0 0 59 0 0 0 75 85 0 0 0 0 0 12 0 91 0 0 76 131 48 28 0 0 0 0 0 0 0 0 0 0 0 105 100 55 0 0
 0 84 82 0 0 0 0 0 61 80 0 87 0 0 69 136 89 0 114 38 36 0 0 17 0 81 65 37 0 35 84 121 43 37 63 39 82 0 77 35 0 65 0 66
 82 53 110 0 0 0 87 54 60 3 49 0 7 0 0 66 2 0 0 14 0 0 0 30 14 34 67 0 83 77 0 16 0 8 0 45 88 0 0 0 0 0 0 63
 0 0 71 0 78 0 0 93 1 75 0 0 0 92 0 91 0 0 0 0 0 0 0 93 0 11 0 0 0 123 81 0 27 96 0 0 0 0 0 120 0 0 0 49
 25 0 0 0 81 88 0 15 3 0 73 0 13 85 0 138 22 0 73 122 0 0 54 0 0 72 0 116 0 52 63 38 0 79 0 0 86 0 74 118 0 0 32 0
 0 0 71 100 0 0 42 2 128 0 95 0 58 0 0 53 0 25 30 36 153 0 88 21 92 0 57 76 0 155 46 86 0 101 58 0 0 0 92 42 0 83 0 0
 0 0 29 0 0 0 0 51 45 0 0 0 0 0 0 0 69 100 80 26 0 0 0 114 0 0 95 0 0 47 0 0 0 0 0 0 0 0 0 57 0 97 96 97
 73 0 27 0 0 0 0 0 0 0 0 0 0 0 0 59 97 0 0 0 55 0 0 0 0 0 71 0 49 0 0 86 0 0 76 66 99 12 0 0 51 0 0 0
 0 0 0 0 94 0 59 81 46 0 0 72 0 0 68 0 0 86 0 2 97 0 125 107 0 52 73 0 0 26 97 114 0 0 0 88 0 76 0 47 95 0 29 0
 0 0 23 0 0 0 0 0 32 66 0 0 43 29 0 0 0 0 0 0 0 62 71 56 0 0 0 0 89 0 25 0 100 0 77 0 0 0 0 68 0 0 0 40
 0 0 46 56 0 0 92 68 0 0 29 9 0 54 0 19 0 0 0 118 99 0 0 0 0 99 0 0 0 0 68 0 0 66 67 0 82 0 0 27 0 0 0 133
 17 0 0 0 0 0 0 80 45 0 0 0 0 35 0 0 0 0 93 7 0 0 23 12 22 57 48 0 0 106 0 0 64 62 0 0 0 79 0 39 0 0 0 30
 0 46 86 0 135 3 96 13 63 0 67 112 0 0 36 40 45 23 0 3 132 23 139 0 97 0 64 49 0 22 16 0 10 0 88 0 99 42 92 22 0 102 42 31
 0 0 0 0 0 68 0 0 36 0 0 0 87 56 0 73 55 0 0 0 0 0 0 71 0 28 18 0 0 0 81 0 98 0 0 0 0 98 72 31 63 18 0 0
 81 0 54 0 0 83 26 154 12 0 130 28 0 45 44 51 78 0 75 0 0 0 102 85 0 0 0 87 0 0 0 0 0 93 0 0 0 72 0 0 81 37 0 73
 0 58 0 0 0 16 0 0 66 0 5 0 0 19 98 0 39 0 0 93 0 0 69 0 0 60 91 93 70 80 89 0 0 52 0 63 0 25 0 31 0 64 99 0
 78 122 44 28 55 98 49 0 21 143 10 52 5 48 0 0 137 0 136 0 40 0 40 143 84 0 12 0 0 0 80 73 0 0 46 67 0 84 0 110 30 0 0 70
 39 0 30 100 0 0 0 0 0 52 0 0 88 20 0 28 17 0 0 0 0 0 47 80 61 75 0 0 88 114 0 0 0 0 0 0 0 0 0 79 0 0 0 0
 61 0 70 0 90 0 0 46 75 27 0 81 0 115 88 0 34 0 71 41 97 0 130 0 59 0 0 61 0 115 127 3 0 9 0 0 48 50 0 69 0 0 0 91
 0 0 30 97 115 0 87 0 9 0 0 80 34 13 71 40 1 0 0 4 54 120 97 0 0 10 82 111 0 108 73 0 0 92 0 0 0 69 60 79 92 4 6 89
 20 93 137 90 0 48 0 3 104 90 44 19 139 44 5 42 57 0 0 27 0 27 163 0 92 23 0 41 0 147 85 27 72 72 0 25 0 0 128 52 69 45 0 0
 62 30 0 18 100 0 119 139 0 110 14 141 0 40 85 0 51 85 18 34 37 57 70 0 0 18 11 0 0 0 0 0 0 84 0 0 56 0 6 103 88 26 77 38
 0 42 51 89 0 14 0 16 0 0 9 0 0 36 0 146 43 0 0 11 0 0 70 49 13 83 42 62 0 0 87 41 23 0 82 0 0 0 0 36 74 0 54 107
 0 0 90 94 0 90 0 0 49 0 86 0 31 0 0 0 0 0 45 0 0 0 0 15 0 0 0 0 0 0 96 0 0 0 0 0 0 0 0 0 13 0 0 0
 0 62 102 19 0 0 92 1 124 17 0 0 72 54 80 46 0 33 66 46 70 99 3 0 0 155 2 42 68 0 0 86 0 24 42 0 0 0 0 0 0 0 14 0
 4 0 0 0 0 0 0 0 0 19 24 0 0 100 0 29 0 0 31 110 86 0 0 64 126 11 115 63 0 0 0 0 61 91 79 0 0 0 119 19 21 0 0 162
 102 92 23 0 80 39 101 76 74 139 55 87 136 0 52 0 95 118 2 150 0 2 0 8 0 35 22 3 0 45 25 0 116 46 77 0 90 0 0 39 0 28 0 33
 156 44 43 0 14 0 0 97 0 0 7 0 88 0 0 0 44 0 0 0 0 90 0 67 15 0 0 0 0 93 0 104 0 66 0 0 41 0 0 26 99 0 0 0
