44
 0 25 0 0 78 150 0 0 64 86 48 38 20 64 13 44 0 0 0 20 0 0 34 95 0 74 80 31 37 72 53 112 72 1 102 0 108 31 23 89 47 92 52 0
 0 0 0 52 0 0 0 49 0 0 83 0 98 144 0 0 0 40 0 0 0 0 0 0 105 0 53 62 0 0 70 33 88 0 0 79 124 49 95 0 0 0 0 72
 23 16 0 69 51 0 0 18 0 0 0 0 0 97 0 0 0 0 0 0 0 0 0 0 0 110 0 78 0 30 32 101 75 0 0 0 0 0 0 0 0 0 0 0
 21 0 0 0 114 44 0 36 0 27 27 139 78 59 0 0 93 0 4 108 0 28 148 0 121 115 90 0 0 0 0 25 0 56 0 11 14 5 18 52 64 89 55 115
 0 67 0 0 0 0 0 69 46 0 0 0 0 4 0 0 0 92 0 0 0 0 0 0 0 0 0 0 0 61 75 74 10 68 0 0 76 0 61 0 0 0 125 75
 0 74 9 0 34 0 47 0 0 0 35 10 0 17 61 0 0 0 0 38 0 14 0 91 69 66 89 82 0 0 0 0 0 0 0 0 5 0 99 0 60 44 59 0
 96 127 57 57 97 0 0 57 114 19 66 55 0 40 35 0 56 38 44 0 0 7 11 95 9 128 41 19 147 136 79 64 59 56 78 61 73 0 141 17 66 62 37 0
 92 0 0 0 0 74 0 0 0 0 0 0 0 0 66 90 0 98 0 0 0 0 80 0 0 93 0 0 0 0 95 0 0 51 0 0 0 0 0 0 0 86 0 77
 0 84 175 29 0 116 0 50 0 0 0 79 85 95 62 125 0 0 84 100 0 0 0 14 14 0 96 46 75 88 13 82 80 0 19 28 0 0 0 113 0 78 116 137
 0 7 140 0 63 149 0 31 75 0 111 15 0 120 0 0 38 0 89 0 0 119 0 39 81 95 0 0 0 100 0 109 0 103 0 0 100 96 0 0 0 0 0 0
 0 0 53 0 8 0 0 133 71 0 0 57 36 0 0 53 0 56 0 0 0 4 0 34 0 0 57 0 96 0 82 44 0 30 0 0 0 0 74 50 0 0 0 36
 0 27 14 0 79 0 0 91 0 0 0 0 0 35 94 0 0 0 76 0 0 0 0 78 68 43 0 89 0 0 0 138 0 0 0 81 95 0 67 0 0 62 89 0
 0 0 19 0 72 64 63 134 0 82 0 62 0 5 77 0 43 55 119 0 0 0 0 0 98 48 3 87 28 46 0 135 0 0 0 77 4 76 0 80 155 0 18 89
 0 0 0 0 0 0 0 57 0 0 62 0 0 0 0 0 0 0 0 0 0 0 0 0 6 83 92 0 37 69 0 122 0 93 0 0 0 0 53 0 0 0 41 0
 0 12 61 3 17 0 0 0 0 136 35 0 0 55 0 0 71 0 68 0 0 74 0 88 13 113 0 0 0 0 76 74 0 40 0 0 19 0 35 126 86 0 150 0
 0 35 171 67 103 28 48 0 0 138 0 74 117 3 55 0 0 0 92 63 0 110 0 135 0 99 83 0 132 0 84 90 0 58 72 34 15 156 64 19 0 24 78 77
 56 112 44 0 69 111 0 86 99 0 71 88 0 95 0 89 0 0 0 94 0 7 0 122 24 125 0 0 26 0 0 75 94 79 0 65 119 34 0 0 0 0 0 43
 58 0 137 20 0 95 0 0 78 95 0 77 0 55 66 26 89 0 25 0 148 11 97 0 23 14 12 0 10 17 42 0 109 135 85 0 95 7 33 15 52 62 55 78
 74 118 158 0 66 2 0 132 0 0 59 0 0 12 0 0 15 0 0 0 17 5 0 46 77 60 93 0 0 0 0 71 0 63 0 0 56 58 0 0 0 91 74 0
 0 53 98 0 25 0 34 3 0 36 47 99 146 65 116 0 0 74 34 0 87 25 0 0 62 0 52 0 115 56 0 158 67 0 0 0 0 63 152 72 125 61 68 45
 40 84 9 57 99 89 73 108 0 4 119 3 105 116 22 39 138 0 0 0 0 43 0 0 104 0 134 74 80 117 0 127 0 57 93 0 149 0 0 0 120 143 30 145
 59 149 13 0 45 0 0 57 98 0 0 101 57 138 0 0 0 0 0 0 0 0 90 0 42 24 52 0 0 0 0 5 0 0 0 0 48 48 73 0 0 0 6 0
 0 66 72 0 7 41 0 0 60 40 78 84 77 5 130 56 27 0 114 43 121 0 0 78 0 90 66 0 130 89 27 0 96 103 0 138 0 65 53 80 56 36 0 63
 0 8 49 43 67 0 0 80 0 0 0 0 58 106 0 0 0 85 0 94 38 50 0 0 107 14 52 0 0 31 0 0 0 75 0 0 0 0 96 80 0 0 18 0
 71 0 50 0 64 0 0 48 0 0 49 0 0 0 0 96 0 0 0 0 0 0 71 0 0 97 0 66 0 0 0 0 0 0 0 0 0 0 0 0 0 0 0 0
 0 26 0 0 61 0 0 0 90 0 92 0 0 0 0 0 0 0 0 0 27 0 0 0 0 0 49 0 0 0 94 7 97 23 0 0 9 0 0 0 0 0 96 0
 0 0 25 0 26 0 0 19 0 36 0 50 0 0 99 0 8 0 0 0 0 0 0 0 0 0 0 0 0 0 40 53 0 91 80 0 11 0 77 133 25 0 0 73
 0 0 0 73 25 0 0 67 0 142 115 0 0 42 63 50 100 61 144 68 0 63 66 159 0 39 104 0 26 33 48 55 101 0 0 98 32 101 20 0 0 0 0 0
 0 0 70 48 3 47 0 47 0 124 0 65 0 0 35 0 0 0 57 0 0 65 0 46 28 60 45 0 0 53 87 0 110 60 0 66 18 36 91 72 30 92 0 78
 0 83 0 73 0 156 0 98 0 0 36 115 0 0 82 64 21 0 7 0 0 112 0 0 127 22 37 0 0 0 0 6 0 19 0 0 58 0 96 74 63 0 0 90
 0 0 0 0 0 86 0 0 0 66 0 28 6 63 0 0 68 0 116 57 22 21 0 30 48 0 0 0 0 74 0 0 8 45 0 0 0 26 0 68 48 45 0 78
 0 0 0 0 0 92 0 47 0 0 0 0 0 0 0 0 0 50 0 0 0 0 21 59 78 0 0 0 92 0 81 0 0 0 0 0 36 0 95 0 0 0 85 0
 0 0 0 84 0 46 0 138 0 5 88 61 15 136 22 100 0 0 36 0 41 96 0 55 60 0 99 0 0 20 0 74 0 0 0 0 35 0 0 59 92 0 40 78
 0 57 10 0 0 80 0 0 84 0 0 94 92 0 0 0 0 0 0 75 0 29 0 0 64 0 0 85 0 0 0 45 98 0 0 26 0 90 0 0 0 0 0 69
 0 67 52 69 152 104 0 74 0 146 32 40 86 107 120 0 4 0 88 47 0 88 89 56 14 15 0 159 25 69 41 13 123 40 0 0 44 9 78 60 0 0 56 0
 91 0 128 0 21 80 0 77 0 26 74 0 0 143 34 0 0 45 105 108 44 109 0 2 65 92 30 0 0 81 93 19 57 0 50 0 0 84 50 0 45 11 38 49
 0 0 67 0 0 0 0 69 93 0 46 0 0 56 0 0 0 0 0 80 0 0 59 29 49 0 0 0 0 0 95 0 0 24 0 0 0 0 0 0 84 0 49 0
 0 0 53 0 146 91 88 36 37 0 12 34 0 129 4 0 0 0 0 0 58 0 0 72 77 77 9 0 0 63 0 70 75 0 0 0 71 0 51 28 50 0 143 0
 0 0 14 0 0 0 0 5 64 97 0 0 81 0 0 0 36 0 45 0 125 0 0 0 18 33 0 0 0 0 80 0 114 4 0 0 145 0 0 80 11 56 88 0
 0 39 19 0 70 141 0 122 0 33 0 38 0 49 0 0 73 0 113 0 0 52 0 0 87 71 0 96 0 0 0 49 0 79 0 64 116 0 0 0 0 86 0 71
 0 13 85 0 14 0 0 70 85 0 91 61 0 107 0 84 57 0 65 0 0 14 0 74 105 36 0 68 0 0 0 63 0 88 55 0 0 0 0 28 0 51 94 97
 0 64 121 0 42 0 0 0 0 113 91 0 72 134 127 0 31 0 0 0 0 48 0 9 44 28 79 34 0 77 0 86 52 97 41 0 133 37 0 0 0 0 0 16
 0 42 86 0 0 0 0 133 0 100 95 0 0 0 0 0 56 0 0 0 0 0 96 0 101 0 27 67 99 65 87 0 0 76 0 0 0 0 0 34 0 17 0 0
 35 0 56 0 0 118 40 0 0 17 0 30 0 21 115 0 0 0 54 0 0 27 0 116 78 86 0 36 0 0 0 20 0 0 54 0 45 31 93 0 0 0 58 0
