44
 0 0 0 0 0 41 56 0 0 0 0 79 0 0 0 0 0 0 0 0 0 0 0 0 65 0 87 0 0 68 119 0 0 0 0 2 0 89 0 52 99 0 0 0
 34 0 56 62 59 0 10 62 42 29 0 28 129 82 32 0 0 0 99 42 97 0 0 59 17 0 0 68 102 41 0 140 60 14 44 16 0 24 5 31 89 67 0 33
 83 0 0 64 0 0 95 98 89 0 0 0 0 0 0 0 0 95 0 74 0 0 104 15 33 45 0 0 87 10 22 0 0 56 96 46 0 0 0 0 0 0 0 0
 51 0 0 0 0 27 20 33 0 84 138 53 128 0 3 51 0 0 72 22 0 0 57 66 91 84 19 21 0 18 0 59 0 79 0 62 0 59 1 0 0 0 124 0
 69 0 3 37 0 0 49 82 23 0 43 0 0 3 98 0 0 26 47 36 28 127 11 131 33 0 66 103 51 55 0 0 25 33 118 0 0 11 0 128 0 74 0 0
 0 56 44 0 99 0 0 0 0 53 0 0 94 0 0 0 0 0 0 0 0 0 78 70 48 0 0 43 94 47 92 0 0 0 0 93 0 0 29 0 0 0 100 0
 0 0 0 0 0 28 0 0 0 0 23 0 0 0 3 93 0 0 70 0 0 0 0 45 0 0 94 0 3 0 0 0 43 0 0 0 0 79 0 0 0 41 0 0
 83 0 0 0 0 114 4 0 0 0 0 8 0 0 0 81 0 47 48 0 38 0 0 56 0 0 0 0 0 84 0 0 103 58 58 23 82 110 53 0 0 138 0 0
 41 0 0 39 0 57 122 0 0 36 72 9 39 0 0 0 0 0 17 0 30 54 52 55 72 0 0 0 30 0 0 0 0 0 97 0 96 0 0 38 0 0 0 89
 147 0 70 0 96 0 84 94 0 0 0 0 0 0 0 0 0 0 0 0 89 0 0 50 79 0 0 0 25 0 40 37 96 0 34 0 12 0 0 0 0 0 0 0
 75 93 49 0 0 141 0 94 0 33 0 44 105 8 84 0 0 81 98 0 0 5 26 3 49 0 0 83 0 3 117 0 128 0 40 0 0 94 71 22 0 0 95 0
 0 0 13 0 61 120 15 0 0 54 0 0 18 0 0 62 0 0 78 0 66 0 44 73 153 0 0 42 1 0 37 99 0 0 92 130 0 95 68 0 50 0 0 43
 9 0 99 0 61 0 94 76 0 31 0 0 0 0 55 0 0 0 113 0 44 47 5 15 39 0 0 0 69 56 39 77 0 72 89 32 0 67 55 0 0 0 20 0
 67 0 78 91 0 76 38 0 85 26 0 83 50 0 14 0 0 51 36 0 51 37 0 47 0 0 0 107 0 127 0 120 0 0 0 128 69 8 48 23 86 45 82 0
 8 0 57 0 0 99 0 93 84 80 0 81 0 0 0 57 0 0 0 0 0 0 26 0 85 64 0 0 78 83 113 0 83 0 0 0 53 0 124 0 0 40 72 0
 83 94 14 0 77 49 0 0 134 2 109 0 50 11 0 0 67 0 76 36 60 35 40 0 0 0 0 6 0 94 0 6 109 38 75 1 0 0 36 3 0 0 0 88
 63 19 84 105 62 76 30 77 55 23 92 83 121 75 29 0 0 0 0 107 118 61 48 0 9 102 66 35 74 12 88 0 22 49 81 77 0 63 17 0 40 3 99 36
 44 5 0 15 0 9 130 0 36 57 0 44 40 0 111 15 93 0 77 0 13 50 0 33 0 0 0 136 71 92 13 73 8 63 100 0 0 58 20 0 0 0 76 49
 12 0 78 0 0 60 0 0 0 7 0 0 0 0 19 0 70 0 0 63 15 0 9 53 3 0 84 0 0 66 124 0 64 71 0 47 0 12 105 0 0 0 0 68
 63 0 0 0 0 89 43 68 11 117 22 9 95 53 47 0 0 90 0 0 0 0 4 0 91 0 80 123 102 68 90 0 61 99 88 35 75 69 11 22 0 0 98 0
 12 0 22 82 0 95 69 0 0 0 24 0 0 0 43 0 0 0 0 82 0 0 9 41 107 0 0 0 60 0 33 0 0 0 0 14 0 54 59 0 88 0 0 89
 150 89 61 96 0 68 42 68 0 78 0 43 0 0 5 0 0 0 88 33 77 0 97 48 27 0 41 132 0 0 23 0 67 0 0 91 0 0 0 0 0 0 84 0
 3 57 0 0 0 0 63 58 0 25 0 0 0 68 0 0 0 95 0 0 0 0 0 31 95 0 0 0 53 0 0 26 98 70 0 4 81 35 48 0 0 0 0 0
 79 0 0 0 0 0 0 0 0 0 0 0 0 0 81 64 42 0 0 99 0 0 0 0 0 0 82 87 0 0 0 0 0 0 0 0 0 0 14 97 0 0 48 0
 0 0 0 0 0 0 38 76 0 0 0 0 0 25 0 89 0 38 0 0 0 0 0 100 0 0 0 27 0 54 51 90 40 0 0 17 41 0 0 0 0 0 79 0
 60 39 0 0 86 91 57 54 106 33 50 16 57 33 0 64 0 76 38 62 0 44 31 98 51 0 68 0 28 8 0 25 32 63 72 95 73 0 0 2 0 16 0 130
 0 62 39 0 0 48 0 114 93 64 51 45 27 47 37 80 0 63 0 0 77 0 15 0 29 0 0 0 62 0 61 115 126 75 0 37 0 10 33 135 0 0 0 33
 107 0 67 0 0 0 48 98 44 98 0 0 46 0 38 0 0 0 100 0 84 0 36 0 0 51 74 0 0 75 37 72 39 0 45 0 0 57 25 0 0 0 26 0
 66 0 0 54 0 0 0 95 0 0 64 0 0 32 0 98 0 0 35 0 0 53 0 83 0 0 0 44 0 52 101 0 0 0 0 0 0 83 37 42 60 45 31 0
 0 0 0 0 0 0 63 0 46 64 0 47 0 0 0 0 0 0 0 0 97 86 114 69 0 0 52 0 0 0 122 0 0 0 0 0 0 0 0 0 46 0 0 72
 0 70 0 100 41 0 35 97 83 0 0 0 0 100 0 81 0 0 0 0 0 0 99 27 0 71 0 0 0 0 0 0 0 42 87 0 98 63 80 100 0 0 87 86
 27 0 78 0 27 34 116 62 52 0 89 0 0 0 19 0 98 0 67 61 110 84 0 0 0 0 0 0 38 8 11 0 71 0 83 61 59 0 0 36 0 0 0 0
 8 0 82 68 0 7 0 0 11 0 0 0 62 62 0 0 0 0 0 0 114 0 0 100 0 0 0 0 79 54 46 0 0 0 0 7 75 43 34 17 0 75 0 74
 4 0 0 0 0 28 39 0 102 55 60 95 0 14 2 0 0 0 0 0 27 6 0 70 81 0 0 48 105 53 0 17 51 0 55 47 0 1 22 53 0 0 0 0
 62 0 0 31 0 133 85 0 0 0 0 0 0 26 45 0 0 0 96 0 130 8 62 76 57 0 20 0 35 48 0 0 124 0 0 48 32 0 0 96 0 0 0 91
 0 0 0 0 18 0 0 0 34 98 73 0 0 0 73 0 0 96 0 0 0 0 0 66 0 0 0 61 90 78 53 0 0 0 0 0 0 0 0 92 17 0 0 91
 39 74 16 63 25 35 69 0 0 0 3 68 78 0 0 105 53 88 6 0 10 66 0 33 0 0 93 102 101 50 0 0 0 3 0 25 0 89 86 132 0 0 0 0
 0 0 42 0 0 46 0 0 106 39 0 0 0 0 57 77 0 0 0 0 0 95 0 5 42 54 0 0 0 82 0 57 0 0 73 38 0 0 59 39 0 0 0 80
 97 0 41 0 79 0 27 0 67 40 0 0 0 0 0 0 0 0 0 0 0 64 0 0 92 81 0 0 0 13 0 82 0 0 55 23 0 0 0 81 0 23 0 0
 0 0 38 34 0 1 65 95 0 48 0 61 60 0 78 0 84 71 10 0 5 92 64 0 136 0 0 67 0 15 0 0 0 0 0 0 0 0 0 0 0 0 0 9
 0 0 54 80 60 77 54 23 105 62 108 0 46 0 10 90 0 13 39 46 0 98 23 14 41 74 120 8 0 0 95 121 71 27 123 0 85 83 15 99 0 0 0 0
 144 0 6 28 0 48 0 0 33 102 129 18 30 0 0 65 0 48 128 25 35 40 62 72 59 0 63 41 0 89 76 50 0 8 79 2 40 75 0 64 17 0 37 123
 101 66 53 0 67 0 48 53 93 28 0 9 0 0 0 70 0 0 34 0 10 0 115 0 0 80 86 0 0 38 0 39 49 27 2 100 79 25 11 68 67 0 0 65
 19 0 132 69 60 32 27 99 0 78 57 0 51 77 24 0 0 0 0 71 0 86 58 54 50 0 0 58 5 0 0 113 0 58 0 0 89 0 27 0 90 0 0 0
