44
 0 63 57 36 0 0 0 44 0 0 62 30 0 88 0 62 0 36 78 94 0 0 58 0 0 0 76 0 0 0 0 84 0 0 122 0 57 0 0 69 0 0 0 0
 0 0 59 0 53 0 0 0 0 0 124 7 0 22 0 0 0 0 2 0 0 0 0 0 94 0 0 22 20 0 0 80 77 0 0 0 74 74 47 0 4 0 49 50
 0 0 0 95 98 0 0 0 50 93 0 0 0 69 0 95 0 0 0 81 94 70 0 0 84 0 52 78 0 0 0 0 0 88 0 0 0 0 0 0 106 0 0 0
 0 53 0 0 0 0 0 0 67 0 12 0 94 0 0 0 88 26 0 0 73 0 79 96 78 91 97 59 0 0 0 0 35 0 0 24 0 0 32 28 0 0 40 0
 74 0 0 30 0 38 0 0 0 65 42 35 0 93 0 0 40 0 70 63 0 97 0 29 0 20 22 0 0 0 0 100 0 0 0 52 0 0 0 0 7 0 71 0
 12 21 4 1 0 0 84 0 73 0 0 0 0 0 42 0 0 0 64 0 0 33 0 0 0 0 0 0 0 62 5 0 132 59 130 21 0 0 84 52 47 0 102 49
 78 45 1 58 59 0 0 0 117 0 38 25 0 56 74 0 76 57 0 0 83 62 0 76 0 0 48 96 24 0 0 0 0 20 39 79 124 7 0 71 107 54 70 52
 0 47 7 10 40 45 118 0 5 0 0 28 0 37 77 14 67 0 0 0 0 0 0 0 0 84 84 0 0 14 0 0 52 31 88 0 0 33 0 0 109 55 0 0
 7 9 0 0 38 0 0 0 0 78 0 0 98 75 6 0 0 0 62 0 0 70 11 95 0 0 0 0 1 51 0 0 98 76 84 0 0 42 0 0 74 89 115 0
 51 58 0 16 0 71 0 28 0 0 0 82 75 0 0 0 0 0 109 62 67 100 0 0 0 0 0 0 0 0 51 71 68 0 89 0 0 13 0 125 0 0 0 17
 0 0 76 0 0 27 0 13 79 33 0 0 0 0 0 0 0 0 60 93 0 29 90 94 99 94 19 59 0 0 0 0 0 0 0 29 0 27 0 0 54 0 85 87
 0 0 83 56 0 69 0 0 28 0 35 0 58 0 98 0 81 0 0 70 0 73 0 0 0 0 0 51 0 31 0 0 0 26 0 0 0 72 93 63 84 0 0 0
 6 5 71 0 98 7 132 95 0 0 66 0 0 0 82 0 0 0 6 71 121 0 41 0 83 0 6 42 103 23 41 8 18 0 7 41 119 114 49 0 21 2 0 23
 0 0 0 40 0 67 0 0 0 97 22 100 64 0 38 0 93 0 78 0 74 86 0 66 0 0 0 0 48 0 0 0 0 0 0 0 80 32 0 73 118 70 3 37
 85 61 108 121 89 0 0 0 0 62 95 0 0 0 0 0 0 63 0 0 0 93 42 78 59 0 0 9 134 0 64 65 77 80 31 0 0 130 68 100 78 51 44 0
 0 4 0 22 62 67 30 0 93 46 22 99 17 38 46 0 128 0 0 92 88 0 0 0 0 0 0 0 54 90 89 0 0 0 40 0 137 0 0 0 63 10 0 74
 29 56 81 0 0 89 0 0 59 65 36 0 77 0 104 0 0 0 41 98 0 0 0 0 0 96 69 30 12 25 0 36 0 0 28 57 0 49 97 66 36 0 0 0
 0 5 45 0 47 68 0 34 124 15 40 78 77 93 0 7 54 0 14 0 0 0 0 31 0 0 0 51 0 16 0 0 0 53 86 73 0 9 0 112 68 15 128 35
 0 0 49 44 0 0 90 58 0 0 0 128 0 0 92 37 0 0 0 0 0 0 50 80 0 0 48 0 0 71 24 0 0 100 20 84 81 68 0 64 60 0 0 0
 0 84 0 66 0 50 40 34 50 0 0 0 0 82 65 0 0 87 21 0 0 66 10 0 25 57 124 34 0 100 71 0 0 0 0 13 0 43 48 0 83 91 0 64
 15 44 0 0 14 10 0 107 24 0 25 50 0 0 17 0 14 16 114 67 0 0 0 49 0 0 90 0 6 38 0 44 0 0 0 27 15 9 97 0 0 39 0 22
 70 23 0 15 0 0 0 82 0 0 0 0 83 0 0 86 0 49 52 0 46 0 92 0 0 60 0 59 0 0 23 0 0 95 94 0 60 0 0 51 0 43 94 0
 0 52 8 0 5 90 112 49 0 43 0 92 0 58 0 88 4 1 0 0 49 0 0 53 0 98 40 0 129 0 72 0 4 134 82 49 61 0 0 0 32 0 68 7
 11 124 66 0 0 96 0 83 0 21 0 8 88 0 0 13 15 0 0 90 0 52 0 0 0 82 56 40 3 0 4 83 12 68 48 88 111 6 0 50 72 18 74 26
 56 0 0 0 51 85 19 10 30 63 0 29 0 33 0 36 1 52 2 0 15 79 19 83 0 72 0 0 66 74 16 67 107 0 77 106 0 31 0 27 43 12 54 48
 19 8 75 0 0 40 29 0 93 58 0 48 87 88 23 36 0 12 83 0 6 0 0 0 0 0 32 58 1 102 23 0 8 2 96 33 0 0 0 0 66 51 68 34
 0 35 0 0 0 17 0 0 55 62 0 51 0 63 86 34 0 78 0 0 0 14 0 0 67 0 0 101 89 46 0 92 0 0 29 43 60 7 0 48 0 19 45 18
 88 0 0 0 39 92 0 48 78 48 0 0 0 71 0 0 0 0 78 0 80 0 78 0 87 0 0 0 0 62 0 0 0 0 0 0 0 41 0 85 0 0 113 37
 81 0 79 53 87 16 0 37 0 56 124 79 0 0 0 0 0 26 49 95 0 65 0 0 0 0 0 95 0 0 98 0 0 69 0 98 0 0 0 0 0 0 19 65
 27 0 57 21 81 0 67 0 0 100 62 0 0 49 74 0 0 0 0 0 0 71 78 64 0 0 0 0 102 0 0 65 0 0 30 42 0 0 0 0 42 40 2 0
 74 20 68 62 80 0 88 93 119 0 80 47 0 50 0 0 63 94 0 0 23 0 0 0 0 0 45 57 0 95 0 0 0 0 0 0 0 121 71 0 0 30 0 0
 0 0 46 7 0 10 41 46 80 0 24 52 0 52 0 33 0 67 30 100 0 5 93 0 0 69 0 40 35 0 13 0 2 91 0 87 79 9 0 92 0 0 27 0
 63 0 52 0 2 0 122 0 0 0 84 50 0 37 0 4 67 17 42 80 0 102 0 0 0 0 88 12 36 31 5 0 0 88 46 0 52 60 0 37 45 40 126 86
 67 30 0 3 43 0 0 0 0 63 13 0 57 33 0 88 82 0 0 80 77 0 0 0 61 0 71 113 0 80 80 0 0 0 34 43 67 0 0 0 0 0 0 25
 0 35 89 38 53 0 0 0 0 0 9 32 0 81 0 0 0 0 0 93 50 0 0 0 0 0 0 66 10 0 98 54 0 0 0 37 0 49 0 0 50 93 128 35
 12 113 31 0 0 0 0 89 60 61 0 130 0 37 68 88 0 0 0 0 0 90 0 0 0 0 0 28 0 0 91 0 65 0 0 0 0 37 64 0 0 0 26 103
 0 0 49 1 1 94 0 85 49 74 12 60 0 0 24 0 88 88 0 61 0 0 0 0 61 44 0 115 38 50 41 0 0 0 23 52 0 9 85 61 0 38 0 16
 60 0 50 100 53 64 0 0 0 0 0 0 0 0 0 0 0 0 0 0 0 78 34 0 0 89 0 0 46 56 0 0 0 35 0 0 0 0 0 63 0 0 0 0
 6 0 1 0 13 0 35 65 52 112 53 0 0 27 0 34 0 57 35 0 0 93 4 51 64 68 94 59 93 60 0 16 7 20 0 0 0 31 0 17 3 37 25 0
 0 24 74 0 25 0 0 77 10 0 12 0 74 0 0 34 0 0 0 90 55 0 70 0 0 95 0 0 4 87 82 0 0 26 29 47 0 0 0 0 0 86 0 21
 60 0 0 84 0 0 0 0 0 91 0 0 0 0 0 0 0 0 0 0 74 55 0 0 0 0 90 80 26 0 90 75 0 98 0 64 99 31 0 40 0 0 43 0
 37 9 67 38 44 87 0 0 0 56 97 15 0 0 0 0 89 0 69 0 0 0 87 0 0 0 0 32 7 0 0 79 0 19 0 20 0 81 0 0 40 0 0 70
 93 0 78 0 0 0 0 69 0 100 0 86 21 0 0 43 79 0 33 29 42 0 0 0 0 0 0 0 0 0 47 0 0 75 0 0 85 87 0 68 0 74 0 8
 50 0 84 90 53 0 0 92 45 0 0 13 0 0 92 0 28 0 52 0 0 95 0 0 0 0 0 0 0 83 72 18 0 0 0 0 0 41 88 0 97 0 0 0
