40
 0 0 24 41 44 0 0 0 0 38 0 67 0 0 24 31 0 0 0 0 0 37 0 9 75 7 0 21 14 72 1 0 0 30 0 0 0 70 0 44
 83 0 80 19 7 45 0 0 0 0 0 46 0 32 2 63 0 0 0 0 74 20 0 0 0 63 58 0 0 0 0 0 0 36 0 0 13 0 0 0
 0 0 0 0 4 0 6 24 0 0 53 0 0 0 0 0 0 0 0 100 23 0 0 0 39 19 0 48 0 96 0 0 11 0 100 94 0 78 0 77
 0 0 90 0 0 0 0 0 7 72 0 76 46 9 69 5 0 0 80 11 82 10 88 0 62 0 78 32 89 0 96 0 82 24 0 0 51 0 0 36
 0 0 0 38 0 94 0 93 0 0 97 0 0 8 0 33 37 0 0 37 0 39 0 0 0 0 34 0 34 80 43 0 38 35 94 0 0 90 97 0
 39 0 8 62 0 0 13 0 4 22 49 0 5 0 3 51 58 53 23 47 0 0 50 84 87 94 6 19 22 43 57 49 54 0 0 0 109 0 70 0
 95 50 0 35 26 0 0 58 0 0 43 0 0 0 24 11 79 89 0 0 0 0 78 39 0 59 5 6 0 0 0 0 23 0 0 0 3 76 0 73
 39 8 0 26 0 5 0 0 52 6 0 0 59 0 0 34 0 0 48 46 5 68 18 7 69 46 76 0 0 22 36 0 0 91 40 24 0 0 0 0
 71 95 66 0 99 0 87 0 0 99 0 0 0 51 0 80 81 98 48 0 0 0 0 67 0 0 0 0 13 0 60 59 0 45 25 49 0 100 0 76
 0 61 90 0 99 0 35 0 0 0 93 0 83 0 100 0 75 87 0 76 0 99 100 89 0 0 0 0 0 0 0 94 0 81 0 61 74 64 0 32
 90 58 0 0 0 0 0 37 70 0 0 62 23 0 0 0 0 0 64 64 100 44 0 0 0 16 0 0 0 0 78 0 23 0 0 0 0 47 0 0
 0 0 81 0 41 34 18 57 14 13 0 0 0 0 0 29 61 84 0 16 75 0 63 0 91 82 27 0 37 0 0 0 0 0 98 0 0 82 0 0
 52 35 90 0 95 0 56 0 16 0 0 65 0 0 0 17 68 0 100 35 0 82 36 0 0 42 27 0 0 0 0 0 0 0 66 0 0 0 39 0
 79 0 68 0 0 78 49 79 0 15 72 42 100 0 0 52 0 92 79 0 0 0 92 51 0 0 99 0 0 0 0 6 81 0 50 0 0 23 0 86
 0 0 63 0 5 0 0 96 52 0 75 96 31 32 0 22 0 83 0 27 0 35 60 71 0 0 0 5 37 0 96 0 81 67 0 0 75 34 0 0
 0 0 73 0 0 0 0 0 0 68 44 0 0 0 0 0 0 44 0 73 0 97 0 48 82 0 0 0 0 0 0 34 84 12 0 28 0 96 62 0
 99 69 12 60 0 0 0 98 0 0 87 0 0 34 33 47 0 7 2 36 65 0 2 35 0 0 0 0 77 68 0 0 0 0 0 0 92 21 78 77
 10 14 6 18 61 0 0 87 0 0 28 0 1 0 0 0 0 0 0 65 52 16 0 0 0 0 103 75 0 74 80 100 52 0 0 63 0 30 0 0
 77 107 71 0 93 0 6 0 0 13 0 5 0 0 67 11 0 28 0 31 36 13 32 0 84 0 0 10 10 0 0 0 0 0 100 0 0 0 0 86
 79 3 0 0 0 0 47 0 5 0 0 0 0 46 0 0 0 0 0 0 0 0 0 0 76 0 0 0 23 100 71 26 76 82 0 59 82 97 30 0
 68 0 0 0 31 78 81 0 31 108 0 0 67 86 71 38 0 0 0 40 0 0 3 0 0 0 5 41 0 0 0 94 0 21 0 83 69 86 66 0
 0 0 76 0 0 97 71 0 20 0 0 14 0 34 0 0 75 0 0 37 89 0 25 54 80 66 0 9 0 0 0 0 0 69 77 0 0 0 0 83
 65 62 66 0 85 0 0 0 17 0 90 0 0 0 0 80 0 78 0 4 0 0 0 0 0 0 0 35 9 0 58 16 88 94 0 50 36 0 77 4
 0 78 4 7 38 0 0 0 0 0 38 7 49 0 0 0 0 81 93 29 48 0 73 0 91 0 47 79 0 70 0 17 0 67 0 0 19 53 0 70
 0 61 0 0 11 0 37 0 13 41 24 0 23 52 59 0 18 15 0 0 14 0 19 0 0 30 11 33 36 5 0 0 67 0 0 8 80 0 0 100
 0 0 0 99 24 0 0 0 31 26 0 0 0 49 16 10 23 100 53 17 96 0 46 13 0 0 0 50 1 10 0 24 0 0 61 70 0 0 0 0
 50 0 93 0 0 0 0 0 14 53 46 0 0 0 22 38 19 0 28 26 0 22 85 0 0 68 0 34 0 39 81 0 7 65 0 0 0 0 0 23
 0 76 0 0 72 0 0 42 30 51 89 83 22 31 0 63 55 0 0 1 0 0 0 0 0 0 0 0 0 0 82 64 41 84 0 0 0 0 0 0
 0 81 69 0 0 0 23 85 0 73 87 0 64 42 0 72 0 43 0 0 95 33 0 88 0 0 25 93 0 0 85 0 0 0 50 0 0 0 0 0
 0 23 0 36 0 0 21 0 86 7 68 39 23 49 29 20 0 0 58 0 55 10 11 0 0 0 0 41 81 0 0 0 39 10 0 0 0 0 0 9
 0 14 40 0 0 0 79 0 0 70 0 5 47 58 0 52 53 0 82 0 2 18 0 21 51 49 0 0 0 71 0 0 42 81 0 84 90 0 0 0
 78 33 48 80 45 0 42 72 0 0 85 92 99 0 80 0 19 0 95 0 0 44 0 0 54 0 75 0 6 95 98 0 0 96 0 0 94 84 0 0
 98 22 0 0 0 0 0 22 29 55 0 30 38 0 0 0 49 0 33 0 53 38 0 93 0 13 0 0 25 0 0 32 0 7 0 94 10 0 52 0
 0 0 100 0 0 91 16 0 0 0 54 54 5 19 0 0 93 59 93 0 0 0 0 0 88 53 0 0 14 0 0 0 0 0 0 0 0 81 0 0
 90 68 0 41 0 47 43 0 0 16 65 0 0 0 19 37 94 53 0 60 66 0 8 77 72 0 15 36 0 93 74 13 28 62 0 0 69 43 39 99
 30 63 0 6 5 71 47 0 0 0 44 89 93 21 34 0 92 0 95 0 0 16 0 13 0 0 3 52 72 98 0 21 0 80 51 0 43 79 88 0
 60 0 58 0 30 0 0 94 49 0 49 53 53 17 0 21 0 74 87 0 0 15 0 0 0 33 2 45 41 79 0 0 0 81 0 0 0 0 76 79
 0 94 0 23 0 88 0 93 0 0 0 0 21 0 0 0 0 0 42 0 0 22 2 0 13 31 28 84 44 84 26 0 46 0 0 0 33 0 0 74
 10 39 25 52 0 0 39 73 30 56 84 56 0 15 13 0 0 77 43 0 0 61 0 97 70 53 83 19 37 58 63 16 0 63 0 0 0 78 0 0
 0 14 0 0 34 85 0 82 0 0 51 105 47 0 47 4 0 9 0 87 94 0 0 0 0 18 0 29 41 0 39 5 36 104 0 91 0 0 64 0
