40
 0 0 0 0 41 40 82 0 0 0 42 0 0 99 24 0 0 4 32 0 0 0 0 53 0 0 0 0 0 7 92 55 58 0 7 72 0 0 86 46
 62 0 31 0 42 0 0 0 45 57 0 0 15 79 0 0 0 87 112 0 0 35 20 0 107 4 0 0 0 0 0 0 26 24 31 0 0 77 0 109
 23 0 0 41 16 63 96 23 64 2 82 0 0 0 127 0 91 76 144 100 0 0 0 0 120 0 0 95 0 33 31 50 26 114 62 90 18 0 0 0
 43 80 0 0 0 0 0 0 78 0 0 0 91 0 0 46 0 86 0 53 0 51 46 0 0 0 94 0 0 128 45 0 83 39 0 0 0 0 0 45
 0 0 0 36 0 0 20 0 0 0 66 0 14 93 0 0 36 51 58 0 0 55 57 0 6 95 54 0 0 9 28 0 37 7 0 0 0 16 0 18
 0 47 0 42 19 0 18 0 72 0 1 19 0 63 53 50 24 52 90 0 41 2 70 7 6 37 35 85 35 0 0 122 29 56 0 0 31 120 77 19
 0 80 0 116 0 0 0 0 17 81 0 0 86 92 13 0 0 90 0 0 57 44 12 0 43 27 0 0 98 61 14 0 116 29 69 0 0 107 66 0
 14 23 0 30 9 37 74 0 0 111 115 0 0 0 0 0 0 9 0 47 97 0 77 0 126 0 0 0 22 0 82 0 83 20 0 21 0 94 51 0
 95 0 0 0 25 0 0 55 0 0 119 0 0 0 91 0 0 0 0 35 0 0 76 0 0 75 0 0 70 0 0 0 0 0 0 0 0 0 0 0
 100 0 0 71 41 17 0 0 113 0 0 0 30 53 47 54 0 0 17 0 0 64 120 0 0 0 0 0 0 109 15 47 8 0 62 71 0 82 0 0
 0 82 0 58 0 0 39 0 0 90 0 61 89 0 75 0 0 0 0 38 82 0 0 47 0 30 0 80 0 49 0 0 68 0 0 0 0 0 0 0
 20 36 50 7 66 0 63 89 20 40 0 0 0 13 70 65 0 34 65 40 0 0 33 0 25 72 0 24 70 16 16 0 96 49 39 0 85 11 14 140
 63 0 69 0 0 88 0 75 78 0 0 90 0 0 97 0 0 0 30 0 0 42 0 0 0 116 0 0 0 0 0 0 110 25 0 61 0 0 0 0
 0 0 40 71 0 0 0 46 31 0 13 0 2 0 23 0 0 0 0 49 68 117 110 0 85 95 13 0 54 107 92 23 81 3 45 88 0 67 0 0
 0 64 0 76 71 0 0 0 0 0 0 0 0 0 0 69 87 0 0 0 39 0 95 90 0 99 0 0 0 49 0 49 0 0 0 0 96 0 0 0
 74 26 36 0 70 0 13 117 4 0 43 0 26 0 0 0 0 103 23 50 32 0 0 0 29 24 75 55 0 0 0 128 29 72 74 48 0 30 0 13
 64 109 0 40 0 0 48 38 64 10 34 16 111 48 0 54 0 0 0 77 0 0 104 0 0 0 60 2 0 0 37 114 0 21 0 0 0 93 0 0
 0 0 0 0 0 0 0 0 33 86 41 0 95 88 133 0 47 0 0 0 83 0 0 0 0 72 0 0 0 113 114 0 0 0 0 0 95 95 0 0
 0 0 0 93 0 0 33 90 89 0 10 0 0 54 66 0 65 55 0 0 0 15 0 0 74 74 0 0 0 38 54 0 114 0 0 41 0 0 56 41
 26 100 0 0 134 94 62 0 0 12 0 0 73 0 64 0 0 102 56 0 26 49 47 0 12 0 17 39 0 10 0 0 33 9 0 62 3 0 0 66
 136 107 1 63 94 0 0 0 86 59 0 23 94 0 0 0 98 0 57 0 0 0 31 0 71 89 86 96 62 46 0 18 98 89 37 0 90 46 65 143
 60 0 3 0 0 0 0 65 124 0 53 89 0 0 26 64 78 42 0 0 46 0 0 20 97 47 0 99 0 0 0 0 0 0 0 0 0 0 0 0
 48 0 92 0 0 0 0 0 0 0 48 0 92 0 0 24 0 34 37 0 0 31 0 86 23 0 91 0 0 53 42 38 0 0 0 0 0 0 54 0
 0 26 88 54 11 0 114 6 33 9 0 89 73 72 0 2 43 104 131 65 111 0 0 0 52 66 100 106 0 0 84 75 0 0 0 74 21 0 91 26
 67 0 0 91 0 0 0 0 20 74 101 0 35 0 59 0 89 64 0 0 0 0 0 0 0 10 0 0 0 0 31 0 0 47 100 65 0 0 0 85
 20 0 94 74 0 0 0 94 0 81 0 0 0 0 0 0 24 0 0 78 0 0 6 0 0 0 0 35 92 0 8 0 0 65 0 37 0 0 95 111
 96 66 82 0 0 0 0 4 100 38 85 44 64 0 94 0 0 17 4 0 0 47 0 0 42 11 0 0 0 55 0 30 0 7 91 0 80 47 0 66
 57 19 0 17 56 0 63 12 51 0 0 0 29 79 18 0 0 86 58 0 0 0 68 0 61 0 88 0 0 37 0 0 30 82 0 0 25 0 0 60
 43 81 72 118 16 0 0 0 0 119 19 0 6 0 52 87 99 49 66 78 0 31 119 63 14 0 127 74 0 107 0 0 0 0 0 0 0 83 0 7
 0 64 0 0 0 82 0 39 47 0 0 0 89 0 0 96 77 0 0 0 0 100 0 60 65 67 0 0 0 0 0 0 72 0 0 95 57 0 100 9
 0 93 0 0 0 92 0 0 103 0 71 0 85 0 88 90 0 0 0 45 95 65 0 0 0 0 82 24 99 65 0 0 55 0 0 0 0 56 0 0
 0 19 0 5 53 0 26 7 30 0 45 87 81 0 0 0 0 6 136 61 0 69 0 0 108 20 0 99 11 98 125 0 48 75 19 0 4 73 0 34
 0 0 0 0 0 0 0 0 101 0 0 0 0 0 67 0 22 26 0 0 0 82 87 93 98 96 78 0 20 0 0 0 0 58 8 0 0 0 0 0
 135 0 0 0 0 0 0 0 55 86 43 0 0 0 74 0 0 11 101 0 0 81 30 18 0 0 0 0 58 32 98 0 0 0 0 0 0 0 38 41
 0 0 0 113 100 77 0 46 107 0 34 0 20 0 32 0 32 29 115 74 0 48 53 23 0 37 0 86 52 17 36 0 0 47 0 0 0 96 0 0
 0 91 0 44 101 65 12 0 40 0 129 83 0 0 22 0 74 63 0 0 17 57 24 0 0 0 39 111 35 0 63 20 121 21 12 0 0 59 0 0
 114 24 0 64 4 0 76 1 37 62 42 0 2 97 0 74 95 0 6 0 0 102 30 0 15 47 0 0 43 0 87 0 95 52 56 23 0 37 96 7
 59 0 68 20 0 0 0 0 38 0 111 0 95 0 89 0 0 0 87 64 0 114 107 27 27 25 0 96 0 16 0 0 32 1 0 0 0 0 0 15
 0 71 97 100 28 0 0 0 121 3 74 0 67 46 74 56 5 29 0 7 0 36 0 0 100 0 25 54 101 0 20 75 115 0 88 37 0 31 0 31
 0 0 69 0 0 0 96 45 12 78 106 0 76 98 63 0 88 119 0 0 0 19 79 0 0 0 0 0 0 0 19 0 16 0 29 95 0 0 0 0
