44
 0 0 0 0 0 0 0 0 80 0 0 29 0 0 0 47 0 0 0 0 91 0 0 0 0 95 0 0 65 0 24 0 54 14 0 0 0 42 0 56 48 0 0 0
 121 0 0 93 69 67 90 0 0 99 0 83 28 33 0 0 0 83 0 0 0 0 0 0 0 0 71 0 0 76 73 0 0 31 0 0 0 86 96 0 0 0 0 0
 71 81 0 0 53 23 0 0 0 0 20 15 0 0 0 0 92 0 28 0 0 67 0 0 0 108 0 83 77 34 0 0 9 0 0 0 39 0 0 9 0 75 0 131
 31 0 38 0 0 0 0 6 94 0 84 0 0 27 30 0 20 7 0 7 36 106 0 51 0 1 44 29 59 56 29 0 94 0 23 82 47 85 0 0 0 0 0 0
 66 0 0 95 0 48 61 0 0 0 42 32 0 31 0 0 79 95 0 0 0 0 0 41 0 0 0 57 0 0 19 0 66 0 0 0 79 0 0 85 2 89 0 0
 55 0 0 61 0 0 0 0 0 0 0 85 0 75 0 0 0 0 0 0 69 48 0 0 58 0 67 0 0 0 0 0 0 107 36 0 0 81 0 0 0 0 0 0
 120 0 55 20 0 110 0 0 62 33 20 81 35 63 34 0 35 0 71 27 74 19 0 42 69 28 0 0 0 31 36 3 10 0 5 11 0 0 0 0 0 98 94 19
 105 45 55 0 17 79 83 0 39 0 18 53 0 0 0 0 38 44 0 80 62 0 0 45 53 0 0 68 0 95 0 0 73 0 0 0 0 92 84 55 0 0 0 50
 0 7 22 0 62 72 0 0 0 0 0 8 0 4 55 92 0 0 100 0 55 0 69 16 60 69 0 0 0 85 0 82 0 0 66 0 0 65 0 0 29 0 0 79
 69 0 73 0 71 13 0 86 57 0 0 38 0 70 23 23 0 118 0 0 15 0 0 19 0 0 14 0 0 0 0 0 52 130 0 0 6 0 91 0 81 84 96 87
 35 0 0 0 0 47 0 0 53 17 0 107 0 0 0 25 38 0 109 0 80 91 0 88 0 0 0 0 25 0 83 0 83 0 0 115 0 118 72 60 0 83 0 33
 0 0 0 15 0 0 0 0 0 0 0 0 44 0 0 58 0 0 0 0 0 0 0 55 85 0 90 75 0 92 0 96 0 0 52 50 29 0 92 0 0 63 0 0
 47 0 18 84 30 19 0 68 110 46 38 0 0 2 0 34 0 3 11 0 50 52 0 116 14 0 0 39 0 64 0 24 0 57 56 0 0 0 0 0 6 78 0 0
 47 0 39 0 0 0 0 39 0 0 0 34 0 0 25 0 90 0 79 0 81 0 0 0 0 76 88 0 0 0 0 0 0 48 0 0 0 83 51 96 0 0 81 0
 121 120 89 0 83 72 0 70 0 0 74 13 14 0 0 0 0 0 19 38 0 0 37 0 0 0 0 89 51 73 73 0 0 29 0 52 0 0 0 48 0 0 0 0
 0 56 89 54 60 80 52 30 0 0 0 0 0 6 68 0 0 0 0 96 73 0 0 53 31 0 63 47 0 0 68 0 15 49 0 85 89 0 0 0 48 0 0 70
 58 18 0 0 0 109 0 0 87 47 0 80 35 0 55 11 0 46 0 0 95 0 73 14 49 67 55 0 0 44 73 0 101 22 81 31 91 0 0 0 35 0 87 98
 100 0 71 0 0 5 76 0 69 0 94 57 0 29 71 84 0 0 0 0 70 52 0 50 0 0 0 75 93 0 32 0 0 21 66 0 0 82 42 99 75 0 0 0
 21 82 0 62 79 100 0 9 0 99 0 90 0 0 0 100 32 60 0 0 0 0 0 0 0 88 0 52 91 0 54 0 28 0 43 80 0 97 0 84 0 0 0 0
 15 27 76 0 85 104 0 0 37 86 88 30 55 31 0 0 101 32 91 0 0 0 55 0 0 52 69 105 0 0 0 0 0 27 21 39 0 19 0 0 78 0 23 23
 0 30 54 0 39 0 0 0 0 0 0 23 0 0 11 0 0 0 117 74 0 0 0 26 0 96 0 0 0 19 0 0 0 20 0 85 65 0 80 0 0 0 66 74
 59 81 0 0 61 0 0 46 120 36 0 102 0 11 72 17 74 0 52 36 25 0 7 0 47 49 54 39 53 45 105 22 0 15 18 41 0 0 0 0 52 0 0 28
 8 102 24 105 90 18 83 21 0 53 31 29 30 89 0 13 0 39 76 0 44 0 0 0 32 45 30 57 16 49 99 92 12 0 49 109 0 0 73 0 42 23 0 35
 95 116 69 0 0 71 0 0 0 0 0 0 0 121 74 0 0 0 82 69 0 92 51 0 0 0 0 0 0 0 46 0 0 37 0 0 0 0 0 0 0 73 88 0
 65 82 82 56 66 0 0 0 0 90 52 0 0 32 28 0 0 95 84 21 108 0 0 101 0 0 0 0 30 95 1 0 0 0 50 0 62 91 0 62 100 0 0 67
 0 4 0 0 28 8 0 97 0 31 70 26 32 0 44 39 0 112 0 0 0 0 0 68 88 0 0 35 0 0 2 0 0 104 101 0 79 0 0 0 92 93 0 44
 46 0 46 0 120 0 69 68 26 0 84 0 23 0 20 0 0 14 101 0 15 0 0 43 71 85 0 0 0 0 0 0 0 100 0 0 0 91 0 0 97 0 23 55
 85 8 0 0 0 16 98 0 102 29 57 0 0 39 0 0 20 0 0 0 51 0 0 18 87 0 86 0 0 18 0 0 0 128 102 68 0 0 0 0 87 81 99 0
 0 42 0 0 79 92 74 77 90 6 0 76 37 116 0 111 63 0 0 68 11 0 0 39 0 10 34 78 0 0 38 67 43 0 103 104 0 0 0 65 61 0 0 104
 43 0 0 0 13 4 0 0 0 61 49 0 0 43 0 62 0 38 89 68 0 0 0 108 0 10 65 0 44 0 118 84 0 0 110 0 0 0 0 0 2 0 0 76
 0 0 65 0 0 70 0 29 44 50 0 28 57 61 0 0 0 0 0 47 67 0 0 0 0 0 27 35 0 0 0 39 97 87 0 0 0 0 0 0 93 0 0 0
 121 107 35 40 59 36 0 77 0 17 45 0 0 68 24 59 38 30 84 1 37 0 0 64 50 7 78 54 0 0 0 0 0 91 0 92 0 124 73 56 6 89 0 76
 0 64 0 0 0 83 0 0 5 0 0 66 74 9 120 0 0 60 0 99 80 86 0 47 71 17 5 81 0 6 0 59 0 39 66 60 69 0 0 0 0 0 0 8
 0 0 46 37 64 0 83 63 61 0 79 40 0 0 0 0 0 0 73 0 0 0 87 0 91 0 0 0 67 84 0 0 0 0 0 0 47 0 82 0 95 68 92 0
 71 99 72 0 86 0 0 27 0 76 52 0 0 43 96 25 0 0 0 0 55 0 0 31 0 0 29 0 0 0 15 53 0 36 0 0 84 69 0 0 93 67 0 73
 33 62 47 0 4 124 0 65 44 132 0 0 92 22 0 0 0 105 0 0 0 0 0 49 113 73 67 0 0 102 119 0 0 7 8 0 0 0 0 87 27 0 81 0
 11 5 0 0 0 58 87 10 127 0 112 0 95 64 47 0 0 27 36 86 0 61 34 31 0 0 2 44 78 91 11 38 0 0 0 4 0 68 0 0 0 0 0 91
 0 0 61 0 41 0 52 0 0 21 0 15 66 0 7 43 65 0 0 0 16 55 79 7 0 11 0 115 67 77 16 0 71 72 0 9 0 0 0 0 0 92 100 38
 5 0 53 55 51 42 74 0 49 0 0 0 17 0 42 60 67 0 85 61 0 31 0 84 42 54 23 38 24 91 25 0 76 0 86 45 64 17 0 0 16 0 75 0
 0 52 0 61 0 114 46 0 106 2 0 42 6 0 0 108 9 0 0 43 58 38 60 67 0 69 102 132 0 36 52 0 81 32 30 0 48 82 66 0 0 0 0 0
 0 58 87 100 0 79 96 73 0 0 59 123 0 45 19 0 0 0 47 0 25 0 0 99 0 0 0 0 0 0 0 0 64 0 0 0 61 97 0 66 0 0 0 0
 72 21 0 113 0 26 0 39 102 0 0 0 0 85 33 6 72 64 44 26 49 86 0 0 98 0 16 0 76 31 78 0 23 0 0 65 42 0 42 91 26 0 67 13
 52 95 46 35 94 14 0 41 68 0 65 49 8 0 16 81 0 23 65 0 0 123 57 0 86 59 0 0 43 50 21 31 12 0 12 0 7 0 0 80 24 0 0 0
 7 82 0 86 52 17 0 0 0 0 0 56 67 5 8 0 0 56 38 0 0 0 0 78 0 0 0 92 0 0 17 0 0 31 0 90 0 0 83 72 105 0 53 0
