44
 0 7 52 17 69 0 0 96 0 71 75 150 40 0 32 0 83 0 0 57 61 91 0 82 0 0 5 70 22 94 36 0 0 69 64 69 11 64 0 113 0 0 2 0
 0 0 0 0 0 42 92 0 0 0 0 57 0 0 0 75 88 0 0 0 0 43 0 100 93 96 0 0 81 71 0 37 0 0 0 0 44 116 0 49 0 0 0 61
 0 83 0 0 0 0 0 0 0 95 0 98 0 119 43 177 0 50 82 90 0 121 52 79 0 0 141 0 16 58 0 0 0 39 21 72 101 0 0 0 81 0 0 26
 0 32 81 0 0 91 0 65 0 0 0 0 47 0 0 0 96 17 0 0 0 0 0 0 0 0 0 0 0 0 0 94 75 0 67 0 0 0 60 0 0 81 0 0
 0 47 143 10 0 141 41 67 102 3 0 0 14 23 138 56 0 130 0 0 118 108 44 0 0 0 148 0 28 98 0 17 54 46 12 41 0 40 0 125 0 25 4 127
 51 0 66 0 0 0 0 0 7 0 0 69 42 18 73 0 0 0 126 20 0 37 89 47 0 0 27 57 101 77 0 0 0 156 0 0 0 63 0 81 51 48 0 38
 86 0 5 87 0 24 0 0 0 128 74 152 0 77 0 40 0 36 0 0 84 56 0 103 78 0 34 135 0 17 0 0 0 109 124 35 33 78 0 0 0 1 37 136
 0 54 69 0 0 95 86 0 83 0 0 63 0 93 0 72 0 0 31 0 0 0 84 73 0 0 93 0 0 61 0 38 0 0 75 0 1 0 23 0 0 0 0 113
 115 144 35 109 0 0 155 0 0 0 0 139 0 0 33 24 0 123 0 17 107 98 0 155 0 12 26 76 0 145 0 0 0 0 0 0 0 13 0 23 0 16 56 51
 0 1 0 44 0 72 0 100 66 0 15 121 0 84 0 84 0 0 0 89 17 116 0 105 62 60 79 0 0 0 0 41 0 0 19 0 103 13 80 0 74 80 0 82
 0 67 146 38 87 80 0 48 9 0 0 103 158 47 0 70 86 153 37 80 0 0 0 100 0 0 46 73 33 0 0 0 0 0 99 45 6 17 0 25 93 66 3 92
 0 0 0 50 70 0 0 0 0 0 0 0 0 0 83 103 71 99 0 59 147 43 0 10 92 93 0 0 0 49 19 79 0 0 0 0 93 84 0 0 0 0 0 2
 0 99 52 0 0 0 56 54 140 28 0 21 0 68 61 31 0 53 0 57 54 37 0 9 28 0 28 24 0 0 0 0 0 106 70 0 75 122 0 31 0 100 46 117
 90 32 0 86 0 0 0 0 93 0 0 39 0 0 0 22 0 0 0 0 116 0 0 0 0 0 100 0 0 0 83 89 0 0 19 0 12 121 90 0 0 0 0 0
 0 59 0 9 0 0 30 93 0 48 96 0 0 34 0 0 0 60 0 0 55 85 0 98 0 0 0 0 0 37 96 0 0 0 28 61 8 35 34 0 0 34 95 87
 41 0 0 80 0 43 0 0 0 0 0 0 0 0 35 0 100 0 73 0 0 0 0 0 0 0 93 0 100 0 0 0 74 0 0 0 0 54 71 0 7 0 77 61
 0 0 85 0 55 20 11 3 42 123 0 0 83 5 3 0 0 74 0 92 72 57 0 57 0 0 15 35 0 0 0 80 0 0 60 25 80 69 0 98 98 38 0 85
 102 122 0 0 0 90 0 64 0 84 0 0 0 159 0 3 0 0 0 0 83 39 0 0 0 0 23 66 0 81 98 0 0 15 0 28 0 35 79 15 0 88 149 36
 62 63 0 18 97 0 39 0 98 92 0 39 98 43 95 0 146 97 0 59 65 16 79 0 54 0 98 0 74 103 56 0 0 45 129 74 69 104 26 7 0 0 41 0
 0 40 0 90 94 0 27 64 0 0 0 0 0 86 1 90 0 68 0 0 4 46 0 0 33 0 99 143 140 0 0 0 97 73 0 0 0 101 0 73 0 0 0 84
 0 125 88 23 0 33 0 76 0 0 71 0 0 0 0 83 0 0 0 0 0 61 0 0 0 27 0 62 66 0 0 0 0 65 0 0 0 0 88 0 0 49 0 0
 0 0 0 62 0 0 0 80 0 0 45 0 0 43 0 22 0 0 0 0 0 0 96 70 82 0 49 0 0 102 0 76 0 0 0 86 0 130 0 0 90 53 0 137
 39 78 0 138 0 0 44 0 55 3 19 76 25 16 82 21 18 108 0 74 10 0 0 0 0 0 86 41 76 93 93 93 0 10 72 44 26 19 10 109 59 0 62 27
 0 0 0 52 76 0 0 0 0 0 0 0 0 58 0 45 0 4 82 51 87 0 81 0 92 0 54 0 0 0 0 0 45 0 74 0 85 136 0 0 0 0 0 35
 63 0 64 48 77 108 0 33 133 0 108 0 0 39 74 16 127 54 0 0 58 0 85 0 0 36 74 0 38 26 73 7 105 94 53 0 38 74 26 128 116 0 60 12
 72 0 19 138 82 6 118 1 0 0 5 0 69 54 50 27 93 86 55 10 0 112 80 30 0 0 0 126 0 0 0 0 0 0 40 75 99 0 71 5 93 144 0 112
 0 1 0 124 0 0 0 0 0 0 0 129 0 0 25 0 0 0 0 0 61 0 0 0 0 41 0 0 144 0 0 0 36 39 92 0 2 35 0 0 0 0 77 49
 0 22 71 88 71 0 0 144 0 109 0 9 0 123 139 68 0 0 43 0 0 25 0 14 75 0 116 0 128 78 0 0 0 0 3 0 64 94 0 0 73 0 0 58
 0 0 0 47 0 0 21 142 64 84 0 99 87 97 65 0 75 79 0 0 0 28 0 74 0 56 0 0 0 44 0 48 0 68 0 0 105 113 53 0 0 0 0 9
 0 0 0 41 0 0 0 0 0 79 86 0 78 47 0 40 95 0 0 81 67 0 0 84 0 33 98 0 0 0 0 92 0 0 0 0 92 96 0 0 69 0 41 98
 0 11 49 140 63 47 57 40 13 31 95 0 35 0 0 84 42 0 0 33 36 16 0 44 0 119 158 4 43 92 0 19 113 0 38 7 139 31 70 119 0 135 76 42
 110 0 13 0 0 89 24 0 106 0 56 0 5 0 148 54 0 24 35 82 121 0 0 41 0 50 51 43 0 0 0 0 0 23 39 0 0 80 0 88 60 0 72 3
 28 72 70 0 0 2 59 85 32 41 62 89 22 108 130 0 161 112 62 0 42 92 17 0 0 98 0 100 17 5 0 65 0 64 94 175 0 123 38 0 0 121 0 0
 0 59 0 94 0 0 0 49 20 57 79 103 0 2 31 46 32 0 0 0 0 46 0 29 0 56 0 80 0 9 74 0 0 0 0 0 53 32 0 0 0 76 0 0
 0 116 0 0 0 91 0 0 82 0 0 151 0 0 0 8 0 76 0 77 114 59 0 0 0 0 0 0 83 62 0 0 0 28 0 45 85 0 82 59 0 0 0 94
 0 70 0 2 0 88 0 70 43 88 0 9 91 49 0 155 0 0 0 33 95 0 0 83 75 0 91 86 128 111 0 59 0 4 0 0 11 0 19 0 0 0 79 0
 0 0 0 18 82 100 0 0 96 0 0 0 0 0 0 22 0 54 0 67 15 108 0 0 0 0 0 0 0 0 0 50 87 0 0 0 0 0 84 0 93 0 0 71
 0 0 89 64 0 0 0 80 0 0 0 0 0 0 0 0 0 0 0 0 84 0 0 0 0 71 0 0 0 0 0 0 0 0 41 89 61 0 0 0 0 91 68 0
 18 69 117 0 57 81 93 0 68 0 44 11 6 0 0 0 25 0 0 112 0 49 0 91 0 0 7 127 0 65 0 93 0 97 0 0 0 84 0 85 49 77 0 15
 0 0 78 98 0 0 80 68 0 56 0 15 0 89 136 14 0 0 0 0 143 121 0 86 0 0 63 80 71 61 0 0 88 25 0 48 5 23 0 0 0 0 0 0
 102 132 0 14 59 0 77 82 78 0 0 125 41 49 26 0 0 124 53 14 32 0 0 121 0 0 74 0 48 0 24 0 29 55 57 70 0 28 0 101 0 16 0 48
 81 41 77 0 0 0 0 82 0 0 0 97 0 136 0 38 0 0 70 79 0 0 73 68 66 0 91 89 84 19 0 35 0 0 94 101 74 0 0 131 0 0 0 0
 0 67 90 52 0 47 0 5 0 157 0 70 0 15 0 0 88 0 0 64 130 56 0 81 0 72 0 97 40 0 0 0 69 100 153 0 7 0 77 72 26 80 0 0
 33 0 0 9 0 0 0 0 0 0 0 0 0 31 0 0 0 0 79 0 38 0 0 0 0 0 0 0 0 0 0 0 62 64 0 63 0 9 0 65 0 0 12 0
