44
 0 40 70 97 0 135 0 15 31 0 72 0 92 38 0 0 84 50 0 79 108 114 61 0 114 0 26 68 0 0 95 0 0 109 136 17 8 37 35 54 57 0 0 38
 0 0 0 43 0 33 0 0 0 0 93 0 0 0 31 0 61 0 8 0 68 0 0 0 50 0 83 0 0 0 0 0 69 21 0 0 0 0 0 0 48 0 0 0
 0 9 0 73 0 69 50 83 65 0 0 71 119 149 124 159 160 96 81 0 28 52 0 88 169 38 13 0 63 0 0 91 0 44 125 0 164 88 0 132 146 15 0 102
 0 0 0 0 0 0 0 0 0 0 0 63 0 0 92 0 0 0 0 0 0 0 64 0 0 0 0 0 57 0 0 57 0 0 0 0 0 0 0 61 0 0 0 91
 49 102 46 97 0 107 0 0 36 64 107 0 92 70 51 58 0 0 0 40 33 0 0 0 76 81 0 71 0 0 0 134 100 0 29 0 91 117 115 95 0 105 0 56
 0 0 0 0 0 0 10 0 89 0 99 0 0 0 0 0 0 0 65 0 0 46 0 0 0 0 0 0 0 0 0 39 40 0 0 34 85 83 0 0 108 7 70 0
 74 114 0 43 173 0 0 106 68 95 116 25 0 0 43 0 46 50 51 0 112 0 78 0 135 0 0 0 0 0 93 9 93 121 155 0 0 38 0 0 12 103 88 9
 0 144 0 145 21 119 0 0 0 0 0 0 0 24 81 103 59 72 100 83 61 0 7 0 125 0 53 22 0 0 118 66 32 0 137 0 0 62 81 78 0 23 65 27
 0 17 0 22 0 0 0 95 0 0 72 0 31 0 0 0 0 0 0 0 31 0 0 0 0 0 0 55 0 0 0 0 0 95 0 0 0 0 0 0 0 41 75 0
 73 7 54 34 0 86 0 108 84 0 127 108 29 0 0 3 152 81 82 53 88 0 0 93 0 50 83 92 62 51 58 127 0 93 0 129 6 122 54 0 8 0 116 53
 0 0 47 100 0 0 0 77 0 0 0 0 72 31 105 59 11 0 82 0 0 38 0 0 64 0 88 120 0 51 138 163 0 32 43 0 0 0 0 0 63 95 113 0
 98 119 0 0 112 99 0 52 155 0 37 0 100 47 0 3 4 0 0 0 115 39 0 0 0 85 0 41 32 0 104 0 0 0 20 0 0 84 0 100 0 24 8 107
 0 44 0 110 0 58 88 0 0 0 0 0 0 0 59 0 0 0 58 85 78 0 0 84 0 0 71 175 92 0 0 0 49 0 0 0 0 0 0 0 88 78 105 0
 0 63 0 117 0 48 38 0 1 83 0 0 99 0 0 0 0 0 0 0 20 0 46 46 0 96 0 0 0 38 0 0 0 0 153 75 0 0 0 0 6 0 174 100
 84 0 0 0 0 0 0 0 35 0 0 84 0 64 0 73 86 80 0 69 27 0 0 0 0 57 0 13 0 36 0 0 77 59 0 0 0 0 0 63 71 131 0 0
 98 58 0 59 0 171 99 0 42 0 0 0 68 106 0 0 115 0 0 0 0 56 0 0 48 0 0 0 0 0 0 0 80 77 0 0 64 59 62 0 64 0 65 41
 0 0 0 60 77 75 0 0 34 0 0 0 2 26 0 0 0 85 20 0 78 82 0 0 91 0 0 28 0 60 71 39 0 0 159 98 0 0 0 0 140 159 81 56
 0 36 0 21 38 16 0 0 31 0 103 23 140 67 0 88 0 0 0 0 85 3 44 12 0 56 0 126 0 0 0 0 0 0 0 0 0 28 84 0 74 114 0 108
 66 0 0 29 141 0 0 0 49 0 0 1 0 20 7 31 0 63 0 0 110 0 54 0 0 84 0 12 0 0 74 161 0 9 30 0 0 34 125 0 2 0 0 29
 0 78 82 54 0 21 30 0 63 0 130 53 0 76 0 122 111 149 27 0 0 0 46 0 0 0 0 59 77 0 4 0 0 0 76 0 0 0 0 0 124 43 33 43
 0 0 0 25 0 46 0 0 0 0 46 0 0 0 0 94 0 0 0 44 0 83 0 0 0 72 0 0 81 0 0 86 0 0 91 0 0 81 0 86 0 0 0 0
 0 4 0 48 13 0 91 86 65 65 0 0 51 157 79 0 0 0 47 28 0 0 0 98 0 0 0 101 0 0 0 65 0 97 10 0 0 78 0 0 0 0 0 98
 0 23 67 0 69 79 0 0 109 24 142 96 91 0 58 135 125 0 0 0 19 90 0 0 9 0 85 0 85 0 34 167 0 62 0 0 0 58 28 94 60 0 4 145
 92 19 0 34 59 81 94 20 46 0 29 7 0 0 143 121 84 0 77 95 79 0 110 0 104 0 73 85 0 33 72 101 0 0 0 100 0 65 0 38 0 8 77 0
 0 0 0 89 0 55 0 0 103 97 0 0 113 59 61 0 0 56 62 65 115 30 0 0 0 0 0 46 0 0 66 36 0 10 153 0 0 0 0 0 128 0 0 68
 66 56 0 102 0 45 69 13 119 0 37 0 40 0 0 60 102 0 0 137 0 77 14 154 91 0 0 138 71 43 107 58 50 0 27 76 0 95 72 0 0 22 0 0
 0 0 0 22 25 15 78 0 0 0 0 89 0 83 36 146 9 34 86 13 138 140 0 0 109 71 0 34 0 0 51 76 0 71 46 0 0 37 38 0 77 0 73 51
 0 37 81 114 0 79 76 0 0 0 0 0 0 69 0 86 0 0 0 0 158 0 46 0 0 0 0 0 0 96 64 0 0 0 0 0 83 20 0 0 0 73 69 0
 98 71 0 0 13 4 1 1 34 0 59 0 0 155 16 117 98 93 143 0 0 58 0 23 45 0 93 66 0 0 131 62 0 0 66 39 32 76 62 104 15 71 0 61
 79 106 90 88 69 123 66 42 47 0 0 31 81 0 0 61 0 29 53 86 139 33 44 0 83 0 39 0 82 0 99 0 41 158 0 1 52 119 141 70 52 123 8 118
 0 92 72 32 53 115 0 0 120 0 0 0 142 79 52 78 0 88 0 0 89 41 0 0 0 0 0 0 0 0 0 38 0 42 5 87 0 0 0 0 31 131 178 162
 7 144 0 0 0 0 0 0 86 0 0 39 45 108 97 98 0 99 0 55 0 0 0 0 0 0 0 66 0 69 0 0 0 0 108 0 0 0 0 0 62 12 44 15
 16 0 51 66 0 0 0 0 28 67 39 142 0 19 0 0 100 35 72 120 26 1 55 17 79 0 11 1 150 0 117 49 0 0 18 0 60 28 32 87 32 0 66 171
 0 0 0 16 99 73 0 81 0 0 0 45 52 21 0 0 73 90 0 46 59 0 0 28 0 89 0 66 61 0 0 29 86 0 0 0 0 0 0 76 7 0 0 47
 0 156 0 80 0 101 0 0 14 82 0 0 53 0 105 98 0 11 0 0 0 0 84 90 0 0 0 83 0 96 0 0 0 176 0 0 0 0 0 0 0 56 0 67
 0 178 92 6 83 0 110 85 136 0 89 88 46 0 1 16 0 18 83 11 22 129 17 0 123 0 63 51 0 0 0 102 86 42 104 0 0 0 0 0 25 0 0 11
 0 52 0 82 0 0 67 4 154 0 114 122 39 110 126 0 44 7 16 68 51 80 144 98 31 51 19 0 0 0 137 61 0 67 85 58 0 0 0 1 101 0 138 0
 0 26 0 54 0 0 0 0 132 0 96 0 6 60 56 0 53 0 0 62 0 0 0 0 90 0 0 0 0 0 34 19 0 30 17 38 29 0 0 41 0 35 128 0
 0 65 33 0 0 118 30 0 13 0 19 98 104 48 100 0 109 0 0 93 0 160 0 83 3 0 0 85 0 0 139 6 0 73 98 59 56 91 0 0 88 145 0 0
 0 13 0 0 0 43 114 0 127 12 135 0 32 27 0 29 125 96 96 20 0 43 0 0 110 96 54 28 0 0 48 55 0 0 9 112 0 0 167 0 111 0 0 45
 0 0 0 112 84 0 0 95 22 0 0 9 0 0 0 0 0 0 0 0 72 33 0 77 0 89 0 68 0 0 0 0 0 0 85 0 0 79 0 0 0 61 0 0
 93 63 0 35 0 0 0 0 0 31 0 0 0 49 0 97 0 0 73 0 95 67 97 0 78 0 92 0 0 0 0 0 54 38 0 23 72 0 0 91 0 0 0 0
 88 98 68 9 77 0 0 0 0 0 0 0 0 0 56 0 0 85 83 0 73 39 0 0 53 50 0 0 81 0 0 0 0 30 0 61 0 0 83 95 126 74 0 0
 0 181 0 0 0 121 0 0 12 0 91 0 121 0 100 0 0 0 0 0 77 0 0 87 0 55 0 68 0 0 0 0 0 0 0 0 97 94 92 0 8 31 98 0
