44
 0 0 63 35 3 19 88 0 24 0 0 75 20 33 0 101 0 0 8 0 0 0 57 27 51 11 15 0 86 0 0 40 67 0 0 27 0 22 0 0 0 0 0 62
 38 0 0 37 44 73 0 0 16 10 0 49 15 22 0 70 0 0 0 32 32 0 0 17 0 28 71 30 0 2 48 25 0 0 0 84 0 0 0 65 118 48 63 0
 0 53 0 8 54 29 0 0 52 15 39 0 73 27 6 0 71 54 73 116 0 62 34 20 78 97 69 12 34 0 55 7 0 41 0 60 0 19 0 23 7 71 12 58
 0 0 0 0 0 0 0 35 16 0 0 0 21 0 0 90 0 0 0 0 0 94 13 0 99 2 107 0 55 91 9 0 58 84 35 32 0 0 0 68 0 0 44 0
 0 0 0 29 0 108 0 0 18 0 13 75 0 77 52 0 39 0 0 0 0 97 0 0 0 26 38 0 35 87 0 0 55 0 0 70 86 9 92 72 0 50 53 64
 0 0 0 70 0 0 44 0 0 88 46 0 32 29 88 0 58 0 0 33 0 41 24 0 0 0 95 0 0 0 0 0 83 96 0 0 26 0 0 66 78 98 0 0
 0 33 10 36 19 0 0 0 0 0 0 0 16 0 12 58 0 0 0 0 29 9 10 0 83 28 2 0 0 37 90 91 45 5 14 0 99 0 0 0 56 56 29 0
 43 101 28 0 13 10 30 0 35 18 3 3 0 0 0 6 0 0 2 101 0 0 9 78 0 88 45 47 0 117 10 0 0 0 0 0 0 0 118 35 17 0 86 60
 0 0 0 0 0 89 53 0 0 0 0 50 0 0 0 0 0 40 72 0 8 0 95 0 0 54 0 68 85 0 57 0 0 0 0 22 0 83 0 0 0 0 0 0
 97 0 0 69 21 0 93 0 53 0 12 0 39 0 0 91 0 0 0 20 0 94 0 10 0 0 11 34 0 0 0 0 0 45 66 0 0 0 85 17 29 50 8 0
 87 82 0 69 0 0 79 0 62 0 0 0 0 25 0 0 0 0 0 0 0 0 0 0 71 0 0 0 0 0 61 88 0 0 0 0 0 44 72 97 77 43 95 0
 0 0 90 30 0 14 85 0 0 69 13 0 125 0 0 98 5 0 109 37 0 0 0 62 0 14 97 56 0 40 15 0 86 0 34 52 19 8 0 0 0 0 72 95
 0 0 0 0 90 0 0 47 63 0 3 0 0 0 0 57 0 0 0 0 0 0 0 55 0 0 0 0 0 0 0 0 0 0 0 0 0 0 77 0 105 0 26 0
 0 0 0 0 0 0 51 66 22 74 0 71 48 0 67 42 0 0 8 0 98 58 65 81 81 0 0 55 14 0 35 111 0 0 0 0 79 0 83 0 40 0 0 80
 86 83 0 68 0 0 0 94 13 39 21 87 8 0 0 66 0 0 0 78 0 0 5 0 0 50 3 0 64 14 0 50 0 0 0 94 0 9 0 93 23 46 65 0
 0 0 81 0 70 23 0 0 11 0 6 0 0 0 0 0 40 0 0 0 0 0 0 0 0 30 0 0 17 0 5 43 0 0 54 0 5 22 0 50 20 0 76 0
 25 95 0 57 0 0 52 70 1 94 40 0 90 81 93 0 0 0 91 35 96 0 0 0 49 5 104 0 0 85 81 72 0 0 99 0 13 95 96 0 0 78 0 0
 57 23 0 59 17 111 64 53 0 54 78 107 40 6 48 38 2 0 0 80 0 0 49 45 0 89 0 0 48 0 105 7 13 103 0 0 0 0 24 0 0 0 0 98
 0 64 0 70 86 7 45 0 0 94 30 0 96 0 42 7 0 81 0 0 0 0 0 0 0 59 76 69 32 0 0 0 0 0 0 67 68 52 96 0 70 0 0 88
 80 0 0 59 95 0 86 0 51 0 28 0 53 52 0 10 0 0 55 0 0 0 0 0 0 0 90 94 0 91 0 34 0 0 0 0 86 86 0 69 0 95 0 40
 77 0 30 106 48 21 0 33 0 48 13 109 15 0 97 91 0 70 110 1 0 95 30 0 71 0 23 74 0 0 38 50 90 81 30 66 0 19 61 0 47 5 93 0
 52 67 0 0 0 0 0 76 43 0 80 1 59 0 4 77 16 49 101 62 0 0 98 60 94 0 26 0 59 54 20 59 51 85 0 54 0 50 63 35 16 54 0 0
 0 64 0 0 88 0 0 0 0 70 68 72 34 0 0 99 78 0 53 102 0 0 0 80 0 0 18 0 52 0 71 99 0 0 66 0 0 10 0 0 0 10 0 30
 0 0 0 91 50 32 6 0 46 0 6 0 0 0 55 77 8 0 25 90 73 0 0 0 88 78 19 0 0 0 0 0 0 89 0 0 0 55 0 59 113 41 40 0
 0 4 0 0 17 73 0 37 27 93 0 5 45 0 70 88 0 30 7 29 0 0 77 0 0 0 20 15 0 24 75 0 0 18 0 31 0 0 67 71 87 27 104 38
 0 0 0 0 0 78 0 0 0 49 48 0 56 42 0 0 0 0 0 65 95 69 44 0 0 0 18 0 0 51 100 0 80 0 0 0 94 0 0 33 53 71 4 53
 0 0 0 0 0 0 0 0 46 0 22 0 98 37 0 96 0 85 0 0 0 0 0 0 0 0 0 0 27 0 64 16 0 0 92 0 53 29 0 0 0 65 0 0
 64 0 0 86 32 37 66 0 0 0 11 0 8 0 62 82 87 46 0 0 0 62 6 124 0 14 35 0 92 92 2 0 0 0 0 88 0 0 0 0 0 88 0 0
 0 86 0 0 0 41 51 54 0 55 85 69 87 0 0 0 58 0 0 85 23 0 0 72 27 63 0 0 0 70 0 89 0 0 0 0 0 95 0 0 0 18 0 0
 32 0 42 0 0 63 0 0 30 40 36 0 33 71 0 78 0 92 87 0 65 0 17 0 0 0 54 0 0 0 39 58 90 0 31 0 0 0 99 0 48 19 0 95
 47 0 0 0 31 25 0 0 0 80 0 0 11 0 64 0 0 0 0 80 0 0 0 89 0 0 0 0 22 0 0 0 0 0 0 84 0 35 0 0 40 49 0 0
 0 0 0 60 17 54 0 83 41 49 0 45 12 0 0 0 0 0 2 0 0 0 0 73 81 100 0 41 0 0 32 0 0 0 0 92 72 83 99 0 0 24 0 43
 0 63 32 0 0 0 0 61 5 20 83 0 11 4 33 55 56 0 1 71 0 0 44 18 48 0 6 54 56 0 22 34 0 46 80 0 100 60 0 65 9 86 0 99
 4 37 0 0 63 0 0 97 22 0 33 44 37 37 27 15 87 0 58 61 0 0 117 0 0 27 87 53 90 20 91 41 0 0 0 0 0 3 46 19 52 0 99 0
 77 55 94 0 52 80 0 90 84 0 70 0 49 85 45 0 0 98 15 91 0 74 0 82 90 72 0 91 31 0 35 94 0 63 0 0 0 107 0 34 60 34 0 0
 0 0 0 0 0 102 94 0 0 53 19 0 38 31 0 80 55 85 0 9 0 0 29 41 0 41 46 0 65 32 0 0 79 25 47 0 0 0 76 0 9 27 16 0
 91 67 18 36 0 0 0 88 80 40 6 0 52 0 22 0 0 28 0 0 51 56 7 62 19 0 0 33 26 4 67 0 0 14 34 52 0 24 0 66 16 77 30 39
 0 30 0 91 0 45 52 77 0 65 0 0 68 52 0 0 0 0 0 0 0 0 0 0 67 83 0 89 0 22 0 0 0 0 0 41 0 0 0 0 0 0 0 0
 60 30 62 22 0 27 17 0 83 0 0 34 0 0 41 56 0 0 0 42 0 0 66 6 0 8 50 37 17 0 26 0 26 0 30 0 75 37 0 0 13 86 0 100
 45 0 0 0 0 0 33 0 83 0 0 88 63 50 0 0 92 32 37 0 9 0 94 0 0 0 14 68 17 67 99 73 0 0 0 75 0 32 87 0 0 0 0 0
 54 0 0 18 98 0 0 0 24 0 0 83 0 0 0 0 84 53 0 70 0 0 93 0 0 0 33 47 6 0 0 94 0 0 0 0 0 81 0 45 0 51 0 0
 70 0 0 90 0 0 0 73 86 0 0 47 48 33 0 91 0 93 11 0 0 0 0 0 0 0 0 0 0 0 0 0 0 53 0 0 0 40 0 44 0 0 83 0
 70 0 0 0 0 69 0 0 47 0 0 0 0 70 0 0 2 30 111 19 0 83 4 0 0 0 37 30 10 94 5 2 33 0 17 0 0 35 47 12 22 0 0 71
 0 39 0 31 0 21 54 0 39 13 36 0 27 0 57 1 32 0 0 0 82 61 0 19 0 0 6 35 18 0 66 0 0 57 58 89 0 55 0 4 31 111 0 0
