40
 0 0 38 0 86 28 0 45 0 0 95 0 31 69 46 0 0 0 66 0 60 116 0 0 0 89 0 36 0 0 0 113 0 66 71 0 0 0 8 0
 33 0 0 0 0 27 0 0 95 11 0 16 37 83 0 14 0 43 0 0 18 54 0 20 29 28 1 0 73 0 0 77 3 94 74 121 0 0 98 99
 0 51 0 51 0 0 0 0 84 0 77 0 0 0 70 0 63 83 0 0 87 23 67 0 48 70 93 0 99 86 0 0 0 0 0 0 0 100 0 0
 88 76 0 0 1 0 0 64 0 0 0 0 22 89 0 0 0 6 0 0 91 0 17 0 85 36 0 0 0 0 0 0 0 63 0 0 43 0 58 0
 0 90 79 0 0 65 0 74 33 75 89 89 0 0 0 0 0 61 93 61 0 80 0 0 0 41 0 10 0 0 0 36 0 0 0 34 0 0 29 0
 0 0 22 82 0 0 0 27 0 36 0 0 39 0 37 0 41 34 0 0 0 0 48 0 0 0 95 0 31 0 0 19 92 78 96 0 60 41 0 0
 20 16 35 67 55 27 0 0 55 0 98 75 33 0 0 0 94 71 95 0 0 43 90 23 57 0 99 8 0 59 79 83 0 0 3 0 0 0 30 0
 0 100 33 0 0 0 42 0 46 0 0 15 0 0 74 90 0 0 81 0 35 0 0 25 0 2 106 10 51 0 57 29 99 31 0 37 6 0 12 0
 68 0 0 7 0 54 0 0 0 50 0 43 95 0 0 45 0 40 0 0 0 28 0 40 0 0 0 74 114 0 0 0 0 0 64 115 95 0 12 0
 12 0 69 14 0 0 0 29 0 0 0 109 89 44 63 0 0 21 98 18 17 3 0 49 0 0 14 0 45 0 0 0 0 0 0 0 29 65 0 51
 0 81 0 93 0 43 0 0 44 41 0 0 60 0 0 0 0 100 0 0 16 15 0 0 0 19 0 0 0 80 0 0 0 67 0 22 0 0 1 0
 92 0 61 36 0 57 0 0 0 0 96 0 0 0 20 0 0 114 0 0 68 44 62 0 0 0 0 87 0 67 94 13 0 94 0 91 76 29 87 34
 0 0 56 0 44 0 0 84 0 0 0 87 0 0 0 0 0 17 47 48 39 96 12 0 95 0 30 2 0 69 10 0 83 0 37 0 78 24 0 0
 0 0 98 0 74 42 69 34 118 0 30 22 66 0 52 0 0 0 0 69 18 0 46 0 0 33 67 0 27 0 0 34 0 100 0 0 64 40 0 61
 0 84 0 86 3 0 8 0 77 0 66 0 4 0 0 0 32 0 0 0 5 103 91 0 23 93 0 20 55 20 0 0 0 0 0 27 45 0 79 80
 8 0 45 56 8 85 31 0 0 81 34 35 120 34 56 0 37 52 0 0 0 0 0 19 31 0 0 21 0 65 6 0 30 69 0 0 45 0 102 0
 39 60 0 67 8 0 0 87 11 12 29 43 73 23 0 0 0 0 0 0 15 83 97 40 39 22 16 106 15 89 0 43 0 0 41 0 0 51 91 39
 73 0 0 0 0 0 0 59 0 0 0 0 0 85 50 0 58 0 0 81 0 30 0 0 0 0 30 27 40 100 34 0 0 53 0 0 34 0 0 0
 0 79 18 40 0 77 0 0 64 0 104 82 0 50 84 50 116 28 0 0 67 0 32 47 11 3 52 62 87 61 0 8 92 77 77 131 46 0 0 0
 60 4 72 68 0 16 70 49 107 0 56 75 0 0 96 101 15 0 85 0 72 0 6 0 97 0 15 0 56 63 43 81 8 0 73 89 31 19 0 91
 0 0 0 0 104 66 34 0 85 0 0 0 0 0 0 93 0 2 0 0 0 0 0 107 36 51 0 8 17 0 0 0 92 0 23 49 19 100 89 0
 0 0 0 79 0 90 0 98 0 0 0 0 0 51 0 30 0 0 99 66 22 0 0 0 0 0 35 0 10 0 0 27 0 79 78 91 47 44 63 100
 83 98 0 0 33 0 0 104 46 125 50 0 0 0 0 65 0 56 0 0 24 56 0 80 0 30 0 0 0 0 0 0 0 0 65 0 0 56 0 0
 94 0 45 56 70 30 0 0 0 0 59 93 54 0 91 0 0 22 0 59 0 41 0 0 0 0 0 0 0 0 0 0 0 67 91 19 0 59 0 0
 40 0 0 0 31 80 0 36 21 61 31 107 0 74 0 0 0 98 0 0 0 18 13 9 0 31 0 24 9 0 0 0 63 85 0 0 86 59 27 0
 0 0 0 0 0 79 88 0 39 37 0 39 91 0 0 41 0 32 0 65 0 78 0 49 0 0 0 6 0 0 57 42 0 72 0 99 41 79 0 0
 94 0 0 3 71 0 0 0 110 0 20 38 0 0 96 78 0 0 0 0 9 0 59 22 66 94 0 39 15 0 95 0 0 68 94 0 0 19 41 0
 0 93 56 65 0 31 0 0 0 48 46 0 0 58 0 0 0 0 0 63 0 71 38 66 0 0 0 0 81 47 0 25 0 0 27 0 0 0 70 0
 55 0 0 90 68 0 64 0 0 0 85 45 42 0 0 8 0 0 0 0 0 0 77 52 0 100 0 0 0 82 0 0 0 0 99 0 63 0 0 0
 2 47 0 20 8 54 0 25 57 52 0 0 0 64 0 0 0 0 0 0 103 88 32 23 62 116 59 0 0 0 0 5 93 0 128 0 54 0 4 95
 49 16 134 16 94 58 0 0 15 102 5 0 0 107 17 0 35 0 44 0 86 74 55 71 42 0 0 38 32 87 0 12 71 0 0 28 50 63 36 0
 0 0 85 57 0 0 0 0 94 61 85 0 99 0 18 88 0 97 0 0 84 0 70 36 64 0 62 0 67 0 0 0 77 97 76 0 0 68 0 0
 71 0 59 39 2 0 96 0 107 61 5 20 0 97 35 0 78 28 0 0 0 107 31 34 0 44 48 83 13 0 0 0 0 0 43 67 39 43 55 0
 0 0 83 0 45 0 14 0 71 45 0 0 77 0 38 0 42 0 0 91 22 0 57 0 0 0 0 52 43 88 70 0 81 0 0 17 20 3 14 0
 0 0 59 7 75 0 0 15 0 101 87 65 0 80 34 93 0 98 0 0 0 0 0 0 64 79 0 0 0 0 39 0 0 98 0 35 0 5 0 61
 32 0 64 121 0 69 64 0 0 52 0 0 100 85 0 60 51 83 0 0 0 0 72 0 57 0 9 135 129 95 0 50 0 0 0 0 5 19 0 0
 85 27 94 0 7 0 47 0 0 0 83 0 0 0 0 0 81 0 0 0 0 0 92 81 0 0 70 12 0 0 0 118 0 0 78 0 0 86 0 93
 29 89 0 83 44 0 3 83 64 0 93 0 0 0 63 95 0 45 63 0 0 0 0 0 0 0 0 65 17 93 0 0 0 0 0 0 0 0 57 0
 0 0 13 0 0 21 0 0 0 59 0 0 57 55 0 0 0 0 63 97 0 0 47 75 0 91 0 0 29 0 0 28 0 0 69 66 70 0 0 0
 40 0 42 47 24 99 7 16 10 0 20 0 39 0 0 115 0 25 38 0 79 0 90 84 12 72 34 15 121 0 40 17 86 67 0 63 0 33 107 0
