50
 0 0 62 0 0 73 0 0 61 96 18 0 50 70 0 0 0 77 0 92 57 0 78 0 0 30 28 70 109 0 0 38 0 71 79 0 88 114 0 15 0 9 0 0 0 0 72 0 0 0
 19 0 0 66 48 42 107 6 0 19 3 39 63 8 7 0 26 61 0 57 0 0 55 0 15 60 24 45 0 67 32 0 0 0 13 0 0 0 82 11 26 83 102 83 0 0 3 73 0 0
 0 53 0 0 0 0 0 31 98 0 0 0 46 54 76 0 0 0 84 0 0 100 0 0 23 0 0 65 0 39 0 66 0 0 0 0 0 28 65 0 65 48 0 0 0 22 51 83 0 0
 16 0 11 0 0 18 0 0 0 10 0 0 0 0 0 96 82 0 107 0 0 0 0 0 0 0 51 33 25 98 59 0 34 68 0 0 0 1 0 9 0 0 74 42 0 0 34 0 0 0
 78 0 92 55 0 113 46 0 19 0 0 78 36 78 7 85 0 15 40 0 19 0 0 0 1 68 50 81 0 27 24 10 0 61 56 86 1 87 0 0 62 0 60 41 79 0 22 4 17 57
 0 0 40 0 0 0 89 16 0 0 0 96 0 18 0 0 0 22 0 0 61 0 92 0 57 23 0 19 6 0 0 0 55 95 90 0 68 0 0 0 86 0 0 0 0 17 0 61 0 0
 9 0 63 11 0 0 0 0 71 17 29 93 0 46 0 112 0 10 25 0 0 0 51 47 5 48 0 11 32 0 29 93 87 0 0 0 26 30 2 0 86 5 0 0 94 54 0 0 0 19
 98 0 0 55 75 0 100 0 0 50 17 59 0 0 0 78 25 0 0 74 98 0 0 0 0 84 91 81 0 0 0 0 0 0 0 0 0 40 0 0 0 6 63 0 0 0 82 83 89 0
 0 44 0 57 0 29 0 28 0 18 3 0 0 65 22 0 74 82 54 25 16 45 12 0 31 0 0 0 18 0 0 0 8 0 87 0 0 0 0 0 0 35 0 39 0 14 0 13 76 0
 0 0 92 0 58 10 0 0 0 0 10 66 93 40 69 0 0 0 44 83 0 0 85 0 53 0 99 0 28 62 24 0 97 0 0 56 0 38 0 20 0 94 0 60 0 0 0 57 42 97
 0 0 67 95 57 21 0 0 0 0 0 99 67 0 0 46 0 85 0 7 19 83 0 25 0 0 0 0 92 0 0 93 0 0 0 0 94 41 0 0 0 53 0 60 81 0 0 0 0 0
 65 0 38 29 0 0 0 0 85 0 0 0 56 0 0 7 0 122 17 0 47 62 0 13 41 0 62 13 0 0 0 0 0 0 82 0 0 50 0 85 0 73 0 82 0 0 10 0 0 0
 0 0 0 76 0 52 23 83 50 0 0 0 0 0 47 34 95 0 31 0 0 0 0 0 1 51 20 61 31 0 0 86 72 89 0 0 0 13 0 0 16 46 45 0 90 30 32 0 15 28
 0 0 0 38 0 0 0 9 0 0 91 87 21 0 65 0 0 85 88 57 0 0 0 0 39 0 44 0 0 0 0 0 0 66 0 59 0 24 0 81 0 0 61 62 0 0 0 0 30 0
 29 0 0 81 0 32 51 69 0 0 45 74 0 0 0 0 89 0 23 0 49 92 0 0 30 58 0 4 0 0 0 0 46 0 0 86 0 0 89 13 0 0 94 0 0 0 70 67 64 100
 36 64 21 0 0 55 0 0 75 91 0 0 0 80 16 0 93 59 12 0 88 0 75 93 41 53 76 71 0 18 28 91 0 98 0 0 0 4 70 3 0 0 0 0 0 0 0 0 0 65
 30 0 60 0 59 55 56 0 0 13 11 28 0 91 0 0 0 32 34 0 8 46 0 29 0 0 29 15 94 0 99 0 0 79 0 94 58 0 6 60 0 61 98 0 0 0 8 0 95 51
 0 0 99 65 0 0 0 25 0 34 0 0 55 0 86 0 0 0 89 0 0 0 40 0 0 38 0 0 0 0 0 19 36 0 81 96 0 0 0 0 0 94 56 0 77 97 54 0 0 80
 15 81 0 0 0 63 0 37 0 0 22 0 0 0 0 0 0 0 0 96 72 0 0 74 0 0 49 86 0 91 0 38 75 0 0 90 0 79 0 28 0 30 0 0 0 31 0 0 100 0
 0 0 41 66 100 106 7 0 0 0 0 70 67 0 45 1 46 109 0 0 0 0 40 65 81 4 3 13 81 13 0 0 0 30 0 99 57 60 11 0 23 0 41 29 76 1 6 0 0 33
 0 97 72 76 0 0 82 0 0 92 0 0 45 65 0 0 0 36 0 77 0 76 0 0 0 59 0 13 0 112 0 59 0 0 0 61 0 120 0 48 0 24 0 27 74 0 0 69 0 0
 18 37 0 20 84 33 34 1 0 25 0 0 34 95 0 84 0 72 88 35 0 0 74 0 71 20 0 0 0 50 0 0 9 0 0 0 109 10 101 89 13 0 70 0 7 45 87 0 0 72
 0 0 84 19 84 0 0 37 0 0 28 16 55 3 16 0 70 0 58 0 7 0 0 82 0 0 0 26 69 54 0 49 35 95 29 0 53 0 54 15 0 60 76 4 0 54 27 57 0 80
 47 81 88 94 89 16 0 58 55 21 0 0 54 31 11 0 0 41 0 0 49 59 0 0 42 58 0 31 46 0 0 0 0 0 0 96 0 0 0 0 76 0 0 88 0 71 0 0 41 48
 39 0 0 38 0 0 0 57 0 0 67 0 0 0 0 0 68 98 121 0 48 0 88 0 0 88 53 0 35 0 50 0 66 97 59 0 54 24 26 0 0 60 59 0 0 57 0 0 0 89
 0 0 61 76 0 0 0 0 90 80 36 67 0 98 0 0 34 0 86 0 0 0 70 0 0 0 0 0 12 0 0 0 0 0 0 0 0 88 99 0 0 25 76 0 78 0 85 60 36 0
 0 0 82 0 0 72 85 0 57 0 29 0 0 0 3 0 0 86 0 0 57 58 76 3 0 33 0 42 28 63 0 0 42 77 0 0 67 0 0 78 0 75 33 53 0 9 30 13 0 86
 0 0 0 0 0 0 0 0 99 69 19 0 0 36 0 0 0 49 0 0 0 86 0 0 58 7 0 0 45 0 78 76 84 0 0 18 0 27 0 72 0 40 14 58 100 55 87 0 0 71
 0 85 96 0 95 0 0 59 0 0 0 78 0 0 94 74 0 45 59 0 88 79 0 0 0 0 0 0 0 0 0 0 100 31 23 56 0 98 95 0 0 0 0 0 0 0 93 0 77 93
 56 0 0 0 0 25 72 30 98 0 37 28 35 71 85 0 71 39 0 0 0 0 0 99 21 18 0 37 9 0 88 54 0 0 0 100 75 63 13 92 0 0 0 0 47 0 0 57 40 0
 40 0 12 0 0 78 0 75 83 0 15 40 36 6 39 0 0 41 76 88 82 18 16 74 0 39 90 0 48 0 0 0 81 17 0 31 0 0 47 79 0 48 33 92 81 0 0 0 27 0
 0 88 0 41 0 44 0 90 57 34 0 91 0 30 52 0 62 0 0 30 0 19 0 0 48 68 52 0 103 0 80 0 0 0 91 66 0 39 41 0 0 59 75 0 68 0 0 74 5 43
 5 58 60 0 29 0 0 1 0 0 47 64 0 2 0 31 42 0 0 89 20 0 0 39 0 22 0 0 0 20 0 0 0 0 3 38 35 88 7 43 0 94 0 0 46 31 58 0 27 17
 0 69 0 0 0 0 33 45 87 18 37 29 0 0 82 0 0 100 61 0 12 0 0 47 0 35 0 84 0 72 0 3 44 0 0 0 0 0 0 42 0 102 0 59 0 0 63 0 102 97
 0 0 91 42 0 0 27 28 0 64 49 0 25 91 65 45 46 0 53 86 87 8 0 2 0 47 66 21 0 47 49 0 0 72 0 0 0 12 66 69 59 5 0 95 0 0 66 0 25 16
 7 20 30 55 0 31 82 27 59 0 32 60 72 0 0 35 0 0 0 0 0 68 29 0 7 71 70 0 0 0 0 0 0 97 7 0 7 35 18 105 66 16 108 0 0 0 47 0 0 31
 0 89 75 43 0 0 0 64 88 15 0 76 39 18 11 43 0 76 64 0 19 0 0 47 0 18 0 84 69 0 84 53 0 12 48 0 0 57 56 63 0 0 15 45 46 78 22 50 0 0
 0 0 0 0 0 47 0 0 41 0 0 0 0 0 42 0 55 61 0 0 0 0 96 72 0 0 84 0 0 0 97 0 0 97 0 0 0 0 0 0 0 0 69 0 0 78 0 0 45 67
 99 0 0 9 84 52 0 36 60 17 15 90 86 51 0 0 0 82 34 0 14 0 0 57 0 0 44 37 0 0 0 0 0 11 0 0 0 53 0 33 0 66 0 0 0 0 17 93 0 0
 0 0 63 0 99 100 85 35 87 0 4 0 100 0 0 0 0 4 0 77 0 0 0 19 78 88 0 0 20 0 0 19 0 0 0 0 0 100 0 0 0 0 0 0 0 0 0 67 0 0
 28 0 0 22 0 0 0 42 58 21 6 98 0 0 87 17 36 1 45 0 42 0 4 0 15 100 50 45 58 16 44 11 99 55 0 0 46 83 91 2 0 3 0 37 0 57 0 0 2 22
 0 0 0 81 65 66 0 0 0 0 0 0 0 96 56 84 0 0 0 39 0 61 0 0 0 0 0 0 77 61 0 0 0 0 0 0 43 90 0 92 0 0 0 0 55 0 0 0 85 0
 23 0 63 0 0 102 74 0 57 21 89 116 0 0 0 55 0 0 19 0 81 0 0 107 0 0 0 0 2 2 0 0 63 15 56 0 0 0 43 39 62 38 0 90 122 116 5 0 26 20
 75 0 32 0 0 61 76 26 0 0 0 0 72 0 32 3 21 40 13 0 0 61 0 0 28 89 0 0 9 38 0 18 83 0 0 89 0 40 88 34 0 57 0 0 0 0 98 0 0 69
 48 63 28 0 0 33 0 9 64 27 0 14 0 61 15 0 80 0 66 0 0 0 52 38 2 0 80 0 112 0 0 0 0 45 44 57 0 59 23 8 58 0 0 44 0 7 0 0 78 27
 37 81 0 45 52 0 0 61 0 54 36 56 0 9 35 97 98 0 0 0 6 0 0 0 0 31 0 0 22 66 94 0 0 58 38 68 0 0 45 95 0 63 0 93 0 0 0 90 0 0
 0 0 0 0 0 17 91 0 48 74 31 0 0 84 0 27 0 0 96 0 5 0 0 42 39 0 0 0 0 85 42 70 0 0 0 0 0 29 0 53 90 28 0 0 44 57 0 0 10 0
 3 0 0 63 0 0 45 0 0 0 82 9 99 21 0 24 26 15 65 62 0 72 0 4 107 0 0 24 21 0 87 0 74 88 19 74 0 63 0 0 72 3 94 52 35 0 66 0 67 0
 16 89 19 46 0 97 50 0 0 0 15 55 0 0 0 99 0 9 0 30 39 86 72 0 44 0 72 106 0 0 0 0 0 0 0 42 49 0 67 70 0 0 0 90 0 89 0 0 0 70
 12 82 36 45 0 74 0 108 70 0 20 15 0 54 0 0 0 0 66 0 102 0 0 0 0 59 0 0 0 43 98 0 0 0 0 0 63 0 71 108 0 93 0 0 0 59 80 54 0 0
