50
 0 0 56 0 0 83 0 0 35 0 67 32 61 77 0 0 36 0 0 0 93 24 0 0 49 0 0 44 0 54 5 0 45 0 40 7 50 0 2 88 96 0 50 32 0 0 0 0 0 0
 12 0 0 0 0 73 73 14 52 0 62 0 76 33 0 63 0 0 79 0 99 0 37 32 0 0 50 0 8 66 69 27 95 0 5 0 37 0 38 0 0 0 0 0 0 0 0 0 15 5
 0 75 0 25 0 34 38 67 38 33 0 0 4 28 27 0 0 14 49 73 0 0 0 81 0 23 0 0 0 0 0 26 0 65 8 10 10 3 32 0 21 31 42 26 27 0 50 0 25 48
 63 90 0 0 0 37 28 0 0 47 0 0 21 0 0 73 90 43 0 78 0 0 0 0 93 81 60 0 0 57 0 43 73 29 47 7 0 70 0 20 0 14 0 93 38 0 39 0 0 0
 17 32 27 68 0 28 15 18 48 41 0 0 0 0 0 1 23 62 0 38 0 32 15 12 77 62 80 22 0 59 30 78 50 58 0 0 0 0 44 0 0 0 0 106 0 28 0 0 26 0
 0 0 0 0 0 0 0 0 0 53 0 0 18 67 0 23 105 89 0 49 37 23 51 87 0 0 9 10 66 0 2 52 60 15 14 0 32 7 0 0 74 0 0 10 0 42 0 0 13 0
 58 0 0 0 0 57 0 0 61 0 76 96 0 67 99 0 58 0 0 0 0 99 0 0 30 0 0 0 54 0 0 0 47 94 65 0 0 92 11 85 49 0 7 97 0 82 52 41 0 82
 59 0 0 90 0 100 16 0 0 0 0 64 0 63 0 93 83 0 0 0 0 0 0 57 0 0 80 77 87 32 0 99 53 0 34 0 94 0 54 96 0 0 45 56 59 0 48 0 45 37
 0 0 0 82 0 59 0 17 0 100 0 0 29 48 72 99 23 46 66 0 26 60 12 0 42 0 0 0 39 0 0 0 0 0 57 26 0 13 58 35 0 0 8 0 13 0 52 21 0 80
 45 67 0 0 0 0 26 58 0 0 50 79 56 0 0 0 70 0 0 0 0 83 17 42 90 0 0 96 32 0 34 89 28 0 3 0 65 71 100 47 49 77 0 0 82 19 0 0 49 97
 0 0 65 18 33 94 0 41 56 0 0 0 31 9 0 100 3 0 0 2 88 71 32 0 0 0 2 0 12 0 0 26 0 0 83 0 0 47 0 0 47 0 0 8 0 49 0 75 0 49
 0 59 69 69 0 56 0 0 78 0 90 0 0 0 0 29 0 16 0 0 96 65 33 0 0 0 0 86 51 0 11 0 0 75 78 0 0 0 43 0 0 48 0 0 6 0 42 0 0 0
 0 0 0 0 90 0 10 33 0 0 0 59 0 0 0 92 0 79 0 0 0 98 0 0 100 84 93 0 0 95 0 97 50 0 0 0 0 0 0 11 0 72 59 48 0 31 0 39 0 97
 0 0 0 2 83 0 0 0 0 78 0 78 12 0 0 0 87 4 65 0 0 20 24 27 0 89 52 84 0 0 0 0 0 83 0 0 14 99 0 0 0 0 56 0 93 18 0 94 66 32
 5 38 0 67 84 46 0 20 0 82 79 25 33 56 0 0 0 23 0 19 0 33 30 0 46 57 0 27 5 0 0 0 0 70 94 14 71 10 0 65 50 56 0 0 11 87 47 91 0 0
 41 0 72 0 0 0 74 0 0 2 0 0 0 10 94 0 0 20 63 36 0 0 66 31 0 75 0 61 12 0 0 9 10 0 57 61 0 33 0 86 0 67 36 95 0 82 0 0 66 46
 0 7 75 0 0 0 0 0 0 0 0 28 65 0 99 52 0 51 0 20 75 97 0 2 0 80 23 0 3 0 67 0 83 0 0 0 65 0 0 94 0 99 0 0 97 0 62 80 0 17
 32 72 0 0 0 0 5 63 0 83 33 0 0 0 0 0 0 0 0 0 0 0 14 1 63 0 55 0 61 0 0 0 46 0 76 0 32 0 0 0 84 0 44 39 35 0 61 79 69 0
 38 0 0 29 50 38 82 60 0 7 34 15 54 0 54 0 54 106 0 96 13 26 7 54 0 0 60 29 0 0 47 32 6 18 0 0 29 0 0 13 90 0 0 10 85 0 11 0 0 0
 21 30 0 0 0 0 23 1 4 71 0 68 74 86 0 0 0 40 0 0 75 51 26 0 0 0 59 0 0 0 85 30 78 0 19 0 0 54 25 53 0 0 6 82 51 0 66 0 0 0
 0 0 0 15 26 0 32 81 0 60 0 0 13 94 100 84 0 13 0 0 0 61 0 84 78 0 19 0 0 18 0 102 0 0 0 80 21 0 79 0 0 69 9 0 0 99 0 0 0 0
 0 49 70 14 0 0 0 35 0 0 0 0 0 0 0 93 0 77 0 0 0 0 69 17 72 0 3 27 0 43 19 16 0 71 16 17 3 69 0 15 0 0 52 86 37 68 37 54 98 76
 100 0 44 87 0 0 52 49 0 0 0 0 0 0 0 0 87 0 0 0 55 0 0 30 0 55 0 0 0 0 0 99 95 85 50 0 0 0 0 70 0 0 0 0 94 0 13 34 0 90
 95 0 0 45 0 0 25 0 15 0 14 79 22 0 92 0 0 0 0 92 0 0 0 0 0 0 0 100 0 68 0 0 0 0 0 92 0 86 0 0 0 0 0 86 90 75 62 0 33 72
 0 61 88 0 0 111 0 32 0 0 35 32 0 31 0 34 27 0 43 18 0 0 31 38 0 89 0 41 16 0 0 69 0 34 32 19 0 0 0 46 75 42 16 4 18 14 0 0 0 31
 25 80 0 0 0 98 32 18 31 32 21 70 0 0 0 0 0 30 92 28 74 81 0 56 0 0 0 0 0 0 38 0 0 50 6 63 6 97 0 31 0 0 7 0 55 0 7 0 94 0
 70 0 86 0 0 0 31 0 91 35 0 72 0 0 82 61 0 0 0 0 0 0 6 15 72 73 0 75 0 98 5 90 0 0 69 0 13 0 28 0 76 0 104 77 32 0 14 0 0 93
 0 63 25 37 0 0 27 0 92 0 81 0 24 0 0 0 39 60 0 17 70 0 84 0 0 69 0 0 0 0 26 81 0 0 36 85 0 72 0 0 93 0 32 0 44 0 43 91 58 0
 95 0 51 97 77 0 0 0 0 0 0 0 46 30 0 0 0 0 99 44 66 36 63 42 0 52 85 69 0 86 85 74 81 0 45 0 73 73 0 27 99 56 81 0 0 86 0 0 0 70
 0 0 93 0 0 79 13 0 78 91 60 9 0 4 50 57 62 31 87 51 0 0 33 0 76 94 0 1 0 0 46 0 80 0 0 17 25 0 75 13 0 1 0 0 20 60 15 0 75 0
 0 0 32 86 0 0 18 37 71 0 56 0 55 68 97 97 0 51 0 0 79 0 56 16 96 0 0 0 0 0 0 0 51 0 0 69 0 0 65 76 0 0 20 85 0 0 36 0 0 53
 88 0 0 0 0 0 12 0 65 0 0 81 0 38 69 0 95 97 0 0 0 0 0 64 0 87 0 0 0 100 7 0 63 0 61 40 0 98 12 0 0 0 0 41 0 0 0 81 62 80
 0 0 99 0 0 0 0 0 74 0 1 71 0 105 58 0 0 0 0 0 6 10 0 95 87 88 68 67 0 0 0 0 0 0 66 3 101 23 83 0 0 70 47 98 36 27 0 99 42 0
 31 93 0 0 0 0 0 10 1 19 3 0 6 0 0 45 1 63 0 12 19 0 0 53 0 0 70 9 24 15 15 20 40 0 0 0 32 3 1 4 73 41 0 0 0 19 22 0 0 0
 0 0 0 0 81 0 0 0 0 0 0 0 52 100 0 0 37 0 100 0 92 0 0 95 0 0 0 0 0 99 51 0 0 70 0 32 0 0 100 81 0 91 0 0 88 98 68 88 17 0
 0 97 0 0 54 79 6 29 0 58 94 58 81 31 0 0 35 12 36 42 0 0 41 0 0 0 91 0 46 0 0 0 0 55 0 0 82 0 0 32 48 53 50 84 79 0 74 0 0 71
 0 0 0 30 27 0 84 0 67 0 80 52 42 0 0 85 0 0 0 26 0 0 20 57 67 0 0 36 0 0 51 60 0 0 10 0 0 100 0 0 69 0 0 37 91 0 0 60 41 0
 96 42 0 0 36 0 0 73 0 0 0 15 4 0 0 0 56 47 46 0 41 0 64 0 94 0 96 0 0 92 41 0 0 0 33 29 0 0 85 48 0 0 43 0 0 0 0 78 0 39
 0 0 0 37 0 56 0 0 0 0 42 0 82 87 56 95 56 41 88 0 0 94 46 73 39 15 0 91 7 0 0 0 0 0 0 65 97 0 0 76 0 53 0 0 46 86 36 0 0 0
 0 9 46 0 25 28 0 0 0 0 95 53 0 99 0 0 0 52 0 0 56 0 0 23 0 0 100 67 0 0 0 99 51 0 0 0 7 0 0 0 0 0 18 0 0 65 83 0 0 75
 0 21 0 67 85 0 0 22 34 0 0 22 28 80 0 28 60 0 0 29 107 30 10 64 0 58 0 0 0 13 9 6 38 0 30 0 0 35 64 57 0 7 56 36 0 99 0 43 0 55
 59 63 0 0 39 62 8 40 20 0 35 0 0 78 0 0 0 7 79 103 0 57 54 77 0 84 18 21 0 0 8 56 0 0 0 0 11 84 0 24 0 0 0 52 0 0 0 0 0 0
 0 59 0 28 61 71 0 0 0 95 66 69 0 0 36 0 71 0 76 0 0 0 6 4 0 0 0 0 0 72 0 75 0 94 43 0 67 0 2 0 0 88 0 0 0 0 0 95 0 69
 0 100 0 0 0 0 0 0 11 1 0 3 0 71 97 0 7 0 0 0 76 0 76 0 0 68 0 51 36 27 0 0 0 94 18 0 0 35 4 108 0 0 19 0 0 0 15 0 0 0
 42 64 0 0 68 28 86 0 0 0 49 0 19 0 0 60 0 0 0 0 70 0 0 0 0 0 0 0 40 0 9 91 0 99 0 0 0 85 0 81 34 94 59 75 0 0 13 0 34 0
 10 28 4 38 0 0 0 28 29 0 0 27 0 0 0 0 61 67 23 33 0 0 0 0 0 107 0 72 0 0 57 5 0 0 0 13 92 13 0 0 0 39 50 93 51 0 0 0 2 68
 19 83 0 0 52 96 0 0 0 14 42 0 40 47 0 40 0 0 0 0 56 0 0 0 86 0 0 0 47 0 0 45 86 0 0 0 85 70 0 0 46 54 42 0 0 89 0 42 44 75
 49 77 42 94 92 39 0 17 0 21 0 42 0 0 0 23 0 0 82 10 19 0 0 53 97 18 63 0 33 58 63 0 0 28 0 51 0 0 4 45 0 2 0 5 14 79 0 0 0 0
 23 0 0 24 0 0 39 0 27 0 44 88 114 0 0 0 38 0 23 13 77 0 2 0 75 0 5 0 50 0 22 0 0 43 0 33 0 77 80 5 82 3 27 77 0 0 0 67 0 27
 70 0 0 38 41 46 0 0 0 0 0 40 0 0 66 0 0 15 92 17 91 0 0 0 0 68 0 37 0 88 0 0 32 97 11 0 25 0 44 0 0 54 0 43 74 0 0 98 0 0
