50
 0 0 40 2 0 0 35 76 81 19 0 21 0 0 8 0 15 0 0 0 0 0 0 62 38 0 0 73 0 0 36 102 0 0 88 79 39 0 0 0 0 28 30 59 90 69 0 0 0 0
 10 0 28 38 0 0 0 0 87 41 0 19 11 1 0 52 40 96 70 0 9 107 0 72 0 59 0 0 0 8 22 40 23 0 39 0 3 0 9 32 0 0 105 99 0 57 57 0 8 90
 0 0 0 69 25 0 0 0 23 0 0 2 0 0 67 83 76 0 39 0 0 64 41 0 0 81 4 0 0 47 0 18 0 0 0 91 0 85 0 0 0 0 80 67 0 0 22 0 68 91
 0 0 0 0 52 0 15 90 89 40 0 17 0 78 85 45 22 82 0 0 60 88 51 0 15 30 0 0 0 1 48 72 0 43 86 0 0 0 82 0 0 65 54 0 109 0 0 22 0 0
 75 97 0 0 0 54 57 0 4 28 33 0 0 11 0 0 0 0 96 60 21 22 0 0 82 0 0 0 70 0 57 0 66 0 81 0 0 7 67 0 0 35 25 0 21 0 0 57 0 62
 65 84 6 27 0 0 18 34 45 6 0 0 78 45 0 0 24 0 34 4 0 39 0 0 0 43 0 86 0 0 0 0 51 70 54 43 100 0 83 23 0 0 26 0 12 100 0 0 0 0
 0 39 65 0 0 0 0 92 0 89 0 0 0 57 0 31 0 0 0 0 13 0 0 0 1 0 0 0 18 0 0 95 115 47 0 0 52 52 96 0 0 0 61 95 20 41 11 66 0 0
 0 93 94 0 17 0 0 0 0 0 38 0 60 0 79 111 0 0 88 36 45 0 0 0 25 0 0 0 0 2 0 92 0 0 0 0 0 32 0 81 0 0 0 82 12 0 0 0 0 0
 0 0 0 0 0 0 7 37 0 0 79 0 0 0 0 0 35 50 0 0 0 93 0 90 80 89 87 70 0 0 66 44 61 0 86 97 0 0 80 57 0 0 0 78 0 73 66 12 100 0
 0 0 49 0 0 0 0 76 14 0 0 0 0 11 53 83 11 0 0 13 70 86 57 0 0 70 0 28 0 0 24 71 55 9 0 0 0 31 0 0 0 52 0 0 63 0 55 21 81 0
 94 53 88 5 0 86 44 0 0 93 0 0 94 0 102 13 47 0 0 2 2 0 65 0 0 0 22 0 39 82 115 17 18 0 40 0 0 0 87 17 0 0 108 0 78 66 0 0 0 100
 0 0 0 0 52 68 33 99 0 61 69 0 0 80 95 72 6 0 56 56 30 0 83 0 0 34 10 0 0 0 0 64 56 0 0 0 0 0 0 60 0 0 0 0 84 96 19 6 0 57
 74 0 83 21 68 0 88 0 30 81 0 88 0 0 0 0 26 0 0 0 28 0 0 0 29 14 37 0 0 0 0 9 48 36 0 59 0 0 0 0 0 0 7 0 50 0 0 6 99 21
 16 0 47 0 0 0 0 83 45 0 31 0 30 0 56 0 57 13 0 0 34 105 0 83 0 17 15 58 71 0 68 8 35 36 0 0 0 92 86 27 84 88 67 0 0 0 8 83 77 0
 0 83 0 0 52 23 4 0 35 0 0 0 98 0 0 0 0 68 0 0 0 0 0 0 0 94 0 0 54 103 54 0 0 68 0 0 0 0 0 0 0 0 0 45 74 0 43 0 0 0
 79 0 0 0 59 94 0 0 32 0 0 0 21 20 95 0 0 0 82 0 98 0 0 0 43 0 0 0 0 0 0 45 2 0 0 34 0 37 0 66 0 0 78 0 81 0 0 43 0 92
 0 0 0 0 89 0 32 86 0 0 0 0 0 0 79 4 0 0 27 88 0 0 44 89 22 0 3 0 90 0 0 0 73 0 0 0 63 2 0 52 39 0 0 0 0 0 35 88 86 63
 40 0 24 0 55 35 6 63 0 49 55 35 43 0 0 47 37 0 11 38 0 1 0 41 49 31 84 13 77 0 0 58 60 0 0 69 0 10 104 27 0 43 58 0 11 90 87 90 67 0
 24 0 0 42 0 0 38 0 86 4 47 0 11 56 9 0 0 0 0 0 0 56 0 104 43 36 17 0 49 0 63 37 89 64 0 43 27 39 0 40 0 0 0 0 0 78 23 89 0 0
 50 44 65 17 0 0 120 0 116 0 0 0 17 97 23 17 0 0 124 0 0 44 0 85 92 36 26 0 0 9 84 0 0 2 0 0 0 0 0 76 0 36 27 0 77 78 0 10 38 76
 90 0 93 0 0 56 0 0 78 0 0 0 0 0 67 0 1 100 93 78 0 0 0 15 0 0 0 47 74 49 0 62 124 0 0 0 0 16 0 0 100 0 0 0 95 84 78 0 0 73
 35 0 0 0 0 0 42 84 0 0 86 39 53 0 113 9 46 0 0 0 86 0 0 0 54 21 42 72 0 54 64 0 0 0 0 0 49 12 0 95 56 0 0 46 62 0 13 0 0 0
 88 75 0 0 21 21 17 29 36 0 0 0 29 118 110 113 0 17 102 35 46 100 0 53 0 68 3 7 0 0 44 40 0 17 95 54 0 56 32 0 0 0 22 64 38 92 0 0 0 0
 0 0 64 73 7 95 8 13 0 29 48 21 24 0 84 93 0 0 0 0 0 19 0 0 0 0 0 0 0 60 37 42 80 0 0 71 0 0 0 23 0 51 64 0 0 86 94 0 0 0
 0 24 41 0 0 34 0 0 0 98 69 79 0 99 100 0 0 0 0 0 84 0 38 76 0 0 80 0 50 0 0 85 74 91 0 92 0 0 0 39 51 84 0 0 42 0 0 95 0 66
 78 0 0 0 30 0 48 85 0 0 40 0 0 0 0 44 40 0 0 0 87 0 0 77 30 0 87 39 26 11 70 0 0 0 0 60 0 7 0 0 0 0 0 0 8 53 12 26 0 89
 33 89 0 73 84 28 28 15 0 54 0 0 0 0 47 71 0 0 0 0 90 0 0 78 0 0 0 53 40 0 0 90 0 0 65 86 81 31 0 0 0 0 76 86 84 0 96 0 0 0
 0 67 104 98 25 0 54 78 0 0 16 43 16 0 89 48 22 0 13 9 0 0 0 23 106 0 0 0 0 0 60 70 0 0 0 25 0 100 0 105 0 0 41 0 89 0 0 38 0 36
 89 3 10 55 0 131 0 34 68 22 0 17 7 0 0 67 0 0 0 41 0 41 50 102 0 0 0 51 0 87 0 87 79 0 35 29 0 55 57 74 71 9 57 0 4 114 42 0 0 27
 75 0 0 0 87 51 25 0 59 37 0 42 100 71 0 38 13 71 67 0 0 0 77 0 20 0 72 38 0 0 50 0 0 31 0 88 39 24 38 0 92 0 98 0 0 89 69 12 0 0
 0 0 74 0 0 57 47 13 0 0 0 1 65 0 0 32 57 52 0 0 95 0 0 0 23 0 44 0 41 0 0 15 69 10 0 0 97 10 0 94 0 0 0 0 24 86 0 61 99 52
 0 0 0 0 69 42 0 0 0 0 0 0 0 0 84 0 98 0 0 69 0 32 0 0 0 84 0 0 0 97 0 0 73 85 89 0 77 133 0 86 39 0 31 0 90 0 0 0 0 93
 92 0 85 87 0 0 0 90 0 0 0 0 0 0 91 0 0 0 0 91 0 58 68 0 0 99 9 71 0 31 0 0 0 86 0 0 0 15 0 0 92 0 0 12 0 0 0 0 0 73
 42 70 89 0 0 0 0 78 83 0 38 79 0 0 0 5 31 76 0 0 52 96 0 60 0 63 85 0 41 0 0 0 0 0 96 0 75 95 0 0 0 63 0 0 0 0 0 71 0 0
 0 0 93 0 0 0 26 85 0 80 0 58 2 0 76 69 59 48 20 57 69 28 0 30 46 111 0 38 0 25 4 0 3 0 0 0 0 0 0 0 73 39 55 0 16 66 0 40 82 0
 0 37 0 118 67 0 47 69 0 77 59 21 0 44 25 0 19 0 0 2 83 72 0 0 0 0 0 0 0 0 80 94 17 22 80 0 45 28 41 0 0 0 0 84 103 0 0 0 0 46
 0 0 71 34 4 0 0 27 89 53 8 78 34 65 50 17 0 22 0 39 100 0 47 88 18 26 0 85 99 0 0 0 9 0 36 0 0 28 0 0 28 74 0 0 18 35 0 0 0 26
 64 87 0 59 0 97 0 0 39 0 81 84 58 0 79 0 0 0 0 37 0 0 0 63 23 0 0 0 0 0 0 0 0 0 66 0 0 0 0 86 0 63 0 0 0 0 70 0 0 51
 79 0 50 0 0 0 0 1 0 16 0 57 79 0 77 110 12 0 69 16 67 48 0 47 24 108 21 57 0 0 28 51 47 33 53 0 100 125 0 29 99 0 94 33 0 0 0 0 0 0
 69 0 31 20 27 0 107 0 0 38 0 0 95 0 0 0 0 0 0 0 54 0 33 0 0 57 61 0 0 35 0 0 25 3 47 85 87 0 0 0 89 0 112 0 3 0 31 0 0 69
 14 16 75 123 7 66 61 8 4 54 72 14 26 0 104 73 0 26 33 129 0 0 65 22 0 37 60 19 0 0 40 0 0 29 0 62 0 34 0 0 0 38 78 0 0 0 48 99 73 21
 0 83 78 0 0 31 1 52 118 0 48 16 39 0 44 60 5 0 91 0 39 95 0 0 0 19 35 68 0 101 54 101 90 0 0 0 0 0 6 77 0 0 0 98 20 0 49 0 0 99
 0 0 0 0 0 0 0 39 16 7 0 62 0 0 72 0 79 0 0 0 27 54 0 0 45 97 0 0 0 0 48 0 41 86 0 77 43 56 0 0 0 47 0 0 0 29 71 0 0 94
 0 0 0 81 86 81 0 0 0 92 88 43 44 80 0 36 18 5 15 20 52 0 0 19 64 80 0 86 64 15 91 25 0 91 43 0 30 41 0 120 69 0 56 0 0 99 3 90 84 0
 0 100 36 0 0 0 0 0 39 0 0 0 0 79 0 0 18 0 38 0 0 0 0 64 0 0 0 0 0 72 0 0 100 0 0 0 0 82 65 0 79 0 62 93 0 18 112 0 0 84
 0 0 44 36 2 0 0 36 0 47 0 0 89 35 113 97 26 0 0 0 0 27 0 0 59 0 13 87 0 0 0 74 17 87 0 30 0 87 72 80 60 44 0 0 0 0 2 0 0 43
 85 0 0 66 66 77 0 89 0 0 71 0 94 0 0 3 0 0 0 53 0 0 98 0 64 0 0 96 0 0 55 30 44 34 68 39 94 0 97 0 0 0 0 0 0 0 0 0 0 0
 52 34 77 0 0 92 0 47 0 0 78 0 0 0 92 0 0 0 0 0 60 72 64 87 0 0 21 0 84 0 0 73 21 0 0 83 81 16 94 46 0 46 59 0 50 89 79 0 0 0
 83 0 0 59 65 47 20 110 0 0 35 42 0 0 10 0 0 0 69 0 51 108 20 37 9 24 89 71 91 0 0 103 58 51 0 98 74 36 51 74 0 60 89 0 31 41 37 30 0 0
 30 0 0 29 0 14 37 24 18 16 0 0 0 25 57 0 0 59 90 0 0 76 99 48 0 0 29 0 0 46 0 0 0 20 59 0 0 0 91 0 0 0 0 56 0 0 62 64 5 0
