50
 0 0 82 22 60 0 0 0 0 0 0 0 26 89 59 0 0 0 21 94 0 0 0 85 0 0 0 29 0 25 0 0 0 16 0 0 76 92 0 0 0 64 62 0 42 0 54 0 0 48
 20 0 0 81 0 0 33 0 74 0 0 0 0 92 0 0 41 32 12 0 0 35 9 35 49 0 0 29 0 0 0 0 66 0 0 47 87 16 0 0 0 0 0 0 0 60 75 0 26 9
 0 10 0 0 0 0 13 115 0 54 97 0 0 0 91 0 58 0 27 14 0 74 0 1 0 0 0 21 29 0 76 89 73 71 0 0 0 28 62 37 75 61 33 65 25 0 22 79 69 50
 0 0 88 0 95 100 74 0 0 91 21 19 31 0 0 46 30 0 93 10 0 0 0 0 0 0 94 0 26 0 0 0 70 67 0 0 0 48 0 0 0 70 5 0 7 0 87 78 0 45
 0 83 46 0 0 0 41 0 84 21 0 0 0 0 0 0 0 0 0 0 79 0 0 0 0 48 69 10 0 0 35 78 0 0 0 5 0 45 0 0 99 36 81 0 41 0 0 45 53 31
 33 44 66 0 31 0 99 12 42 0 62 54 0 92 88 0 0 38 47 0 0 85 33 2 0 44 85 0 6 0 0 96 86 0 26 0 4 0 0 0 0 72 0 12 0 0 91 70 0 0
 4 0 0 0 0 0 0 0 74 75 0 12 0 99 0 0 83 11 80 0 0 0 42 18 64 67 0 42 0 77 0 0 97 0 0 0 12 0 100 57 0 0 47 0 0 0 62 0 30 0
 59 58 0 91 91 0 69 0 45 0 57 0 20 0 89 0 29 0 0 37 27 0 0 0 92 110 0 0 0 0 0 0 0 65 0 28 32 27 0 56 91 0 67 43 39 0 41 18 54 41
 29 0 70 39 0 0 0 0 0 57 0 0 9 0 22 71 0 0 41 0 77 0 24 73 82 104 0 36 0 0 52 0 0 33 0 13 0 0 0 46 0 0 0 23 18 0 38 12 44 38
 9 15 0 0 0 19 0 17 0 0 0 0 38 0 5 0 0 42 0 0 25 0 0 63 75 0 92 50 60 0 0 0 23 21 0 0 0 8 5 24 0 0 12 36 0 9 0 0 21 0
 77 54 0 0 53 0 105 0 33 32 0 0 21 39 0 74 40 92 0 94 29 80 65 26 58 0 75 11 0 17 13 20 0 0 6 58 0 35 4 0 34 0 37 0 49 0 0 11 58 24
 8 91 92 0 89 0 0 96 68 99 19 0 61 85 0 0 100 0 0 9 78 0 54 79 0 68 0 0 89 0 63 0 0 0 90 0 36 0 0 0 0 10 0 37 0 82 97 63 81 14
 0 36 23 0 37 64 53 0 0 0 0 0 0 58 58 0 96 20 96 33 0 0 40 0 0 0 0 32 21 0 92 0 0 28 62 0 46 0 0 0 0 26 100 0 0 0 0 45 0 39
 0 0 78 83 31 0 0 18 39 60 0 0 0 0 4 0 0 37 18 53 36 51 0 15 14 37 38 35 50 88 0 0 31 33 0 12 0 0 7 24 16 0 0 4 37 52 29 9 80 0
 0 15 0 29 68 0 46 0 0 0 19 30 0 0 0 0 64 0 0 6 0 0 0 1 0 83 0 98 40 0 71 0 0 0 0 20 46 9 5 87 0 0 36 0 20 6 0 46 0 0
 56 1 21 0 12 25 27 49 0 58 0 18 17 63 29 0 58 4 0 98 58 35 35 0 43 34 4 0 27 0 0 0 65 11 3 11 0 0 62 55 0 0 51 0 0 62 26 0 0 10
 39 0 0 0 83 18 0 0 43 59 0 0 0 43 0 0 0 0 0 0 0 21 86 0 61 67 87 0 46 0 100 0 0 0 0 99 0 22 0 58 0 68 0 25 0 68 84 0 0 0
 25 0 97 54 72 0 0 73 76 0 0 27 0 0 85 0 0 0 58 0 0 61 0 26 59 51 0 0 27 66 77 0 0 0 0 0 0 64 0 92 0 1 0 13 17 87 0 79 0 0
 0 0 0 0 53 0 0 30 0 72 66 46 0 0 66 53 118 0 0 52 0 0 0 98 0 25 0 0 19 0 35 62 0 53 61 1 73 94 0 0 0 42 0 43 14 0 43 0 0 70
 0 53 0 0 64 36 0 0 82 50 0 0 0 0 0 0 8 72 0 0 85 0 27 0 0 0 0 0 0 0 94 0 0 76 42 53 57 0 71 98 0 100 98 0 0 83 35 0 43 0
 94 56 89 16 0 38 18 0 0 0 0 0 72 0 28 0 5 16 45 0 0 80 0 0 0 0 0 0 17 0 45 0 0 119 0 76 0 0 0 61 0 0 0 14 0 0 11 0 18 29
 22 0 0 68 43 0 3 46 61 54 0 18 48 0 51 0 0 0 27 8 0 0 58 54 0 27 21 119 0 0 13 0 103 0 57 120 0 49 26 0 0 55 24 0 10 0 72 0 0 0
 47 0 8 59 54 0 0 65 0 55 0 0 0 38 95 0 0 63 81 0 48 0 0 0 58 15 57 71 0 0 63 0 0 36 0 88 0 0 89 71 0 57 51 2 28 0 79 73 0 79
 0 0 0 25 91 0 0 43 0 0 0 0 93 0 0 82 45 0 0 13 69 0 74 0 0 78 0 0 51 98 77 0 71 46 77 0 61 0 0 74 0 0 0 0 80 56 0 30 50 0
 54 0 77 9 52 23 0 0 0 0 0 63 9 0 49 0 0 0 91 17 73 92 0 92 0 2 0 94 0 0 0 0 73 0 0 0 85 0 74 64 86 0 99 0 0 57 0 0 58 0
 60 19 64 88 0 0 0 0 0 95 50 0 82 0 0 0 0 0 0 104 60 0 0 0 0 0 6 0 16 0 0 100 0 0 0 0 18 83 0 41 0 51 0 47 0 70 0 40 77 0
 75 39 84 0 0 0 45 85 30 0 0 10 86 0 2 0 0 27 65 19 42 0 0 12 53 0 0 62 0 90 74 77 30 0 71 106 62 0 0 83 78 45 16 16 56 91 0 10 0 0
 0 0 0 53 0 51 0 52 0 0 0 67 0 0 0 95 88 34 75 10 55 0 0 86 0 85 0 0 0 87 0 0 47 0 0 0 0 81 14 0 0 0 0 70 0 97 75 0 0 39
 72 83 0 0 18 0 61 76 83 0 84 0 0 0 0 0 0 0 0 11 0 89 58 0 83 0 89 56 0 98 0 47 71 0 0 66 45 0 0 0 0 38 51 0 0 32 0 0 0 54
 0 15 35 5 67 19 0 85 53 16 0 13 84 0 80 43 72 0 22 52 17 78 44 0 3 53 0 0 0 0 62 0 16 84 0 28 21 0 0 22 0 39 40 0 0 45 0 0 17 16
 68 36 0 12 0 35 73 15 0 34 0 0 0 50 0 8 0 0 0 0 0 0 0 0 56 25 0 82 12 0 0 0 10 11 23 41 54 118 9 0 29 36 71 0 41 0 9 32 0 0
 27 57 0 63 0 0 69 33 110 77 0 60 87 91 3 62 11 33 0 70 26 16 82 40 71 0 0 40 0 48 11 0 0 92 21 49 0 0 0 0 0 16 0 0 33 0 76 59 55 0
 13 0 0 0 97 0 0 51 26 0 56 56 5 0 64 0 77 49 21 16 52 0 31 0 0 7 0 0 0 0 0 64 0 0 0 0 0 24 0 0 0 0 0 0 0 0 0 0 0 0
 0 63 0 0 38 55 67 0 0 0 88 28 0 0 50 0 37 99 0 0 0 81 0 0 52 91 19 59 28 0 0 0 94 0 0 0 21 0 62 44 46 32 0 0 69 0 7 6 100 36
 37 22 5 81 13 0 31 90 31 73 0 0 0 99 22 0 69 85 0 0 2 0 37 0 6 21 0 75 19 82 0 0 27 47 0 0 0 0 0 38 21 0 16 62 0 0 0 100 95 0
 21 0 56 102 0 95 21 0 0 80 0 32 46 0 0 0 0 85 0 0 0 0 0 42 63 41 0 74 0 0 0 0 51 25 70 0 2 16 0 0 0 3 0 0 0 41 7 0 60 70
 0 0 98 39 66 0 0 0 20 59 86 0 0 62 0 53 97 43 0 0 63 26 80 0 0 0 0 9 0 0 0 97 72 0 47 0 0 0 21 0 0 0 74 0 49 0 0 41 0 0
 0 0 0 0 0 91 89 0 93 0 0 75 78 70 0 61 0 0 0 2 44 0 20 55 87 0 88 0 61 46 0 78 0 70 70 0 28 0 58 0 70 0 0 23 0 0 0 0 0 0
 90 19 0 31 0 5 0 91 58 0 0 64 61 0 0 0 54 103 25 0 86 0 0 84 0 21 41 0 52 81 0 100 61 0 100 47 0 0 0 0 59 103 0 67 83 70 34 38 74 14
 27 32 0 9 3 26 0 0 0 0 49 10 61 0 0 0 0 0 80 0 0 52 0 0 0 0 0 16 54 0 96 52 62 0 0 6 14 87 1 0 0 0 0 0 0 105 0 0 0 13
 6 21 0 12 0 31 10 0 19 9 0 5 21 0 57 92 75 20 25 74 38 52 33 45 0 32 0 6 54 89 0 95 60 0 0 3 73 0 0 112 0 112 71 0 69 30 81 0 0 0
 0 0 0 0 0 0 61 94 69 75 24 0 0 98 53 85 0 0 0 0 69 0 0 56 68 0 0 11 0 0 0 0 83 0 94 0 30 53 0 100 0 0 83 89 0 0 57 48 92 0
 0 18 0 0 0 5 0 0 86 0 0 70 0 31 0 0 31 39 75 0 31 0 0 3 0 18 0 47 0 0 0 83 99 61 0 37 0 12 30 48 0 0 0 33 72 0 0 90 76 66
 92 96 0 73 27 0 30 0 0 0 97 0 61 0 88 74 0 0 0 41 0 79 0 74 39 0 0 0 42 67 98 93 67 83 0 96 86 0 0 68 0 0 0 0 44 0 25 69 0 0
 0 73 0 0 0 82 66 0 0 36 0 38 83 0 0 24 45 0 0 17 63 0 0 0 69 56 0 51 81 85 0 0 94 0 39 62 0 83 0 97 0 95 0 0 0 0 0 40 93 0
 2 0 55 115 57 50 26 30 85 0 7 0 14 0 0 0 0 0 12 0 46 54 10 0 0 0 0 0 0 0 57 28 10 72 69 0 13 71 0 0 0 34 38 9 43 0 33 67 17 44
 0 0 0 0 93 0 0 0 0 33 99 0 80 0 71 0 0 66 0 0 0 0 0 33 60 16 85 0 39 99 0 0 90 0 86 0 54 26 0 14 0 0 42 0 9 0 0 12 0 50
 76 94 0 0 0 0 51 0 0 62 0 0 0 0 0 80 82 0 54 46 26 88 0 0 41 0 0 47 59 61 0 0 89 0 0 63 0 19 0 60 64 0 0 0 0 0 0 0 0 0
 54 0 0 3 0 71 0 0 0 0 0 0 6 0 40 79 44 70 60 0 0 12 91 0 0 0 33 37 28 0 77 0 44 0 0 0 14 95 0 47 87 0 0 86 0 0 14 53 0 79
 0 0 0 0 0 73 37 0 0 86 0 0 0 39 55 0 77 0 0 94 0 42 0 79 90 49 52 0 0 0 34 49 22 0 100 0 100 71 0 0 85 58 0 22 69 0 0 78 0 0
