50
 0 0 3 81 0 35 0 74 0 0 40 0 19 0 0 0 0 81 21 0 70 96 90 30 40 0 97 26 0 10 13 0 79 0 94 43 0 0 55 92 42 0 0 0 85 0 84 0 90 0
 7 0 0 50 13 56 0 29 0 0 0 0 0 0 23 86 84 0 0 1 41 9 0 91 24 4 0 0 88 0 5 0 0 11 0 0 34 0 0 77 11 0 0 0 13 22 25 19 0 0
 0 0 0 99 33 97 72 69 0 0 24 0 0 0 79 77 88 48 54 0 44 0 0 83 1 0 10 62 0 89 80 60 65 0 96 0 85 27 0 0 0 0 75 15 91 53 0 0 0 75
 0 0 0 0 0 0 38 0 26 49 0 0 0 70 0 65 48 0 0 58 29 0 0 16 0 51 24 0 46 24 27 0 0 0 0 0 40 0 0 0 27 93 0 23 35 0 75 0 45 18
 39 0 0 86 0 0 0 82 0 63 0 0 0 0 78 29 0 0 41 91 0 0 0 0 0 0 0 0 0 66 0 0 92 0 0 54 0 52 47 34 84 0 83 0 0 40 90 84 0 0
 0 0 0 18 15 0 52 0 80 0 44 63 73 0 77 0 0 0 0 0 0 91 0 0 28 0 0 2 89 79 59 65 0 0 0 5 100 0 43 0 0 58 0 14 0 0 81 0 0 36
 1 19 0 0 28 0 0 49 0 0 51 0 36 0 0 0 32 87 59 0 0 0 1 56 8 0 35 10 0 0 0 0 0 0 0 4 57 0 0 0 0 0 30 0 54 0 0 65 21 0
 0 0 0 14 0 44 0 0 75 0 0 70 0 0 0 0 0 0 39 0 0 72 0 82 48 0 0 56 35 10 41 0 28 99 0 6 0 0 0 31 45 98 52 5 66 0 9 60 0 10
 56 36 17 0 44 0 60 0 0 0 0 0 83 0 43 0 37 0 0 78 0 55 0 100 14 32 27 0 0 48 0 0 0 0 0 11 23 0 46 99 66 69 0 61 71 0 0 67 100 85
 46 28 19 0 0 20 97 2 25 0 0 84 2 0 8 26 19 40 5 0 0 0 0 74 2 0 21 0 0 0 0 16 43 0 0 19 29 0 50 0 0 67 19 2 2 12 0 0 42 7
 0 38 0 93 55 0 0 35 0 29 0 0 85 77 45 0 0 93 45 99 84 57 82 94 33 0 24 0 0 0 0 0 0 0 0 35 0 0 78 0 50 100 0 0 0 69 0 12 0 83
 3 4 17 44 48 0 6 0 33 0 7 0 67 0 0 0 0 0 0 32 61 0 18 46 0 15 60 0 0 40 86 16 19 33 43 3 19 0 0 72 59 74 61 0 0 0 5 96 69 44
 0 88 16 71 1 0 0 31 0 0 0 0 0 0 55 3 0 0 13 0 41 27 16 0 0 38 0 36 0 43 0 0 38 0 0 0 0 0 0 59 0 69 0 63 91 0 48 0 0 0
 26 89 45 0 6 84 0 16 2 44 0 50 40 0 39 0 0 53 0 42 0 0 0 75 29 0 0 40 0 0 5 16 12 61 0 40 0 20 15 0 0 92 33 7 70 36 44 0 0 0
 67 0 0 61 0 0 42 70 0 0 0 98 0 0 0 54 0 0 63 0 50 40 0 0 49 63 71 59 100 36 0 72 0 65 59 0 0 37 0 0 78 27 0 0 0 68 26 0 33 0
 74 0 0 0 0 42 51 63 23 0 24 78 0 95 0 0 0 0 0 67 41 0 30 45 16 0 67 0 0 21 21 0 1 86 0 60 0 88 20 82 71 91 60 0 65 0 68 0 97 0
 24 0 0 0 9 37 0 100 0 0 89 82 58 32 7 68 0 0 15 40 0 0 49 0 0 47 95 43 0 66 36 75 0 0 0 54 48 0 76 0 0 63 49 28 0 33 0 0 0 0
 0 99 0 15 56 2 0 37 76 0 0 92 45 0 25 89 1 0 39 9 0 0 77 0 0 0 0 32 20 5 25 0 34 0 0 7 15 1 0 81 33 61 84 72 55 0 29 19 40 0
 0 36 0 93 0 12 0 0 1 0 0 48 0 67 0 93 0 0 0 0 0 0 0 29 45 0 35 11 72 77 24 0 0 75 68 0 100 0 32 0 82 51 61 20 0 0 0 0 75 0
 56 0 0 0 0 17 91 71 0 97 0 0 15 0 22 0 0 0 4 0 10 0 100 41 0 19 54 14 0 22 74 0 76 0 63 0 0 0 0 0 80 66 52 0 0 46 63 92 37 66
 0 0 0 0 30 9 80 24 41 49 0 0 0 62 0 0 72 32 84 0 0 100 96 0 0 67 69 52 95 0 32 0 0 51 0 0 0 16 0 0 91 79 85 13 0 0 0 86 0 71
 0 0 25 30 6 0 58 0 0 82 0 63 0 55 0 65 30 73 55 35 0 0 92 23 0 0 40 0 25 0 71 0 8 0 0 18 0 0 0 100 49 92 0 56 85 0 0 0 34 67
 0 33 59 31 78 49 0 87 11 80 0 0 0 24 36 0 0 0 68 0 0 0 0 0 21 0 0 3 65 26 63 74 0 0 77 0 42 0 0 0 0 0 8 64 0 0 95 0 0 91
 0 0 0 0 99 0 0 0 0 0 0 0 45 0 98 0 62 96 0 0 62 0 78 0 2 18 69 52 0 0 0 83 0 48 0 63 91 30 0 84 0 0 3 0 0 0 0 0 84 98
 0 0 0 95 89 0 0 0 0 0 0 98 91 0 0 0 96 49 0 66 86 85 0 0 0 80 66 0 0 0 0 87 0 84 46 0 72 45 0 0 0 0 90 0 0 75 97 0 0 0
 64 0 56 0 76 57 56 60 0 77 9 0 0 60 0 70 0 31 91 0 0 83 57 0 0 0 12 0 0 0 64 0 0 70 66 75 6 80 34 99 0 44 36 0 94 35 0 0 17 79
 0 0 0 0 19 51 0 16 0 0 0 0 66 76 0 0 0 70 0 0 0 0 46 0 0 0 0 50 58 56 82 0 89 0 100 10 0 0 0 0 0 0 30 32 0 12 34 0 0 32
 0 77 0 46 36 0 0 0 64 83 57 0 0 0 0 56 0 0 0 0 0 68 0 0 0 34 0 0 97 0 0 0 0 0 63 51 87 0 0 0 36 29 0 0 0 64 0 44 50 44
 11 0 7 0 1 0 0 0 51 82 34 53 54 28 0 13 35 0 0 30 0 0 0 7 95 5 0 0 0 7 0 80 0 90 98 37 0 43 4 70 0 73 65 0 72 38 46 0 0 0
 0 76 0 0 0 0 36 0 0 25 22 0 0 29 0 0 0 0 0 0 80 70 0 12 33 14 0 82 0 0 0 0 76 99 63 42 73 71 56 73 0 0 0 0 83 0 16 69 51 0
 0 0 0 0 42 0 91 0 69 24 44 0 36 0 6 0 0 0 0 0 0 0 0 53 14 0 0 31 56 37 0 64 0 19 0 56 89 0 2 0 0 96 0 5 78 93 10 0 0 0
 15 92 0 61 76 0 0 72 13 0 10 0 50 0 0 63 0 73 6 59 13 64 0 0 0 37 90 68 0 29 0 0 86 61 48 10 0 0 48 0 36 52 0 0 75 0 29 0 0 0
 0 56 0 79 0 11 71 0 92 0 62 0 0 0 68 0 37 0 14 0 30 0 30 95 69 20 0 44 50 0 18 0 0 67 0 0 51 0 0 61 96 0 71 30 0 38 0 35 0 0
 15 0 64 56 55 0 83 0 32 11 60 0 14 0 0 0 98 11 0 41 0 78 42 0 0 0 22 28 0 0 0 0 0 0 31 53 71 23 3 0 0 0 17 24 55 47 2 4 2 0
 0 93 0 67 62 16 87 36 23 94 34 0 74 74 0 2 20 79 0 0 70 29 0 67 0 0 0 0 0 0 16 0 26 0 0 17 0 1 0 0 14 37 0 17 0 57 0 0 23 50
 0 94 48 98 0 0 0 0 0 0 0 0 82 0 81 0 0 0 49 60 51 0 68 0 16 0 0 0 0 0 0 0 69 0 0 0 0 0 0 85 91 64 0 75 0 55 81 87 99 0
 2 0 0 0 6 0 0 41 0 0 55 0 0 94 53 33 0 0 0 55 20 34 0 0 0 0 45 0 86 0 0 76 0 0 98 0 0 5 0 98 0 64 0 6 0 85 0 41 0 37
 90 94 0 48 0 62 99 76 77 98 68 89 55 0 0 0 76 0 20 98 0 79 87 0 0 0 80 77 0 0 59 10 59 0 0 94 0 0 79 0 71 0 0 0 68 98 0 0 50 0
 0 61 85 72 0 0 89 93 0 0 0 30 91 0 35 0 0 68 0 95 60 42 22 53 27 0 26 22 0 0 0 0 52 0 41 85 100 0 0 0 0 88 0 97 0 0 0 63 0 0
 0 0 3 8 0 32 93 0 0 97 16 0 0 21 91 0 14 0 22 26 12 0 72 0 19 0 45 9 0 0 22 2 0 98 32 0 0 9 64 0 0 0 0 36 44 0 0 0 32 0
 0 0 41 0 0 1 76 0 0 95 0 0 82 93 0 0 65 0 0 0 0 0 17 47 24 20 83 0 81 26 40 0 0 38 0 0 45 0 20 2 0 0 0 61 0 46 13 0 63 67
 18 24 106 0 6 0 92 0 0 0 0 0 0 0 0 0 0 0 0 0 0 0 39 62 23 0 52 0 0 0 0 0 19 8 0 0 0 54 0 13 32 0 71 0 0 76 0 34 0 61
 79 95 0 85 0 22 0 0 102 0 4 0 59 0 36 0 0 0 0 0 0 68 0 0 0 0 0 6 0 10 17 52 0 0 49 62 46 11 21 56 0 0 0 7 22 34 34 0 60 40
 77 69 0 0 26 0 45 0 0 0 19 89 0 0 18 52 0 0 0 51 0 0 0 0 21 50 0 99 100 45 0 72 0 0 0 0 0 9 0 0 0 99 0 0 0 0 0 86 0 0
 0 0 0 0 12 56 0 0 0 0 31 59 0 0 71 0 65 0 19 17 62 0 34 38 37 0 49 38 0 0 0 0 60 0 74 93 31 0 21 0 17 61 0 9 0 0 0 77 69 24
 29 0 0 14 0 28 74 73 20 0 0 98 85 0 0 65 0 100 46 0 21 80 11 47 0 0 0 0 0 50 0 70 0 0 0 0 0 0 50 64 0 0 0 51 50 0 25 79 0 0
 0 0 34 0 0 0 50 0 49 83 30 0 0 0 0 0 38 0 78 0 70 31 0 67 0 9 0 47 0 0 0 0 86 0 50 0 57 27 49 20 0 100 0 14 93 0 0 0 0 71
 23 0 88 20 0 34 0 0 0 61 0 0 35 85 67 46 28 0 36 0 0 1 87 17 65 18 95 0 10 0 71 95 0 0 85 0 0 7 0 59 39 0 5 0 0 0 58 0 94 88
 0 97 9 0 9 6 0 6 0 0 21 0 63 98 0 0 2 0 0 0 18 0 3 0 5 0 84 0 6 0 104 18 71 0 0 0 1 0 68 0 0 25 0 24 0 13 57 0 0 0
 14 52 0 0 53 0 82 0 0 0 0 0 91 77 29 54 20 90 50 0 0 0 0 0 24 0 0 0 86 40 32 62 72 90 0 20 0 45 43 100 0 0 0 77 0 61 0 0 75 0
