50
 0 0 88 55 0 0 0 0 0 100 65 0 0 0 0 0 0 0 48 88 82 0 0 65 0 93 0 88 78 0 34 0 0 0 0 21 15 0 97 0 7 84 49 0 71 72 0 0 0 0
 127 0 0 13 0 0 99 84 81 5 126 58 85 0 7 0 2 0 51 70 0 67 0 0 99 32 17 0 40 0 0 64 0 0 47 0 0 0 0 68 18 0 0 80 0 0 0 0 22 0
 0 5 0 68 8 0 87 84 0 9 0 54 94 0 50 92 0 68 0 15 0 0 99 0 74 0 0 10 25 0 0 0 0 0 0 81 121 0 0 0 0 0 50 90 0 0 0 96 20 23
 0 0 0 0 33 0 42 0 64 0 66 32 0 0 34 73 91 0 39 69 33 39 0 0 0 50 16 0 0 0 68 0 0 76 100 32 67 0 53 24 0 0 94 24 54 32 40 47 78 71
 106 100 0 0 0 88 86 98 64 88 0 0 56 55 0 0 0 0 0 0 91 70 0 0 0 0 32 17 2 17 56 40 0 0 44 0 21 0 46 0 0 0 51 0 0 9 0 0 0 0
 20 17 102 46 0 0 60 0 0 0 0 110 0 0 77 6 49 0 66 3 0 0 0 19 63 0 3 0 31 0 0 24 96 0 0 0 0 0 0 43 86 0 66 0 56 37 74 0 0 37
 103 0 0 0 0 0 0 44 0 0 0 0 0 0 28 0 0 0 0 0 0 0 0 89 0 0 105 0 0 0 0 0 0 68 80 0 9 0 0 0 47 25 95 0 72 4 34 0 0 20
 35 0 0 54 0 27 0 0 63 17 13 57 2 0 0 0 0 77 61 0 87 50 0 0 74 0 72 42 0 0 70 1 0 92 66 0 62 0 54 89 103 106 29 6 55 42 0 9 0 26
 78 0 96 0 0 68 75 0 0 94 0 88 0 57 98 51 46 0 0 67 84 0 85 44 0 5 87 0 103 0 0 35 0 0 81 46 42 0 0 0 6 0 49 48 0 0 65 6 27 24
 0 0 0 26 0 95 65 0 0 0 0 96 0 0 0 38 0 0 49 0 0 50 0 34 89 0 0 72 0 95 0 0 0 0 65 54 83 0 54 0 0 0 90 98 88 27 97 0 0 0
 0 0 91 0 22 98 5 0 96 100 0 0 98 0 0 0 0 69 7 0 0 67 75 65 0 0 38 0 88 0 56 96 0 0 69 0 61 0 0 0 56 0 0 0 32 25 0 49 23 0
 23 0 0 0 66 0 0 0 0 0 44 0 82 0 68 0 0 0 0 1 0 51 73 2 0 89 101 99 57 0 4 0 0 50 0 30 65 78 0 20 16 0 0 0 89 0 0 85 0 0
 11 0 0 34 0 41 26 0 64 72 0 0 0 33 0 60 0 100 0 58 0 0 33 0 0 0 16 20 16 0 78 0 0 31 0 0 10 109 32 24 0 58 0 5 0 13 0 23 0 66
 6 20 33 111 0 63 16 75 0 30 37 17 0 0 0 8 56 48 0 46 0 87 0 0 0 0 130 62 0 0 15 73 80 63 0 3 77 6 1 94 100 50 91 0 46 19 46 98 0 94
 92 0 0 0 91 0 0 60 0 89 24 0 68 54 0 0 0 69 0 0 0 0 27 16 0 0 78 4 0 0 29 68 0 0 96 27 72 0 35 46 26 0 93 27 0 0 0 83 5 18
 84 117 0 0 30 0 131 46 0 0 88 42 0 0 96 0 27 92 93 94 0 0 86 2 0 61 95 75 110 43 20 0 0 33 98 101 0 0 0 61 82 0 0 0 0 0 0 9 0 0
 53 0 74 0 13 0 49 51 0 19 79 87 78 0 74 0 0 100 0 0 0 0 47 97 56 0 98 77 0 0 16 0 0 0 72 0 0 0 89 0 88 0 97 0 56 0 44 0 100 95
 26 32 0 30 64 113 38 0 8 45 0 26 0 0 0 0 0 0 81 32 83 0 65 58 1 88 4 0 48 6 0 0 0 37 0 44 1 0 21 78 16 0 0 0 7 41 75 21 0 0
 0 0 36 0 42 0 65 0 2 0 0 18 79 98 68 0 62 0 0 4 67 0 13 87 0 67 8 0 0 0 0 96 77 86 0 88 0 0 0 0 58 0 49 33 11 106 46 0 0 34
 0 0 0 0 76 0 17 30 0 3 74 0 0 0 100 0 104 0 0 0 73 0 0 65 0 0 0 0 0 0 40 57 30 47 0 0 0 97 0 0 70 0 34 0 0 21 0 66 0 97
 0 34 71 0 0 71 25 0 0 10 18 45 19 64 36 103 16 0 0 0 0 0 0 0 0 40 101 4 46 27 118 67 10 0 0 93 70 0 59 67 0 8 0 75 0 0 54 0 30 11
 88 0 76 0 0 129 5 0 0 0 0 0 28 0 9 29 41 42 27 0 41 0 59 0 10 43 0 68 33 67 0 54 8 115 12 0 0 119 0 48 0 1 53 0 23 50 31 0 76 116
 78 90 0 11 46 89 24 92 0 44 0 0 0 84 0 0 0 0 0 85 81 0 0 0 26 79 78 0 0 82 50 45 0 0 0 12 26 83 0 36 104 0 52 0 22 7 0 0 0 53
 0 13 76 72 37 0 0 91 0 0 0 0 82 36 0 0 0 0 0 0 56 42 97 0 0 0 79 0 14 34 0 0 0 0 0 67 41 0 0 69 38 0 0 0 84 0 0 37 0 23
 18 0 0 14 82 0 38 0 68 0 65 52 65 58 92 31 0 0 61 116 88 0 0 22 0 0 40 0 0 0 0 34 0 97 32 28 0 0 47 64 26 89 45 1 70 0 0 0 0 0
 0 0 58 0 81 77 89 31 0 41 59 0 79 60 30 0 52 0 0 44 0 0 0 25 83 0 0 89 7 0 10 41 0 0 80 0 1 0 0 63 0 81 77 69 0 69 0 53 81 0
 36 0 73 0 0 0 0 0 0 68 0 0 0 0 0 0 0 0 0 91 0 70 0 0 0 10 0 0 70 43 0 0 99 0 0 0 69 0 15 0 0 97 0 0 58 0 36 84 61 0
 0 58 0 93 0 85 21 0 75 0 109 0 0 0 0 0 0 82 69 41 0 0 91 20 89 0 62 0 53 0 0 0 0 93 0 57 0 0 0 0 0 0 0 30 0 5 94 0 121 71
 0 0 0 95 0 0 89 94 0 41 0 0 0 66 43 0 26 0 51 80 0 0 88 0 91 0 0 0 0 39 93 0 41 0 0 0 0 0 0 74 0 0 0 96 0 0 0 0 0 0
 16 53 25 94 0 34 34 97 72 0 65 6 8 6 27 0 36 0 90 45 0 0 0 0 36 9 0 2 0 0 0 0 74 13 0 33 0 0 35 0 0 110 0 0 44 93 9 0 4 98
 0 100 77 0 0 79 60 0 76 59 0 0 0 0 0 0 0 74 83 0 0 51 0 77 60 0 92 81 0 35 0 78 0 0 0 0 0 0 41 98 0 0 30 0 74 0 0 0 77 0
 43 0 10 72 0 0 45 0 0 32 0 40 69 0 0 93 5 75 0 0 0 0 0 24 0 0 30 98 112 79 0 0 0 0 0 0 95 58 23 39 12 91 0 0 59 0 0 37 0 4
 8 71 60 39 41 0 23 65 53 19 61 35 48 0 93 12 34 5 0 0 0 0 35 83 59 111 0 36 0 0 36 49 0 44 0 39 31 18 0 42 22 0 0 1 22 52 91 0 74 95
 71 63 44 0 76 55 0 0 97 32 82 0 0 0 95 0 55 0 0 0 98 0 86 45 0 63 32 0 114 0 44 76 0 0 63 0 15 88 70 0 21 0 25 18 44 0 91 46 55 0
 113 0 44 0 0 86 0 0 0 0 0 104 75 15 0 0 0 99 52 25 46 0 44 40 0 0 90 41 18 74 12 112 108 0 0 0 0 6 80 0 65 35 0 0 0 58 6 19 43 13
 0 94 0 0 53 22 51 62 0 0 13 0 70 0 0 0 96 0 0 9 0 65 0 0 0 3 61 0 24 0 63 77 0 93 26 0 32 0 92 78 67 0 0 0 0 86 0 0 0 54
 0 66 0 0 0 92 0 0 0 0 0 0 0 0 0 0 37 0 90 85 0 86 0 0 67 0 0 88 51 88 98 0 0 0 88 0 0 89 0 0 15 0 0 99 52 0 0 0 94 55
 53 36 36 4 69 87 14 44 47 78 50 0 0 0 100 2 21 65 93 0 84 0 0 5 38 62 79 27 29 70 46 0 0 0 0 53 0 0 18 0 110 64 67 0 0 36 0 0 8 0
 0 61 68 0 0 37 23 0 123 0 27 45 0 0 0 40 0 0 85 8 0 97 7 41 0 22 0 68 74 0 0 0 86 0 0 0 17 0 0 64 0 0 0 81 0 13 0 0 29 65
 89 0 50 0 64 0 115 0 50 21 59 0 0 0 0 0 55 0 75 24 0 0 0 0 0 0 84 97 0 62 0 0 0 9 65 0 77 67 0 0 9 0 90 69 0 0 71 0 0 0
 0 0 99 64 61 0 0 0 0 34 0 0 87 0 0 0 0 0 0 0 76 72 0 0 0 29 63 91 77 51 26 0 0 0 0 0 0 0 75 0 0 93 0 0 0 0 0 0 72 0
 0 31 71 61 11 56 0 0 39 42 68 11 0 0 60 79 85 83 100 13 0 0 31 41 0 0 0 54 54 0 29 0 92 12 0 10 33 0 20 38 0 0 52 0 0 0 43 0 48 33
 0 81 0 0 0 0 0 0 0 0 25 50 12 0 0 17 0 87 0 0 42 0 0 18 0 0 119 50 47 9 0 64 37 0 31 49 81 0 41 0 19 0 0 0 0 22 0 10 39 38
 28 0 0 0 46 27 71 0 0 0 16 89 0 62 0 94 57 47 0 35 0 39 93 22 0 0 17 0 0 64 30 31 0 0 96 93 0 88 0 0 56 76 31 0 0 0 0 0 78 17
 0 97 9 0 43 0 0 0 0 0 0 0 97 0 35 66 0 0 0 5 46 0 0 0 0 65 0 32 102 0 0 0 0 0 45 55 0 55 54 4 88 88 91 111 0 0 0 63 0 33
 0 88 58 0 0 0 0 0 78 0 0 28 0 0 67 73 86 0 0 0 59 0 0 70 98 0 88 0 44 0 25 66 0 61 0 0 90 0 0 0 8 89 0 60 31 0 100 71 75 60
 10 0 103 0 23 0 0 96 0 0 6 54 58 0 74 55 0 0 0 89 0 0 54 81 8 18 0 0 28 0 47 47 0 0 0 17 45 16 14 0 85 0 95 34 27 0 0 66 0 65
 7 16 0 0 17 42 86 0 0 38 0 0 0 0 0 0 110 0 97 0 61 41 12 0 84 0 0 65 6 96 24 0 90 0 0 3 63 65 90 97 100 25 0 26 0 0 0 0 0 0
 93 0 0 0 37 79 0 100 0 43 0 23 87 46 0 80 0 84 39 81 0 0 97 57 0 0 0 0 41 0 0 65 0 0 0 94 0 0 0 58 0 0 0 0 97 0 94 31 0 0
 18 16 0 0 17 0 0 0 0 43 90 86 0 0 0 26 0 77 0 0 0 0 0 0 41 18 69 0 43 0 23 0 0 99 0 0 0 24 0 53 29 0 0 0 0 0 0 85 67 0
