50
 0 94 0 11 0 0 0 51 0 0 0 72 100 97 67 0 66 0 0 59 0 61 0 0 0 0 0 18 0 0 0 0 36 0 0 8 0 0 50 70 0 60 0 84 0 99 16 99 97 0
 0 0 52 70 44 59 12 77 0 0 0 0 22 98 84 0 60 0 0 87 45 0 0 58 0 96 0 0 0 39 57 0 0 45 0 0 76 90 43 0 82 55 10 76 0 97 0 53 32 0
 36 0 0 14 0 42 0 70 0 13 49 0 50 0 0 0 100 0 1 58 0 0 0 0 51 0 70 0 37 0 5 0 0 0 0 3 64 88 0 0 95 19 70 0 0 0 22 21 36 81
 0 0 0 0 18 0 56 0 24 0 11 62 0 0 24 0 37 51 84 0 0 0 0 0 0 2 0 0 0 42 23 0 0 24 0 0 20 4 0 0 22 70 0 38 0 0 0 7 0 94
 42 0 32 0 0 8 0 0 20 55 58 0 0 0 12 0 0 0 20 80 44 0 13 10 92 0 0 0 46 0 0 0 10 0 0 83 81 0 48 89 68 0 79 53 8 0 0 78 0 80
 17 0 0 89 0 0 8 0 0 0 0 24 0 31 8 0 0 80 82 80 1 0 43 0 26 0 86 61 60 0 59 0 12 89 68 49 56 0 69 89 0 0 24 0 0 15 87 20 37 0
 19 0 61 0 85 0 0 84 0 0 0 69 90 0 31 38 0 0 0 81 0 0 88 0 0 0 0 71 0 73 0 0 31 0 0 0 0 0 0 15 0 0 21 0 0 0 46 10 58 0
 0 0 0 97 2 49 0 0 0 83 61 0 42 0 0 61 99 79 23 63 30 19 76 0 0 13 64 47 61 74 86 0 58 78 76 8 0 0 71 0 0 0 0 0 0 40 49 7 13 0
 30 85 65 0 0 93 85 42 0 98 88 13 72 61 13 34 0 99 0 84 0 0 98 50 0 13 90 27 38 52 69 41 0 25 0 0 49 41 27 0 0 68 16 69 68 96 0 72 61 39
 4 57 0 57 0 2 1 0 0 0 14 60 30 61 30 44 61 0 0 0 14 8 80 10 0 24 37 39 23 0 0 48 35 2 0 29 0 0 4 0 16 58 0 0 36 63 33 6 0 0
 18 86 0 0 0 22 17 0 0 0 0 99 0 0 23 89 49 0 81 84 6 64 4 0 2 0 0 31 55 0 62 71 0 0 0 0 0 0 53 0 10 67 66 0 0 89 0 10 52 0
 0 20 8 0 3 0 0 3 0 0 0 0 48 0 0 0 85 16 0 42 14 0 0 0 10 0 53 53 75 0 66 0 0 52 0 18 98 94 0 0 2 3 34 0 57 0 32 65 7 0
 0 0 0 58 52 31 0 0 0 0 87 0 0 0 78 0 0 38 0 0 40 0 53 0 0 0 0 0 0 4 81 96 30 84 17 3 49 56 50 0 0 79 9 0 0 56 31 0 12 0
 0 0 1 49 36 0 20 8 0 0 66 71 13 0 0 18 61 1 7 26 0 0 0 0 0 0 0 56 4 0 0 0 40 52 23 57 0 0 0 0 3 0 56 0 0 34 25 0 18 91
 0 0 92 0 0 0 0 58 0 0 0 97 0 98 0 0 0 0 52 100 3 70 73 51 0 8 0 14 0 53 0 0 0 20 100 0 0 97 2 36 57 98 0 85 93 0 0 62 98 100
 22 28 64 24 1 44 0 0 0 0 0 37 23 0 18 0 62 22 0 39 38 19 0 59 0 0 72 0 0 0 0 0 0 36 37 0 0 18 0 16 47 77 77 70 0 9 0 73 0 0
 0 0 0 0 65 16 16 0 0 0 0 0 91 0 47 0 0 11 0 0 0 52 0 15 18 40 0 17 11 2 0 49 28 48 81 79 0 65 0 0 9 15 12 21 26 99 46 0 0 0
 2 2 25 0 4 0 6 0 0 86 37 0 0 0 76 0 0 0 35 0 0 0 83 0 0 0 0 13 29 39 94 6 0 48 68 0 64 82 0 45 55 0 0 0 0 1 0 0 0 4
 81 82 0 0 0 0 12 0 6 62 0 95 77 0 0 60 39 0 0 0 8 62 77 100 0 0 0 0 0 72 0 0 57 73 87 15 57 99 0 74 0 0 0 0 0 70 0 99 66 62
 0 0 0 32 0 0 0 0 0 90 0 0 27 0 0 0 72 78 17 0 5 0 0 4 0 0 64 0 0 20 0 0 57 0 65 6 0 91 34 0 7 0 47 0 0 0 0 0 0 0
 59 0 68 84 0 0 98 0 20 0 0 0 0 75 0 0 69 51 0 0 0 96 0 0 0 6 96 0 0 83 0 97 0 0 0 0 0 0 0 0 52 0 0 0 0 58 35 100 0 0
 0 8 12 91 2 64 6 0 35 0 0 9 56 33 0 0 0 97 0 83 0 0 12 0 5 0 0 49 0 9 43 0 0 0 36 4 0 0 0 0 65 3 80 0 59 0 0 26 64 42
 7 19 39 36 0 0 0 0 0 0 0 88 0 95 0 80 100 0 0 38 29 0 0 32 12 0 0 0 45 81 0 0 0 0 0 0 29 31 44 0 100 0 0 60 0 0 69 48 0 0
 41 0 38 81 0 54 85 81 0 0 49 92 95 50 0 0 0 78 0 0 28 39 0 0 59 59 62 0 0 0 79 82 50 0 78 18 89 45 0 0 56 87 0 0 87 89 0 0 91 0
 17 73 0 97 0 0 72 46 38 56 0 0 36 80 20 69 0 0 77 56 23 0 0 0 0 19 0 0 0 0 26 83 0 0 0 47 44 0 0 73 0 47 13 28 0 0 55 92 0 98
 16 0 81 0 73 85 61 0 0 0 65 44 70 57 0 44 0 89 66 82 0 48 95 0 0 0 57 18 98 37 0 76 44 0 88 0 98 53 0 0 43 83 71 0 63 0 68 0 65 89
 9 47 0 38 43 0 100 0 0 0 23 0 77 33 17 0 27 23 49 0 0 36 21 0 27 0 0 0 25 43 65 0 47 0 0 12 0 0 83 0 0 62 0 4 0 20 0 6 0 0
 0 26 93 0 67 0 0 0 0 0 0 0 43 0 0 61 0 0 34 65 48 0 78 40 72 0 73 0 0 0 69 93 49 0 0 82 39 0 34 0 99 5 97 0 0 86 0 51 64 0
 75 60 0 85 0 0 66 0 0 0 0 0 18 0 10 75 0 0 33 71 46 16 0 46 86 0 0 15 0 0 65 0 0 18 86 2 59 0 51 0 0 48 0 0 23 0 5 20 0 48
 11 0 65 0 64 43 0 0 0 92 73 82 0 98 0 69 0 0 0 0 0 0 0 0 70 0 0 25 69 0 0 0 0 66 94 0 16 0 55 97 96 0 0 15 0 96 0 0 5 0
 34 0 0 0 63 0 21 0 0 33 0 0 0 9 23 45 68 0 1 63 24 0 50 0 0 34 0 0 0 56 0 0 77 0 0 0 60 87 50 43 0 0 0 0 30 0 45 0 0 35
 15 78 92 68 52 13 38 75 0 0 0 67 0 79 69 7 0 0 68 36 0 30 15 0 0 0 44 0 66 0 68 0 26 51 32 0 0 50 0 0 0 82 12 79 0 53 1 0 0 0
 0 58 78 56 0 0 0 0 93 0 57 97 0 0 82 54 0 30 0 0 4 97 83 0 78 0 0 0 62 65 0 0 0 0 72 0 81 97 0 0 92 0 1 0 0 0 1 93 75 98
 38 0 60 0 78 0 48 0 0 0 19 0 0 0 0 0 0 0 0 43 14 94 13 64 35 31 23 77 0 0 63 0 35 0 0 0 0 53 0 40 0 34 0 0 0 0 70 13 0 51
 39 50 100 23 6 0 50 0 16 96 5 75 0 0 0 0 0 0 0 0 61 0 59 0 61 0 87 12 0 0 79 0 0 45 0 3 0 0 13 0 88 0 0 100 0 0 0 0 29 0
 0 80 0 94 0 0 53 0 48 0 88 0 0 0 71 88 0 0 0 0 18 0 65 0 0 0 0 0 0 61 90 45 96 35 0 0 21 69 72 0 39 0 0 0 59 0 0 56 0 42
 71 0 0 0 0 0 5 21 0 53 64 0 0 79 17 73 0 0 0 16 15 12 0 0 0 0 98 0 0 0 0 34 0 36 29 0 0 89 0 21 0 0 51 0 17 0 0 0 0 62
 54 0 0 0 24 79 20 29 0 26 17 0 0 69 0 0 0 0 0 0 77 99 0 0 87 0 81 63 35 17 0 0 0 0 46 0 0 0 0 0 0 0 5 26 0 0 0 49 47 50
 0 0 31 39 0 0 67 0 0 0 0 72 0 64 0 96 73 57 70 0 5 0 0 24 30 86 0 0 0 0 0 100 67 36 0 0 48 33 0 0 100 0 0 93 65 0 0 62 0 97
 0 73 69 66 0 0 0 36 2 15 37 90 61 76 0 0 47 0 0 82 43 85 16 52 0 9 63 65 41 0 0 88 0 0 63 77 0 86 53 0 71 0 33 86 0 83 0 1 35 0
 0 0 0 0 0 78 11 36 65 0 0 0 40 0 0 0 0 0 36 0 0 0 0 0 9 0 95 0 86 0 50 0 0 74 0 0 93 94 0 0 0 3 0 71 2 61 8 0 44 0
 0 0 0 0 13 37 10 93 0 0 0 0 0 75 0 0 0 56 66 70 3 0 51 0 0 0 0 0 0 45 95 0 1 0 5 10 95 86 9 9 0 0 46 75 14 0 92 0 0 28
 79 0 0 54 0 0 0 56 0 41 0 0 0 0 57 0 0 76 18 0 42 0 58 99 0 0 98 0 23 53 93 0 0 34 43 9 0 0 0 0 63 0 0 0 99 29 22 66 0 57
 0 0 49 0 0 31 32 82 0 97 18 39 30 28 0 0 0 88 75 90 2 17 0 31 0 54 0 60 16 0 100 0 3 3 0 17 73 0 0 0 0 0 37 0 0 19 61 0 20 0
 24 64 6 54 0 91 23 87 0 0 36 0 66 0 0 79 0 94 0 83 17 0 69 0 69 0 62 6 0 59 0 71 3 64 62 0 0 90 0 56 0 0 0 77 0 0 51 25 0 26
 0 0 0 45 32 0 42 0 0 0 0 74 0 0 28 0 0 0 0 30 0 31 44 0 7 47 0 0 42 0 98 0 59 36 32 17 94 91 36 0 0 2 0 0 38 0 5 0 85 0
 0 51 0 53 96 0 0 0 66 0 47 0 0 0 11 34 0 78 64 47 0 98 0 88 0 0 95 99 0 71 0 0 0 0 52 94 90 94 80 78 0 0 0 0 0 0 0 0 0 76
 0 0 0 0 0 0 0 0 0 0 0 0 69 79 0 0 32 58 0 75 0 0 0 19 0 71 0 0 0 17 96 83 0 0 2 0 17 0 0 0 80 15 0 77 0 60 42 0 0 0
 0 0 0 38 93 0 0 0 0 86 0 0 0 0 0 71 92 57 0 66 7 0 59 0 87 0 77 0 55 0 24 67 0 84 0 35 28 0 44 0 0 29 0 0 0 0 25 34 0 0
 60 58 0 0 0 58 22 57 0 89 87 84 5 0 0 79 99 0 0 61 7 0 23 19 0 0 94 4 0 28 0 47 0 0 45 0 0 0 0 47 91 0 0 79 0 30 0 4 12 0
