50
 0 0 79 0 0 67 2 0 100 27 0 0 11 5 0 0 9 86 42 21 0 25 22 3 0 0 7 50 32 37 88 22 0 0 24 29 117 64 81 17 0 0 101 39 72 0 64 0 0 15
 31 0 0 20 87 57 119 23 24 0 116 127 79 28 130 11 83 36 6 0 83 1 0 14 14 25 55 7 0 1 31 0 57 5 0 8 32 0 76 0 43 47 96 0 16 0 24 0 97 8
 0 64 0 90 18 67 0 52 0 0 0 85 79 0 73 78 96 0 0 0 0 18 0 0 0 0 0 0 48 0 0 0 50 21 0 0 0 42 88 0 0 0 0 0 0 0 79 80 0 0
 9 0 0 0 34 0 0 0 66 99 0 31 0 57 0 67 0 31 97 0 0 72 0 0 34 91 0 0 0 72 97 55 0 76 0 6 0 82 22 0 0 0 99 0 0 65 0 0 0 82
 58 0 0 0 0 72 0 70 64 0 65 0 0 50 92 0 80 3 0 0 83 0 0 99 10 0 0 0 96 0 0 96 0 69 19 92 0 78 0 0 0 0 0 88 0 78 0 0 70 0
 0 0 0 37 0 0 0 0 0 95 0 0 0 0 0 99 51 0 62 0 86 0 33 0 80 80 0 62 0 0 27 82 0 0 55 0 100 0 0 0 81 0 0 0 98 8 0 61 0 86
 0 0 82 29 72 55 0 0 93 0 0 77 27 0 65 0 124 99 0 74 117 51 0 23 0 0 0 1 0 11 16 0 5 86 0 125 73 0 0 0 0 0 42 0 0 35 0 0 31 81
 100 0 0 7 0 24 96 0 7 24 57 12 0 36 0 30 0 77 53 27 18 109 0 48 0 24 10 0 61 30 0 91 0 82 0 52 17 115 120 9 73 10 29 19 0 0 73 0 89 6
 0 0 82 0 0 14 0 0 0 43 0 84 0 0 0 0 0 0 51 111 58 109 0 88 18 0 0 0 0 8 0 0 0 0 2 14 0 41 55 0 44 4 12 58 0 0 0 35 0 10
 0 59 26 0 100 0 29 0 0 0 72 55 44 0 92 0 39 0 0 1 0 99 15 107 39 0 0 91 50 28 0 90 25 0 41 0 69 68 24 0 12 0 72 89 61 20 70 0 1 83
 58 0 19 96 0 114 93 0 39 0 0 0 110 22 36 69 55 0 50 19 34 95 78 9 12 0 8 52 4 58 0 8 96 53 0 24 12 82 23 57 0 65 18 67 0 1 82 60 84 18
 67 0 0 0 83 49 0 0 0 0 42 0 0 93 0 0 54 64 19 39 30 0 0 36 0 0 68 0 24 42 87 14 0 79 0 31 0 45 40 62 51 0 120 77 0 0 0 0 64 75
 0 0 0 73 10 43 0 87 76 0 0 76 0 0 0 130 32 23 64 0 35 0 4 24 81 71 0 11 0 35 0 0 11 0 26 129 0 73 67 32 0 0 63 84 96 88 0 0 0 0
 0 0 106 0 0 93 13 0 20 113 0 0 87 0 82 8 34 0 0 84 47 99 0 115 0 27 39 0 0 32 82 64 25 0 100 70 0 48 101 0 6 0 0 102 44 62 0 109 78 81
 98 0 0 39 0 5 0 96 0 0 0 63 11 0 0 21 87 19 83 0 12 128 83 0 112 0 0 0 61 17 40 0 81 41 82 15 16 100 39 0 17 0 0 67 42 34 24 77 0 29
 76 0 0 0 32 0 50 0 39 81 0 94 0 0 0 0 30 31 0 38 0 73 60 0 0 31 3 0 98 38 0 13 0 27 0 128 37 0 99 0 0 0 0 0 0 31 0 40 0 0
 0 0 0 31 0 0 0 74 99 0 0 0 0 0 0 0 0 0 122 0 90 0 14 0 0 0 0 0 0 0 0 0 111 0 109 58 52 7 11 48 5 47 0 8 0 105 0 7 0 0
 0 0 81 0 0 55 0 0 98 36 94 0 0 74 0 0 57 0 81 0 0 75 0 0 8 61 0 0 91 0 87 51 0 0 0 0 0 66 0 99 0 47 0 0 0 0 0 0 0 0
 0 0 17 0 48 0 93 0 0 96 0 0 0 62 0 47 0 0 0 19 0 0 0 0 89 112 44 63 0 0 104 0 61 0 0 32 90 0 47 0 29 0 50 0 0 9 0 34 0 0
 0 92 5 61 20 89 0 0 0 0 0 0 72 0 54 0 55 1 0 0 59 47 65 91 64 0 0 57 0 93 0 8 87 0 0 0 0 0 0 0 0 0 100 55 0 0 55 95 14 0
 53 0 18 52 0 0 0 0 0 67 0 0 0 0 0 48 0 33 101 0 0 0 5 44 0 30 116 28 19 47 0 47 0 0 25 0 33 0 0 0 134 0 38 0 0 12 0 2 0 50
 0 0 0 0 23 38 0 0 0 0 0 75 34 0 0 0 90 0 73 0 102 0 0 0 37 0 98 75 0 21 0 55 77 14 0 61 0 46 0 0 97 32 30 17 0 128 93 41 0 0
 0 61 85 27 22 0 79 29 54 0 0 87 0 98 0 0 0 26 71 0 0 34 0 0 99 75 0 0 53 0 85 0 73 49 0 19 77 71 0 0 0 0 0 0 91 0 91 0 0 36
 0 0 58 27 0 23 0 0 0 0 0 0 0 0 91 52 40 73 126 0 0 37 31 0 0 90 76 44 12 0 45 32 84 0 0 35 52 0 76 77 0 0 22 100 41 70 0 0 47 0
 44 0 87 0 0 0 20 94 0 0 0 72 0 46 0 28 14 0 0 0 86 0 0 57 0 40 25 45 17 95 42 0 0 0 60 33 47 18 25 5 49 0 0 0 81 17 0 10 72 0
 0 0 5 0 14 0 49 0 53 86 81 98 0 0 43 0 0 0 0 61 0 85 0 0 0 0 0 0 0 0 42 0 0 0 24 112 19 37 0 53 0 43 0 105 97 0 79 0 0 0
 0 0 16 19 24 98 90 0 43 95 0 0 28 0 79 0 50 29 0 46 0 0 36 0 0 83 0 0 0 92 23 90 0 91 0 61 34 70 28 0 0 0 0 0 0 77 85 9 16 0
 0 0 56 52 70 0 0 28 44 0 0 66 0 54 76 22 19 33 0 0 0 0 63 0 0 19 41 0 19 76 66 7 72 0 0 0 0 0 0 47 24 0 0 14 0 63 0 0 51 0
 0 44 0 35 0 118 74 0 92 0 0 0 65 83 0 0 97 0 83 0 0 77 0 0 0 84 51 0 0 70 117 0 98 0 0 0 17 0 0 0 0 50 38 0 34 7 70 31 0 0
 0 0 30 0 27 31 0 0 0 0 0 0 0 0 0 0 32 43 109 0 0 0 52 5 0 51 0 0 0 0 4 0 0 44 80 23 74 81 0 28 0 0 70 0 0 30 0 0 52 0
 0 0 17 0 27 0 0 77 58 99 61 0 60 0 0 88 83 0 0 55 97 100 0 0 0 0 0 0 0 0 0 0 0 85 18 0 0 0 15 0 0 83 32 0 0 30 0 46 0 0
 0 58 22 0 0 0 41 0 74 0 0 0 42 0 30 0 99 0 46 0 0 0 25 0 95 81 0 0 84 70 78 0 0 0 0 44 35 47 0 0 85 0 0 0 0 0 0 54 94 0
 76 0 0 22 59 60 0 92 98 0 0 87 0 0 0 13 0 9 0 0 73 0 0 0 75 13 66 0 0 70 30 25 0 0 0 34 34 0 0 116 97 0 0 83 0 0 0 0 79 0
 63 0 0 0 0 64 0 0 61 87 0 0 17 23 0 0 103 18 70 102 78 0 0 26 30 3 0 92 37 0 0 1 46 0 106 127 46 75 11 6 0 96 92 58 0 0 0 31 0 0
 0 67 8 119 0 0 47 46 0 0 100 79 0 0 0 9 0 109 92 89 0 82 13 2 0 0 55 74 19 0 0 3 95 0 0 0 26 0 5 76 112 0 0 9 65 26 0 99 0 0
 0 0 23 0 0 34 0 0 0 71 0 0 0 0 0 0 0 73 0 95 0 0 0 0 0 0 0 31 69 0 65 0 0 0 56 0 0 40 94 49 0 0 0 0 0 0 0 0 0 0
 0 0 1 34 7 0 0 0 27 0 0 76 0 91 0 0 0 10 0 75 0 62 0 0 0 0 0 31 0 0 55 0 0 0 0 43 0 73 0 34 0 0 0 0 0 0 0 0 0 97
 0 31 0 0 0 32 54 0 0 0 0 0 0 0 0 22 0 0 18 79 93 0 0 1 0 0 0 55 50 0 76 0 45 0 1 0 0 0 6 27 48 0 42 27 86 0 91 0 0 0
 0 0 0 0 36 97 96 0 0 0 0 0 0 0 0 0 0 3 0 89 100 87 93 0 0 89 0 0 64 74 0 66 89 0 0 0 87 0 0 49 0 77 41 0 67 111 0 0 0 0
 0 59 87 94 4 24 42 0 48 99 0 0 0 46 95 3 0 0 97 63 24 78 13 0 0 0 36 0 36 0 90 27 0 0 0 0 0 0 0 0 42 99 0 0 0 15 0 49 0 0
 40 0 2 39 62 0 91 0 0 0 82 0 79 0 0 15 0 17 0 32 0 0 78 35 0 30 58 0 21 94 82 0 0 58 0 8 1 0 18 0 0 0 26 107 0 0 36 96 100 12
 46 0 84 80 64 22 27 0 0 75 0 88 34 81 74 53 0 0 79 9 61 0 18 98 62 0 34 37 0 73 0 11 65 0 23 53 106 72 0 0 72 0 92 34 50 27 0 101 0 0
 0 0 20 0 82 6 0 0 0 0 0 0 0 28 77 40 95 29 0 0 0 0 17 0 17 100 57 53 0 0 0 90 32 0 49 17 119 0 0 66 0 0 0 0 0 41 0 31 49 0
 0 21 29 5 0 64 54 0 0 0 0 0 0 0 0 82 0 45 60 0 99 0 40 0 48 0 90 0 96 25 73 66 0 0 0 7 57 0 64 91 0 0 58 0 0 0 0 61 69 18
 0 0 19 37 12 0 118 42 53 0 98 73 0 0 0 66 30 31 117 11 44 99 0 0 0 0 37 30 0 17 93 56 40 10 0 54 12 0 0 64 27 0 80 3 0 0 0 50 95 33
 88 78 75 0 0 0 0 77 77 0 0 10 0 0 0 0 0 65 0 67 0 0 78 0 0 97 0 0 0 0 0 90 28 57 0 80 48 72 0 0 0 0 0 86 53 0 0 0 0 0
 0 0 0 59 23 52 44 0 96 0 0 75 59 112 0 33 100 13 0 0 52 0 0 79 74 0 0 13 0 59 58 64 70 17 26 56 27 0 4 97 0 33 62 36 14 109 0 39 0 13
 61 85 0 6 71 0 43 79 0 54 0 27 22 0 0 0 0 59 0 0 0 0 29 82 0 60 0 88 0 87 0 0 66 0 0 124 8 64 19 0 0 0 0 0 0 27 0 0 0 0
 16 0 85 75 0 4 0 0 42 0 0 0 14 0 65 85 51 20 50 0 31 40 20 0 0 88 0 0 45 0 82 0 0 27 84 29 6 17 41 109 0 18 0 0 0 40 3 98 0 20
 0 0 60 0 112 0 0 0 0 0 0 0 9 0 0 37 41 44 0 8 0 64 0 45 13 36 40 65 65 6 9 85 72 26 73 32 0 66 39 129 0 24 24 0 0 84 0 0 0 0
