50
 0 48 35 0 62 37 99 0 39 36 0 76 88 43 33 0 36 0 91 50 33 3 114 44 67 52 0 104 0 0 75 0 0 50 0 31 51 48 0 0 16 0 0 0 57 0 0 54 49 0
 0 0 0 25 0 0 0 60 0 0 0 109 15 0 17 0 8 0 60 0 0 0 0 61 78 0 0 0 50 105 80 0 0 0 11 39 0 0 61 0 41 0 0 15 0 8 0 0 0 0
 0 19 0 0 0 74 67 72 0 0 86 0 97 0 0 0 0 0 0 0 0 22 0 0 66 0 0 66 86 94 0 0 0 94 0 44 35 0 0 0 82 0 0 30 0 39 74 0 0 0
 87 0 67 0 0 82 0 0 66 0 100 0 79 0 0 0 0 0 0 99 86 41 35 0 86 21 0 0 0 74 0 0 70 92 0 72 49 25 0 0 0 93 48 52 0 19 0 72 23 0
 0 67 44 88 0 92 0 0 98 84 30 93 84 43 0 0 0 0 72 81 0 0 0 51 116 0 0 52 53 71 0 0 12 19 82 0 22 27 91 0 0 30 65 47 0 0 83 89 79 71
 0 72 0 0 0 0 0 74 0 41 0 63 84 0 63 0 0 0 68 83 0 74 34 74 0 0 0 0 68 29 0 0 0 0 42 86 19 0 0 0 0 64 0 0 0 0 0 100 60 41
 0 78 0 10 74 30 0 0 42 95 84 0 0 0 0 0 0 0 54 0 0 40 0 50 39 0 50 92 0 0 94 0 86 6 0 0 0 23 0 0 46 43 75 0 0 1 0 0 0 0
 41 0 0 6 64 0 61 0 0 0 79 0 96 7 0 11 0 0 0 39 0 23 30 33 62 84 0 10 34 87 0 25 0 51 0 30 0 46 0 8 0 63 0 0 0 84 21 0 0 51
 0 73 80 0 0 52 0 93 0 55 104 25 0 0 19 50 31 27 0 30 116 63 0 0 34 39 0 31 11 0 0 21 0 0 14 0 0 0 0 54 34 0 22 41 31 0 92 10 41 69
 0 34 86 41 0 0 0 87 0 0 24 22 94 0 0 0 0 0 38 43 0 31 15 40 0 0 0 0 97 77 28 69 34 0 95 69 0 0 0 0 0 10 0 32 47 76 0 35 0 54
 0 94 0 0 0 3 0 0 0 0 0 98 0 85 65 0 0 0 0 0 0 71 0 0 48 0 63 77 0 0 0 98 0 50 0 83 0 0 0 44 0 0 94 32 0 78 0 0 0 99
 0 0 86 5 0 0 60 32 0 0 0 0 87 0 0 0 0 0 0 0 0 0 0 0 16 0 37 85 0 50 0 98 0 30 59 0 91 3 0 67 0 56 75 23 0 0 0 92 0 0
 0 0 0 0 0 0 37 0 57 0 86 0 0 76 0 17 0 87 0 0 93 0 87 20 3 31 43 52 0 44 16 88 0 21 0 22 72 0 0 87 56 0 79 0 0 0 0 14 10 61
 0 62 43 103 0 74 36 0 78 57 0 29 0 0 70 72 0 0 51 99 72 30 90 57 0 0 0 0 0 0 76 68 10 27 0 15 0 11 0 60 40 0 0 35 0 0 0 0 92 0
 0 0 61 15 94 0 69 92 0 109 0 64 35 0 0 19 0 43 0 52 0 0 70 9 0 0 17 113 0 0 0 13 13 26 58 0 0 0 0 102 48 0 0 92 29 0 71 20 70 0
 94 95 53 20 15 32 37 0 0 80 5 31 0 0 0 0 0 0 0 70 0 25 0 25 41 16 79 0 0 87 0 0 0 17 62 0 88 0 0 0 1 70 53 122 0 0 0 24 30 0
 0 0 16 20 18 45 4 50 0 36 39 87 81 48 59 15 0 0 0 0 86 31 81 0 24 0 0 0 0 0 80 0 10 0 94 40 0 25 0 92 47 91 0 0 10 0 65 54 0 0
 78 96 35 35 6 75 70 96 0 54 85 76 0 55 0 59 103 0 0 0 0 74 0 0 25 0 70 94 0 0 38 0 0 65 0 59 0 0 0 0 7 0 65 0 0 39 97 35 42 0
 0 0 35 30 0 0 0 54 86 0 5 122 18 0 19 30 9 33 0 30 0 0 0 2 95 4 80 0 0 41 0 0 0 0 0 0 68 32 0 0 53 27 0 27 0 0 0 0 0 0
 0 96 111 0 0 0 23 0 0 0 33 34 13 0 0 0 55 6 0 0 0 0 36 0 0 89 60 86 0 0 0 0 58 0 57 0 0 60 0 0 75 0 93 20 7 73 0 0 85 0
 0 2 49 0 78 24 3 62 0 9 2 69 0 0 42 61 0 18 28 67 0 52 94 90 49 82 0 0 0 44 0 22 58 49 0 0 0 23 0 0 37 0 90 82 7 103 0 59 100 26
 0 82 0 0 32 0 0 0 0 0 0 77 91 0 67 0 0 0 35 79 0 0 0 76 0 57 81 88 52 0 0 0 0 0 0 0 81 0 69 0 0 0 89 83 10 66 0 0 0 0
 0 72 21 0 12 0 107 0 96 0 94 53 0 0 0 41 0 88 88 0 0 63 0 34 81 28 0 42 0 89 32 0 6 29 62 0 0 0 69 49 0 0 74 0 33 0 61 0 25 86
 0 0 63 19 0 0 0 0 94 0 31 68 0 0 0 0 36 26 0 83 0 0 0 0 32 0 55 0 74 27 95 0 12 19 72 11 0 20 83 71 16 0 0 63 0 63 0 39 0 0
 0 0 0 0 0 87 0 0 0 72 0 0 0 63 64 0 0 0 0 56 0 42 0 0 0 9 40 62 90 0 0 0 32 0 36 96 0 24 0 64 67 77 0 67 31 46 61 28 0 0
 0 39 10 0 59 47 47 0 0 95 74 10 0 40 35 0 28 14 0 0 0 0 0 12 0 0 0 59 74 0 0 26 0 0 0 4 0 8 20 59 9 86 0 44 14 0 0 57 0 82
 70 2 14 78 40 37 0 66 92 24 0 0 0 85 0 0 30 0 0 0 72 0 20 0 0 56 0 24 0 44 0 8 0 117 90 75 0 14 48 52 0 106 0 0 0 65 20 0 0 0
 0 63 0 25 0 64 0 0 0 24 0 0 0 53 0 6 112 0 87 0 83 0 0 26 0 0 0 0 0 44 0 62 0 3 0 67 85 77 0 78 32 0 20 0 0 0 72 15 32 0
 56 0 0 40 0 0 62 0 0 0 52 53 45 29 41 63 37 42 94 23 82 0 14 0 0 0 54 6 0 12 49 21 66 37 16 100 0 0 0 0 29 41 0 17 42 0 0 37 81 41
 95 0 0 0 0 0 50 0 89 0 40 0 0 60 55 0 37 50 0 7 0 50 0 0 0 77 0 0 0 0 0 0 0 29 0 73 0 0 85 99 0 89 0 13 91 71 0 89 52 79
 0 0 58 23 47 19 0 16 35 0 28 37 0 0 80 9 0 0 79 14 24 49 0 0 94 88 10 53 0 6 0 8 21 51 0 66 3 0 0 23 75 91 15 46 0 0 0 18 0 39
 92 43 70 77 7 21 100 0 0 0 0 0 0 0 0 41 27 105 94 1 0 17 55 89 49 0 0 0 0 42 0 0 0 3 65 34 87 0 0 0 96 55 0 0 4 10 0 0 22 0
 87 55 30 0 0 7 0 39 78 0 83 81 68 0 0 86 0 96 65 0 0 87 0 0 0 51 37 26 0 21 0 47 0 79 96 77 33 0 99 63 0 0 0 94 86 0 62 20 0 0
 0 98 0 0 0 88 0 0 98 23 0 0 0 0 0 0 58 0 52 92 0 37 0 0 72 70 0 0 0 0 0 0 0 0 15 2 0 29 0 79 77 0 63 44 75 10 81 0 0 29
 54 0 82 34 0 0 5 75 0 0 77 0 33 64 0 0 0 32 48 0 68 81 0 0 0 16 0 7 0 3 95 0 0 0 0 46 0 8 0 95 113 82 52 0 15 0 0 0 58 72
 0 0 0 0 52 0 59 0 58 0 0 87 0 0 98 67 0 0 63 72 59 82 23 0 0 0 0 0 0 0 0 0 0 0 0 0 0 0 0 50 0 98 87 0 96 16 99 51 0 67
 0 18 0 0 0 0 46 69 63 7 11 0 0 100 88 0 54 62 0 40 32 0 0 45 22 23 15 0 40 57 0 0 0 30 36 55 0 62 0 0 61 0 35 64 0 0 1 6 1 38
 0 82 99 0 0 78 0 0 16 81 84 0 72 0 98 6 0 9 0 0 0 83 97 0 0 0 0 0 73 87 85 41 68 0 0 94 0 0 0 0 0 74 0 78 0 0 0 60 75 0
 35 0 35 66 0 45 11 62 14 5 39 38 27 80 26 42 15 26 26 52 66 0 0 0 60 0 0 91 13 0 9 21 0 37 57 51 17 52 0 0 0 15 87 9 78 37 76 23 26 13
 40 78 98 108 57 95 10 0 0 47 0 0 0 0 0 17 0 25 74 96 30 43 0 0 0 0 0 0 68 0 0 9 0 0 0 0 72 32 34 0 0 23 70 68 0 24 0 30 0 8
 0 0 0 35 33 28 0 54 0 80 1 1 0 0 0 0 0 0 0 0 0 17 61 0 0 0 88 0 0 99 0 0 27 0 0 4 0 43 26 92 0 64 86 32 53 71 0 0 0 0
 74 97 87 0 0 0 0 0 60 0 19 0 60 30 88 0 0 8 0 62 76 45 105 39 0 0 0 64 0 0 0 0 36 49 0 0 89 0 0 0 0 0 0 82 77 95 76 33 0 96
 98 25 80 0 0 24 0 42 0 34 0 0 0 72 8 0 7 0 97 0 0 0 0 12 49 75 90 0 18 105 0 28 41 0 0 0 0 31 0 0 0 54 0 56 0 25 0 50 0 19
 60 0 0 0 0 16 80 24 0 0 0 0 76 0 0 0 67 31 0 0 0 0 18 0 0 0 0 95 0 0 0 48 0 0 49 0 0 0 0 0 0 0 0 0 30 0 80 14 0 92
 0 24 95 68 84 48 89 63 0 0 90 87 80 61 0 57 0 87 94 0 0 0 0 25 0 0 53 14 0 0 37 0 0 0 0 0 91 74 0 73 0 0 84 0 0 10 0 0 63 89
 85 0 0 0 81 40 0 0 87 0 0 96 79 51 0 67 87 0 0 0 0 0 91 0 0 54 0 40 75 0 12 0 64 0 89 0 72 87 0 0 0 0 0 95 0 0 22 0 0 74
 86 24 0 11 0 56 9 0 0 41 85 50 2 19 0 37 0 0 6 0 22 83 0 30 0 7 0 0 7 88 83 69 0 0 121 0 0 71 0 110 20 0 47 0 58 0 0 67 51 0
 0 33 93 0 0 0 41 94 0 0 94 0 0 92 0 0 0 0 92 0 0 6 34 0 0 0 76 0 0 0 0 82 0 32 86 0 0 0 0 0 84 0 0 0 98 5 0 0 0 0
 0 78 22 0 0 0 18 83 0 58 35 37 0 0 0 0 70 0 66 0 0 82 0 45 4 86 95 0 0 0 95 0 11 46 0 4 0 0 0 38 92 45 46 44 0 28 0 74 0 0
 35 45 91 31 0 0 103 0 0 0 0 76 0 85 32 28 36 55 27 61 0 30 0 92 113 0 99 109 0 0 0 5 77 0 0 0 0 34 0 0 25 0 0 0 0 0 66 49 41 0
