50
 0 0 36 0 37 0 0 0 0 0 98 33 81 70 60 0 77 0 0 0 0 0 100 96 59 55 0 0 0 65 0 45 0 59 0 0 64 70 0 79 0 0 0 0 64 0 0 0 0 44
 53 0 0 27 0 0 68 0 82 0 5 32 9 4 29 0 0 0 59 0 68 0 0 70 15 40 34 14 0 6 0 61 72 58 21 0 10 73 0 14 0 6 88 0 53 55 22 0 24 0
 0 51 0 0 15 0 77 0 5 0 0 46 0 0 0 0 8 0 0 0 0 16 0 0 0 43 0 0 0 0 5 0 0 0 0 62 0 5 61 86 101 0 45 0 0 0 13 0 78 0
 22 0 52 0 88 0 6 71 0 0 5 0 79 0 0 77 46 0 80 0 0 0 100 0 82 95 8 0 31 0 0 0 0 0 0 0 0 0 0 0 34 99 69 43 0 0 0 98 14 0
 0 0 0 0 0 0 53 30 26 49 0 14 98 0 50 0 25 29 0 42 0 0 0 0 0 0 1 3 12 38 0 59 0 62 7 0 0 42 94 81 0 0 48 0 60 88 0 0 30 0
 58 93 64 64 29 0 0 51 103 25 0 42 0 33 30 9 10 72 75 0 0 49 45 50 0 0 0 0 32 0 101 8 69 0 0 104 0 32 68 16 5 0 0 0 37 0 34 68 43 0
 15 0 0 0 0 92 0 60 65 85 23 0 21 77 79 0 48 94 0 78 0 92 0 19 0 0 0 0 107 0 75 30 0 31 29 31 0 51 0 34 0 0 0 0 83 0 108 0 9 85
 20 97 97 0 0 0 0 0 0 0 86 0 0 0 0 0 66 0 0 0 0 15 64 0 79 0 0 0 52 44 0 0 76 0 100 51 81 43 48 0 0 22 20 97 0 93 40 98 0 0
 72 0 0 74 0 0 0 16 0 0 0 0 0 56 0 0 0 0 84 92 87 0 35 0 0 0 91 0 0 0 47 20 0 11 54 53 0 89 0 0 93 10 0 93 0 98 0 0 65 0
 31 25 77 78 0 0 0 7 73 0 0 84 0 0 0 0 0 14 0 0 69 67 0 0 0 11 4 19 11 0 41 27 66 89 56 0 0 0 0 0 0 0 47 56 107 31 0 0 39 0
 0 0 79 0 85 45 0 0 76 75 0 0 0 80 0 99 53 68 0 0 0 83 0 41 92 0 0 96 49 0 23 47 87 0 0 0 86 37 0 75 93 0 0 0 55 0 0 0 0 0
 0 0 0 97 0 0 41 74 17 0 83 0 35 0 0 0 41 0 90 0 37 0 0 0 98 87 64 71 12 77 0 0 0 6 0 0 0 39 0 39 76 0 39 40 0 32 72 0 34 0
 0 0 32 0 0 28 0 28 32 47 21 0 0 17 58 0 56 9 0 29 46 12 71 34 0 7 0 83 29 96 0 0 0 85 0 63 45 0 0 16 0 0 5 0 0 54 53 0 0 0
 0 0 87 40 66 0 0 47 0 21 0 69 0 0 0 91 0 0 75 0 92 73 20 0 0 0 45 0 0 94 0 0 95 0 0 0 80 7 0 70 0 88 85 76 17 70 0 0 72 67
 0 0 1 23 0 0 0 30 4 93 84 34 0 38 0 2 4 43 39 67 53 86 0 15 53 0 2 0 0 14 13 0 0 100 0 0 71 0 79 27 75 0 49 0 17 8 112 46 0 35
 27 41 98 0 18 0 16 44 21 0 0 1 54 0 0 0 0 56 50 0 0 0 92 82 80 0 66 0 0 0 7 50 70 0 0 23 29 62 0 76 4 62 0 0 68 0 0 0 2 15
 0 38 0 0 0 0 0 0 41 93 0 0 0 92 0 70 0 55 45 0 0 0 74 71 81 0 0 47 0 0 0 0 0 0 92 0 0 0 0 0 95 0 44 0 0 0 74 0 0 0
 62 63 56 100 0 0 0 8 87 0 0 39 0 48 0 0 0 0 77 0 49 77 0 0 77 0 0 0 0 41 96 96 0 9 0 0 0 0 0 0 13 0 0 91 29 0 11 0 48 0
 38 0 27 0 6 0 19 43 0 8 60 0 31 0 0 0 0 0 0 39 90 75 0 94 0 0 0 78 56 99 17 37 3 0 39 0 20 46 0 0 58 0 51 0 0 59 0 34 13 0
 20 78 15 66 0 55 0 21 0 81 7 47 0 66 0 0 83 38 0 0 0 26 75 29 0 0 13 0 0 0 5 26 73 44 76 43 97 24 93 0 0 69 0 96 36 41 16 0 25 0
 49 0 12 44 3 55 47 17 0 0 12 0 0 0 0 92 4 0 0 59 0 0 92 0 0 5 14 91 104 0 74 2 82 100 30 0 16 52 0 8 62 17 19 0 93 56 81 0 46 82
 38 42 0 18 54 0 0 0 80 0 0 61 0 0 0 58 47 0 0 0 53 0 75 0 53 1 39 3 62 0 0 69 0 2 0 0 94 4 0 0 24 50 0 0 3 44 35 0 0 0
 0 75 63 0 5 0 103 0 0 7 14 89 0 0 21 0 0 12 93 0 0 0 0 41 80 22 0 35 0 0 93 51 0 14 100 0 62 51 4 0 0 0 51 45 55 53 56 0 0 18
 0 0 17 47 29 0 0 19 84 18 0 106 0 2 0 0 0 22 0 0 70 35 0 0 0 0 50 61 16 0 10 11 0 13 34 6 37 30 75 0 20 0 0 69 28 0 0 0 41 87
 0 0 31 0 23 10 89 0 41 56 0 0 45 95 0 0 0 0 90 64 49 0 0 90 0 0 54 19 44 0 20 3 0 0 5 0 8 11 52 0 0 40 105 94 0 17 29 70 0 100
 0 0 0 0 62 43 28 32 67 0 27 0 0 70 46 82 27 76 52 81 0 0 0 92 49 0 69 0 0 80 0 0 0 24 37 10 0 1 23 26 0 0 0 47 3 78 41 0 83 0
 11 0 59 0 0 55 73 64 0 0 46 0 62 0 0 0 46 2 71 0 0 0 95 0 0 0 0 0 0 55 57 0 99 98 0 0 0 15 0 70 16 85 40 80 0 13 20 74 0 25
 83 0 97 30 0 22 51 74 13 0 0 0 0 58 62 100 0 85 0 43 0 0 0 0 0 48 59 0 0 70 0 0 0 71 0 0 0 65 0 65 0 0 89 81 76 91 57 0 25 48
 65 29 75 0 0 0 0 0 45 0 0 0 0 91 56 69 46 71 0 72 0 0 88 0 0 97 66 37 0 0 0 0 0 94 54 0 0 0 0 19 0 0 90 94 0 94 0 0 104 0
 0 0 55 83 0 47 4 0 36 45 38 0 0 0 0 34 64 0 0 22 13 42 38 64 110 0 0 0 43 0 20 0 77 0 60 0 2 0 3 0 15 63 0 3 0 69 0 95 0 0
 80 90 0 6 56 0 0 76 0 0 0 2 87 5 0 0 16 0 0 0 0 81 0 0 0 45 0 23 32 0 0 76 94 0 0 0 0 0 0 80 0 93 57 0 0 21 0 92 0 0
 0 0 99 63 0 0 0 76 0 0 0 15 60 100 13 0 5 0 0 0 0 0 0 0 0 61 77 28 61 11 0 0 77 51 99 0 84 31 37 97 49 0 74 63 0 0 50 0 0 52
 11 0 12 37 30 0 91 0 11 0 0 52 0 0 71 0 13 43 0 0 0 58 59 12 84 2 0 57 80 0 0 0 0 0 0 0 102 61 60 0 103 0 0 0 0 18 50 16 0 1
 0 0 57 91 0 90 0 57 0 0 20 0 0 100 0 60 95 0 22 0 0 0 0 0 91 0 0 0 0 46 46 0 79 0 0 29 0 72 0 53 67 94 0 42 0 0 0 0 59 0
 101 0 23 30 0 49 0 0 0 0 53 68 76 15 57 75 0 103 0 0 0 23 0 0 0 0 81 51 0 0 73 0 14 47 0 32 106 39 12 86 0 88 9 60 0 15 16 0 0 0
 1 57 0 76 70 0 0 0 0 84 86 75 0 80 84 0 99 99 56 0 74 36 65 0 37 0 66 89 62 77 60 86 60 0 0 0 0 26 92 86 0 0 24 49 0 0 0 0 0 0
 0 0 34 41 37 66 16 0 45 44 0 20 0 0 0 0 7 6 0 0 0 0 0 0 0 14 96 31 46 0 48 0 0 79 0 98 0 77 0 61 0 32 0 0 94 20 0 93 23 81
 0 0 0 71 0 0 0 0 0 18 0 0 44 0 93 0 60 56 0 0 0 0 0 0 0 0 0 0 4 47 97 0 0 0 0 0 0 0 68 0 0 96 0 92 85 0 0 86 15 92
 58 84 0 14 0 0 35 0 12 59 75 66 92 49 0 12 21 74 82 0 68 7 0 0 0 0 32 27 14 0 7 0 0 105 0 0 19 0 0 0 0 6 0 96 22 55 0 56 48 0
 0 0 0 14 0 0 0 19 82 90 0 0 0 0 0 0 11 84 78 97 0 3 88 92 66 0 0 0 0 28 0 0 74 0 0 0 0 107 86 0 0 0 12 62 80 7 0 93 39 88
 74 69 0 0 53 0 34 12 0 87 0 0 56 81 0 0 0 0 0 85 0 0 75 0 93 61 0 87 3 0 56 0 0 0 73 4 93 7 20 80 0 0 0 0 0 112 39 39 0 0
 32 0 46 0 51 36 82 0 0 58 55 21 73 0 80 0 71 0 88 0 0 0 92 77 0 6 0 68 47 0 0 50 40 0 0 68 0 0 0 58 23 0 0 92 88 0 0 0 0 0
 4 0 0 0 0 42 66 0 50 0 54 0 0 0 0 27 0 5 0 54 0 58 0 92 0 8 0 0 0 80 0 0 60 17 0 0 80 40 75 0 22 99 0 80 0 0 0 44 0 0
 66 80 23 0 13 9 60 0 0 0 22 0 23 0 27 85 21 0 12 0 91 61 0 0 0 0 0 0 0 0 60 0 99 0 0 0 8 0 0 0 45 0 0 0 0 0 13 0 57 0
 0 0 56 67 0 0 0 56 43 0 0 80 52 0 0 0 5 0 83 0 0 0 0 0 27 0 82 0 82 98 10 63 38 14 52 51 0 0 0 0 43 0 64 97 0 0 49 0 45 66
 25 0 27 38 0 95 29 0 0 0 0 0 0 0 0 59 34 71 0 0 0 0 0 99 0 0 0 0 0 0 0 91 0 56 0 34 0 83 0 0 0 69 82 46 15 0 0 0 0 70
 9 0 0 77 99 0 0 0 55 84 58 0 0 48 0 100 0 0 67 0 0 0 0 50 0 0 0 0 45 73 92 0 0 67 0 62 78 71 22 29 0 70 59 0 0 99 0 0 56 0
 23 45 78 0 92 0 89 0 55 41 56 17 25 111 0 31 41 32 0 87 16 13 20 70 0 15 0 23 30 0 0 46 0 10 96 65 0 0 0 0 0 11 0 43 16 23 107 0 0 20
 34 0 0 0 0 0 0 5 0 0 71 0 52 0 92 0 95 0 0 0 0 70 90 0 90 0 73 0 0 97 51 77 43 0 67 73 0 0 0 0 36 65 37 0 0 84 0 29 0 0
 0 90 7 34 55 69 0 1 68 3 17 7 7 0 0 0 72 18 90 44 0 24 0 0 0 27 0 0 18 99 89 0 0 84 61 95 0 0 28 0 11 10 17 97 0 0 112 0 90 0
