50
 0 31 0 0 0 0 0 87 0 0 0 50 16 0 17 0 0 0 16 0 48 94 21 0 43 7 0 0 0 0 0 0 0 9 38 0 0 0 29 0 69 0 0 0 0 102 78 0 45 36
 0 0 0 0 0 0 0 62 25 0 0 11 0 2 0 0 0 73 74 0 7 99 46 47 0 44 29 0 62 0 78 66 0 0 65 0 0 0 0 0 43 0 0 0 20 0 77 0 5 0
 82 93 0 63 8 88 100 0 0 42 0 5 0 0 26 0 0 0 0 74 0 0 61 68 71 73 0 0 0 62 0 0 0 0 0 0 90 0 92 59 64 0 79 88 0 59 77 31 4 21
 51 6 0 0 97 0 0 0 0 94 0 0 12 31 0 72 0 0 0 3 0 33 44 29 10 28 0 55 9 33 98 0 0 0 0 0 0 0 0 0 3 0 86 0 0 43 0 8 0 0
 61 48 0 0 0 77 0 0 0 0 23 0 47 87 0 19 88 74 0 0 75 52 0 0 0 0 0 0 0 4 30 0 37 66 0 0 41 80 30 63 0 77 0 0 0 26 0 0 29 63
 99 94 0 56 0 0 50 0 0 97 0 28 0 57 92 73 98 96 30 72 0 86 0 4 44 89 0 0 0 0 0 0 0 0 0 0 42 0 9 0 0 51 0 0 0 0 0 95 0 0
 27 62 0 21 7 0 0 0 0 26 0 6 26 10 0 0 0 0 0 0 0 15 7 0 46 25 0 0 67 0 0 0 2 99 0 2 32 69 0 0 0 0 62 2 96 87 60 0 77 44
 0 0 24 28 58 43 97 0 0 55 69 0 0 0 0 28 0 0 27 45 22 85 72 0 0 14 25 0 86 28 0 0 0 98 44 0 0 91 65 0 0 0 44 0 25 0 99 0 0 0
 82 0 71 100 75 20 72 83 0 0 0 87 19 0 97 0 0 87 71 0 0 0 0 41 61 27 13 0 0 0 57 85 1 0 0 87 0 75 60 0 25 98 87 13 40 26 0 0 0 27
 2 6 0 0 36 0 0 0 9 0 0 50 12 0 0 0 0 45 0 44 0 0 6 0 0 0 96 92 0 10 0 0 0 96 66 31 50 0 0 8 44 0 0 41 98 14 0 0 0 0
 34 40 11 34 0 0 39 0 34 31 0 0 0 0 42 0 0 0 0 0 0 0 51 9 0 0 60 0 18 72 80 0 0 26 38 0 7 0 37 0 4 0 0 0 35 16 7 0 86 10
 0 0 0 91 85 0 0 42 0 0 90 0 91 0 0 64 82 0 0 53 37 58 0 0 73 0 93 0 0 90 0 0 0 44 0 0 0 23 15 25 0 99 0 0 0 28 0 54 0 0
 0 8 15 0 0 32 0 54 0 0 73 0 0 0 100 0 0 0 0 0 0 64 0 4 34 0 0 59 0 0 0 0 0 19 0 53 0 19 99 0 0 99 0 99 26 69 0 0 0 29
 65 0 33 0 0 0 0 53 75 61 96 87 40 0 40 84 0 52 0 97 0 0 56 2 0 53 0 0 0 75 0 0 0 0 0 98 75 0 0 0 35 26 0 0 63 0 0 0 82 99
 0 46 0 56 86 0 86 40 0 63 0 70 0 0 0 0 14 86 40 47 0 0 7 2 0 0 63 54 0 27 87 29 0 57 85 0 0 0 50 0 27 0 74 0 40 0 84 0 0 10
 6 44 55 0 0 0 97 0 53 5 92 0 14 0 71 0 11 0 0 93 0 0 2 0 84 5 0 0 70 0 0 70 56 14 0 89 0 23 0 89 0 0 0 86 68 80 0 3 22 52
 97 25 14 78 0 0 80 67 85 83 71 0 68 11 0 0 0 0 0 77 5 0 17 9 14 0 0 54 36 0 63 25 0 0 65 0 0 0 0 62 0 0 50 0 0 0 0 13 24 0
 9 0 32 34 0 0 52 17 0 0 17 39 47 0 0 48 32 0 0 0 25 19 45 18 0 9 0 50 51 76 12 6 97 0 32 0 0 0 0 36 0 76 0 0 0 0 1 62 0 15
 0 0 36 45 76 0 67 0 0 47 88 61 55 48 0 84 76 66 0 59 40 0 48 26 86 37 0 93 94 0 94 0 0 0 0 0 0 90 0 0 0 0 80 0 99 90 91 66 44 42
 78 39 0 0 62 0 95 0 44 0 77 0 59 0 0 0 0 91 0 0 15 0 35 39 85 0 0 48 0 29 45 0 0 18 0 0 0 98 0 33 59 68 0 0 35 0 0 41 21 0
 0 0 12 72 0 35 26 0 91 31 48 0 2 84 77 86 0 0 0 0 0 51 0 9 0 0 0 23 0 0 87 0 0 68 71 66 5 76 51 0 88 21 90 78 71 0 0 0 33 82
 0 0 17 0 0 0 0 0 80 87 0 0 0 21 69 21 25 0 36 1 0 0 82 26 0 0 0 0 58 32 0 37 89 0 0 13 55 40 0 48 0 0 58 12 38 13 75 21 0 2
 0 0 0 0 73 36 0 0 93 0 0 31 50 0 0 0 0 0 0 0 87 0 0 0 73 0 57 0 0 0 68 92 0 59 0 87 0 0 0 0 91 80 0 0 0 0 0 31 0 0
 81 0 0 0 34 0 88 76 0 81 0 71 0 0 0 73 0 0 0 0 0 0 66 0 0 75 0 63 0 0 24 59 34 13 0 0 0 48 0 0 0 0 0 0 0 0 0 43 0 0
 0 0 0 0 0 0 0 96 0 35 89 0 0 3 62 0 0 43 0 0 70 33 0 5 0 0 0 64 52 92 85 0 99 0 0 0 0 88 31 0 0 0 0 95 52 94 0 62 91 49
 0 0 0 0 12 0 0 0 0 66 17 24 8 0 69 0 21 0 0 42 69 51 27 0 74 0 0 78 0 81 79 0 0 89 0 82 98 100 0 93 86 0 0 0 0 0 0 0 0 0
 71 0 20 45 80 87 76 0 0 0 0 0 73 33 0 59 31 66 26 94 24 93 0 87 59 72 0 0 0 0 11 0 49 12 76 0 93 0 28 85 0 0 98 61 0 0 0 0 23 0
 60 66 32 0 50 33 2 49 27 0 38 15 0 0 0 26 0 0 0 0 0 7 20 0 0 0 19 0 24 0 0 0 0 28 0 0 37 11 11 22 0 0 42 54 0 0 61 16 6 0
 35 0 32 0 53 51 0 0 55 9 0 37 28 0 88 0 0 0 0 74 11 0 42 27 0 41 64 0 0 18 88 0 1 0 0 0 0 65 76 26 0 0 99 84 0 0 64 20 60 0
 86 69 0 0 0 2 27 0 44 0 0 0 15 0 0 50 57 0 71 0 91 0 4 38 0 0 99 67 0 0 0 0 0 0 91 88 96 20 0 0 40 0 0 7 0 93 0 85 0 78
 68 0 61 0 0 81 89 9 0 94 0 25 6 14 0 47 0 0 0 0 0 21 0 0 0 0 0 62 0 63 0 0 42 0 63 66 0 64 0 73 17 0 67 65 0 0 100 0 0 22
 60 0 70 0 62 53 84 45 0 93 90 17 44 12 0 0 0 0 31 19 7 0 0 0 33 14 101 17 83 21 63 0 0 0 0 40 25 0 47 0 0 91 0 49 93 38 68 0 29 0
 77 53 67 52 0 72 0 67 0 36 97 30 15 18 96 0 60 0 41 46 5 0 18 0 0 7 0 83 0 25 0 72 0 0 72 61 98 92 0 0 65 0 0 0 79 0 0 0 0 0
 0 87 78 74 0 11 0 0 93 0 0 0 0 83 0 0 65 64 85 0 0 80 0 0 56 0 0 0 0 79 92 38 52 0 0 0 0 0 0 55 0 0 41 61 77 0 0 0 16 56
 0 0 40 10 25 59 86 0 27 0 0 24 31 35 0 54 0 0 3 88 0 5 73 70 43 6 0 21 94 0 0 34 0 35 0 0 36 0 0 0 84 85 77 76 0 44 13 58 0 0
 39 60 68 31 12 20 0 45 0 0 37 67 0 0 19 0 50 60 14 23 0 0 0 83 42 0 16 49 80 0 0 0 0 44 88 0 0 41 0 0 87 0 0 0 0 0 0 48 40 74
 38 24 0 33 0 0 0 14 62 0 0 65 12 0 67 38 26 83 19 18 0 0 23 46 8 0 0 0 93 0 24 0 0 4 0 27 0 0 20 40 61 53 75 0 62 0 0 16 0 36
 6 7 70 33 0 13 0 0 0 19 99 0 0 81 52 0 48 0 0 0 0 0 7 0 0 0 1 0 0 0 0 94 0 49 26 0 77 0 59 0 32 56 43 12 0 0 21 0 72 0
 0 85 0 94 0 0 47 0 0 50 0 0 0 40 0 91 18 79 15 63 0 0 72 26 0 6 0 0 0 18 99 0 31 27 74 89 0 0 0 0 76 0 0 0 48 0 0 0 48 25
 32 2 0 8 0 18 50 29 25 0 68 0 13 31 100 0 0 0 6 0 14 0 54 103 31 0 0 0 0 55 0 93 25 0 52 13 0 77 36 0 0 0 39 56 0 0 0 5 0 0
 0 0 0 0 86 10 96 59 0 0 0 2 36 0 0 94 66 51 48 0 0 10 0 25 20 0 90 79 69 0 0 95 0 14 0 0 0 0 0 66 0 0 69 4 69 70 34 95 0 0
 1 65 19 13 0 0 28 29 0 65 49 0 0 0 15 57 25 0 0 0 0 16 0 42 69 18 79 23 87 20 6 0 5 39 0 33 0 0 6 11 39 0 41 0 42 45 3 30 0 0
 54 40 0 0 12 67 0 0 0 40 17 32 81 46 0 38 0 42 0 13 0 0 17 8 56 6 0 0 0 25 0 29 100 0 0 21 0 0 18 0 0 0 0 0 0 0 0 27 10 0
 76 100 0 60 98 62 0 85 0 0 55 35 0 14 18 0 38 42 34 97 0 0 55 35 0 43 0 0 0 0 0 0 26 0 0 94 94 0 52 0 0 81 52 0 26 0 88 0 0 0
 43 0 36 93 14 37 0 0 0 0 0 24 0 0 0 0 24 63 0 0 0 0 39 4 0 54 51 0 90 20 80 0 0 0 39 75 0 79 0 40 0 0 28 0 0 26 4 57 0 54
 0 45 0 0 0 90 0 54 0 0 0 0 0 47 72 0 17 52 0 50 62 0 36 34 0 46 1 79 51 0 91 0 17 31 0 33 25 42 22 97 0 0 50 19 0 0 0 0 0 15
 0 0 0 44 15 21 0 0 26 38 0 37 38 80 0 23 20 0 0 1 71 0 92 47 93 25 31 0 0 11 0 0 35 32 0 21 32 0 28 51 0 0 95 0 0 51 0 0 87 1
 68 47 0 0 46 0 82 47 32 70 50 0 50 66 90 0 0 0 0 0 13 0 0 0 0 37 96 0 0 0 91 40 99 56 0 0 0 28 90 0 0 0 0 18 0 86 89 0 21 0
 0 0 0 75 0 99 0 100 71 70 0 0 35 0 61 0 0 100 0 0 0 56 73 78 0 81 0 0 0 78 79 0 65 0 86 0 69 0 0 84 82 47 0 68 21 68 0 0 0 72
 0 98 0 80 0 99 0 90 0 78 0 43 0 0 0 0 10 0 0 72 0 0 23 72 0 47 51 76 84 0 0 51 65 0 96 0 0 58 0 89 22 51 14 39 0 0 0 96 0 0
