50
 0 5 86 19 0 83 0 60 57 0 0 0 38 0 78 0 86 41 0 0 48 94 90 57 100 0 0 0 0 0 21 0 0 74 29 51 42 95 0 0 0 0 128 0 36 0 0 0 0 110
 0 0 39 0 0 0 0 0 35 0 0 0 17 40 78 0 0 0 86 0 0 79 0 0 61 0 0 0 0 0 19 0 0 36 11 38 65 0 71 0 32 0 56 0 27 91 0 0 0 0
 0 0 0 0 1 0 0 71 0 61 0 98 0 0 78 0 20 54 43 21 0 84 100 0 0 0 0 0 100 0 2 0 29 20 24 0 0 76 21 0 0 0 47 0 36 0 0 37 55 0
 0 5 81 0 31 0 83 0 0 74 0 0 0 0 64 84 49 0 0 0 20 77 0 94 0 44 0 0 36 0 0 0 0 0 0 0 43 0 50 0 0 0 0 0 119 62 0 0 0 0
 90 98 0 0 0 0 68 0 99 0 0 0 0 0 0 0 0 27 0 0 0 0 0 81 43 92 89 0 0 39 0 81 61 98 0 0 0 74 0 96 0 0 0 0 87 57 0 82 79 0
 0 116 48 92 89 0 53 85 0 52 38 0 0 83 0 40 66 0 0 20 0 0 15 0 79 0 66 0 0 0 20 0 30 0 0 23 75 0 22 106 10 126 0 82 2 12 0 0 6 0
 71 45 79 0 0 0 0 88 42 52 75 0 0 53 0 92 0 0 0 0 0 90 80 91 0 0 83 0 0 81 0 13 0 99 25 84 11 0 28 0 0 0 8 1 7 0 19 29 0 36
 0 61 0 51 46 0 0 0 0 18 0 100 21 77 68 0 0 0 118 0 24 0 6 38 39 49 109 50 0 0 51 94 0 0 122 0 0 85 67 0 128 0 5 14 106 32 0 19 91 66
 0 0 86 9 0 90 0 53 0 0 0 0 68 0 72 95 60 0 78 47 35 0 0 0 0 0 0 86 0 0 0 43 16 21 0 61 20 0 111 0 0 0 6 0 25 0 0 0 0 57
 14 73 0 0 72 0 0 0 73 0 0 0 19 96 86 62 75 92 37 13 0 0 43 0 73 0 81 0 0 0 0 0 0 48 9 46 111 89 93 0 0 0 0 64 0 0 0 89 0 61
 14 29 95 67 90 0 0 95 36 77 0 67 47 67 0 18 0 3 0 43 0 120 0 85 0 0 23 0 45 35 41 70 0 62 98 0 108 0 0 3 0 14 49 0 115 89 0 0 58 38
 0 1 0 2 33 74 9 0 53 72 0 0 109 0 0 91 7 0 20 47 64 70 79 79 24 41 0 34 42 116 17 2 0 64 77 0 0 11 0 0 42 15 0 42 90 4 0 0 0 97
 0 0 83 76 54 79 76 0 0 0 0 0 0 55 83 0 60 0 0 0 18 0 59 50 79 73 99 68 0 66 0 86 97 0 0 87 0 81 89 0 0 0 68 63 0 0 0 0 0 0
 57 0 3 24 63 0 0 0 35 0 0 75 0 0 0 0 53 48 0 50 45 99 0 0 0 0 0 0 0 122 0 50 30 40 0 0 0 100 0 0 91 55 60 0 65 7 0 39 52 5
 0 0 0 0 87 35 29 0 0 0 60 77 0 81 0 88 18 5 0 112 0 51 8 0 48 0 63 0 0 48 0 3 33 36 0 0 87 28 0 79 0 0 40 15 42 0 53 0 82 0
 71 12 8 0 13 0 0 5 0 0 0 0 48 4 0 0 0 0 19 0 54 0 16 113 0 0 68 80 114 14 3 41 0 0 18 81 0 87 0 34 111 0 0 26 71 47 79 0 83 108
 0 32 0 0 3 0 0 0 0 0 20 0 0 0 0 89 0 77 64 0 75 86 90 0 88 0 0 0 87 0 0 0 0 0 50 0 85 0 80 85 75 98 0 64 0 96 0 0 51 0
 0 53 0 67 0 51 29 90 26 0 0 100 3 0 0 90 0 0 0 12 0 7 46 0 0 0 9 16 0 0 65 0 0 42 0 53 55 3 64 97 22 24 24 0 24 0 90 64 0 24
 6 0 0 1 5 75 5 0 0 0 97 0 11 63 4 0 0 78 0 36 0 65 0 0 0 0 0 0 0 94 0 93 0 31 0 0 5 0 62 0 0 55 0 0 0 0 0 46 0 0
 20 108 0 13 128 0 0 74 0 0 0 0 54 0 0 55 3 0 0 0 0 0 70 98 0 94 0 43 0 86 24 82 0 32 5 84 76 0 75 92 86 0 0 68 4 0 8 103 0 10
 0 59 90 0 59 66 38 0 0 82 98 0 0 0 13 0 0 49 42 94 0 0 0 0 67 0 0 0 0 98 93 0 36 79 0 0 0 0 57 0 0 0 56 50 0 0 0 89 0 0
 0 0 0 0 21 96 0 42 56 69 0 0 5 0 0 89 0 0 0 39 122 0 33 83 57 48 0 0 93 0 0 58 0 0 0 0 0 51 0 0 41 0 22 0 73 0 0 0 0 65
 0 97 0 29 66 0 0 0 60 0 47 0 0 92 0 0 0 0 59 0 33 0 0 73 96 0 51 63 0 14 131 9 81 34 28 46 15 0 64 80 10 73 0 62 16 0 85 10 52 0
 0 49 15 0 0 33 0 0 5 7 0 0 0 66 87 0 17 66 21 0 1 0 0 0 39 0 0 0 0 0 0 93 45 37 18 84 0 0 72 36 33 0 0 14 0 79 84 99 0 0
 0 0 34 17 0 0 124 0 40 0 71 0 0 14 0 91 0 7 92 51 0 0 0 0 0 72 49 10 0 0 0 77 0 0 8 0 50 45 96 18 15 106 31 0 76 0 0 62 0 0
 43 67 116 0 0 38 23 0 75 5 60 0 0 82 85 87 35 94 73 0 44 0 19 96 0 0 0 0 0 72 0 3 0 9 0 0 0 0 0 91 0 16 126 64 0 0 0 0 0 0
 62 13 10 113 0 0 0 0 44 0 0 94 0 74 0 0 20 0 30 89 52 69 0 47 0 98 0 0 0 0 13 54 121 0 0 84 0 0 62 53 85 97 0 0 8 0 95 85 0 0
 21 86 56 63 62 29 96 0 0 18 42 0 0 49 63 0 4 0 44 0 80 93 0 67 0 52 89 0 0 0 85 48 0 0 0 0 31 0 82 54 0 22 97 0 20 0 0 102 0 45
 97 111 0 0 89 34 2 35 62 43 0 0 17 10 24 0 0 71 15 13 4 0 0 16 36 120 58 28 0 84 21 8 0 0 4 9 40 61 60 0 13 48 46 0 57 0 68 20 21 0
 116 83 30 72 0 78 0 56 54 78 0 0 0 0 0 0 37 80 0 0 0 0 0 84 69 0 41 52 0 0 0 96 0 0 0 0 0 0 0 48 3 15 0 0 42 0 0 36 75 43
 0 0 0 78 16 0 61 0 98 89 0 0 33 39 76 0 89 0 58 0 0 40 0 71 98 74 0 0 0 49 0 0 68 0 99 0 0 0 0 51 0 53 0 0 26 95 0 37 0 37
 93 39 21 66 0 85 0 0 0 27 0 0 0 0 0 0 92 67 0 0 108 0 0 0 0 0 0 0 0 0 104 0 0 0 0 51 32 0 104 0 80 0 49 77 0 0 0 11 0 123
 110 20 0 42 0 0 11 97 0 74 57 95 0 0 0 35 28 29 37 25 0 6 0 0 34 95 0 85 59 44 0 17 0 0 7 20 69 0 0 88 83 0 0 0 36 47 0 45 0 0
 0 0 0 34 0 78 0 100 0 0 0 0 114 0 0 6 48 0 0 0 0 68 0 0 64 0 43 31 72 92 20 85 58 0 0 20 7 0 0 0 43 0 31 0 43 0 0 116 0 0
 0 0 0 95 92 75 0 0 34 0 0 0 87 88 86 0 0 80 63 0 83 74 0 0 0 16 88 99 0 53 0 62 0 87 0 0 60 0 0 42 0 0 0 0 0 70 0 0 0 0
 0 0 87 48 118 0 0 97 0 0 66 100 0 89 73 0 81 0 88 0 7 30 0 0 87 99 0 85 0 83 25 0 0 0 83 0 0 0 0 0 0 0 0 0 20 0 52 0 0 47
 0 0 50 0 2 0 0 32 0 0 0 38 10 80 0 100 0 0 0 0 87 41 0 45 0 97 99 0 0 100 7 0 0 0 0 15 0 0 32 0 0 57 71 33 48 0 0 0 95 44
 0 86 0 5 0 98 97 0 135 0 90 0 0 0 0 0 81 0 61 17 118 0 41 79 0 13 49 67 0 69 82 8 87 94 7 118 31 0 0 0 90 34 83 67 21 0 0 66 0 0
 93 0 0 0 3 0 0 0 0 0 32 91 0 92 65 95 0 0 0 0 0 29 0 0 0 52 0 0 0 63 30 0 49 50 61 116 0 98 0 0 85 20 81 0 5 0 83 0 12 0
 52 87 30 74 0 0 20 0 34 106 0 65 23 84 0 0 0 0 32 0 6 10 0 0 0 0 0 0 38 0 0 28 0 20 0 83 60 95 20 0 56 0 0 0 0 34 0 0 42 0
 65 0 58 98 13 0 23 0 21 100 79 0 135 0 19 0 0 0 22 0 29 0 0 0 0 62 0 85 0 0 20 0 0 0 13 12 38 0 0 0 0 128 0 69 0 7 0 0 59 0
 78 7 44 86 14 0 34 85 76 93 0 0 47 0 59 20 0 0 0 102 48 56 0 77 0 0 0 0 0 0 0 85 28 5 51 18 0 0 0 73 0 0 49 9 37 0 0 86 0 0
 0 0 0 114 46 65 0 0 0 85 0 99 0 0 0 36 98 0 16 36 0 0 48 88 0 0 34 0 0 93 69 0 50 0 105 80 0 0 0 0 45 0 0 0 34 0 0 0 0 3
 95 29 86 47 15 0 0 0 40 0 39 0 0 78 0 0 0 63 92 0 0 82 0 0 69 0 87 79 89 45 47 0 82 55 42 76 0 0 85 78 0 0 84 0 0 0 86 99 90 50
 0 0 0 0 0 0 0 0 0 76 0 0 64 0 0 0 4 0 37 0 53 0 0 71 0 16 0 0 0 0 0 16 0 0 32 0 0 0 0 77 96 0 0 42 0 86 91 0 0 0
 47 0 12 0 0 0 10 0 29 76 0 0 8 0 37 0 0 81 2 76 121 13 18 0 54 69 16 47 36 83 0 53 0 10 0 51 19 17 73 0 0 98 58 132 0 0 71 0 0 31
 7 105 12 90 33 27 0 83 30 47 96 85 20 88 0 0 102 0 35 0 2 42 0 0 13 62 0 17 0 68 24 73 38 62 67 0 28 96 0 45 47 38 106 0 0 0 0 88 55 60
 98 67 0 75 0 74 0 0 69 0 58 61 75 0 97 93 8 0 0 0 0 84 0 0 0 37 0 0 0 0 0 0 0 0 21 74 30 0 0 77 75 0 42 0 60 97 0 0 0 99
 57 83 0 46 0 0 14 0 111 66 0 56 105 0 0 0 0 38 41 101 16 22 0 99 20 126 21 126 0 0 30 33 4 39 0 11 0 12 0 0 0 97 120 0 30 13 0 101 0 88
 0 82 67 50 37 85 0 0 0 0 0 0 36 0 27 0 55 0 50 0 15 0 77 24 71 65 97 0 35 0 0 0 87 35 71 0 0 47 69 63 90 70 0 0 51 0 0 0 0 0
