50
 0 51 0 29 0 0 0 5 81 0 0 0 40 0 51 0 85 0 0 42 9 0 20 67 84 0 19 16 1 91 70 62 39 29 54 0 0 0 0 63 56 0 44 0 10 0 0 7 0 48
 0 0 67 0 0 53 0 44 0 0 4 0 0 34 0 45 0 93 0 0 0 0 97 16 0 0 67 90 0 0 0 35 0 0 58 41 32 0 0 92 0 28 0 0 0 0 95 0 53 0
 20 0 0 65 0 0 0 90 0 70 0 0 13 0 93 86 0 0 0 0 29 95 96 70 0 80 0 99 70 19 0 6 0 0 0 0 28 0 31 48 50 0 0 69 0 54 0 0 0 0
 0 50 0 0 0 0 42 48 71 13 0 0 0 50 78 0 0 0 0 0 54 7 95 0 0 66 8 0 0 84 3 14 44 0 0 39 0 23 0 68 0 0 0 0 0 33 74 0 0 53
 0 7 45 84 0 11 9 0 78 95 0 0 11 0 0 12 76 66 0 0 0 0 0 0 0 0 0 48 23 98 0 59 0 23 0 31 0 0 0 84 33 14 29 20 21 5 38 18 0 33
 58 0 11 36 0 0 43 21 0 0 0 82 73 26 0 39 86 0 77 21 0 0 0 54 90 0 46 98 70 80 71 0 0 93 0 35 0 0 0 31 13 32 5 40 12 0 55 0 28 0
 67 30 4 0 0 0 0 73 0 79 19 0 0 51 88 0 0 0 23 0 60 0 0 0 0 7 0 0 0 0 0 61 83 0 38 74 0 0 0 0 0 30 0 0 0 20 0 0 0 34
 0 0 0 0 95 0 0 0 86 0 37 96 70 0 61 0 72 23 0 0 5 0 64 57 0 13 94 87 0 0 0 29 96 0 31 97 30 8 0 65 93 89 0 0 0 63 0 0 0 70
 0 27 64 0 0 35 67 0 0 8 53 0 79 0 80 0 15 0 86 26 0 35 57 0 38 0 27 19 20 16 9 95 36 0 0 35 0 0 60 0 63 0 65 56 0 17 0 0 0 77
 61 99 0 0 0 13 0 56 0 0 0 37 0 83 9 0 0 0 60 32 34 65 0 0 0 59 58 28 51 0 0 44 0 6 0 22 0 0 40 72 0 0 0 76 0 52 0 43 52 0
 76 0 72 64 94 93 0 0 0 14 0 0 85 0 0 20 51 53 0 95 0 18 0 0 0 0 0 0 0 77 0 0 0 37 0 83 74 76 88 0 0 39 0 64 0 0 64 0 96 65
 40 60 15 87 67 0 14 0 41 0 0 0 0 0 81 0 42 36 51 47 34 67 0 63 0 31 0 18 42 0 0 0 0 52 13 0 0 0 2 22 0 0 44 21 20 0 0 36 87 0
 0 33 0 100 0 0 52 0 0 37 0 91 0 69 0 0 14 0 77 0 76 0 54 83 0 0 0 0 0 0 0 3 0 81 0 0 0 73 36 57 40 0 53 0 81 43 38 0 31 0
 96 0 0 0 100 0 0 83 59 0 81 73 0 0 0 41 17 0 67 0 2 0 81 0 0 0 27 0 84 0 0 0 0 96 0 0 0 0 42 86 0 98 73 71 89 90 100 73 0 65
 0 23 0 0 68 18 0 0 0 0 21 0 70 60 0 0 90 0 0 32 0 0 47 0 54 47 0 0 67 56 14 62 54 0 2 0 89 79 49 0 15 7 18 61 0 0 0 0 20 0
 47 0 0 54 0 0 59 97 92 99 0 86 32 0 38 0 22 0 88 42 17 50 0 80 67 75 7 0 48 0 87 0 68 62 0 79 0 0 86 62 0 0 84 0 0 0 0 0 0 0
 0 27 3 64 0 0 5 0 0 27 0 0 0 0 0 0 0 0 78 37 13 28 22 86 4 68 84 27 0 84 10 0 22 0 30 0 60 0 0 45 26 35 29 0 0 0 0 99 27 14
 57 0 10 22 0 24 49 0 97 106 0 0 11 53 64 13 71 0 3 0 0 37 22 6 76 19 6 1 0 65 28 35 89 7 52 54 0 7 0 0 21 0 0 0 93 91 0 46 37 101
 6 39 1 59 57 0 0 25 0 0 38 0 0 0 10 0 0 0 0 56 0 42 0 0 0 4 104 35 91 0 2 0 0 33 0 0 97 0 0 7 0 0 0 1 40 8 32 30 0 32
 0 43 63 98 51 0 45 60 0 0 0 0 19 35 0 0 0 88 0 0 30 46 0 46 43 65 0 0 96 0 0 69 0 0 100 0 0 0 21 48 14 22 36 64 74 0 0 78 0 0
 0 77 0 0 0 75 0 0 39 0 61 0 0 0 92 0 0 12 47 0 0 0 0 0 92 0 0 0 0 0 75 0 83 0 0 0 0 0 0 84 0 74 42 0 0 61 0 0 81 71
 96 8 0 0 92 83 81 0 0 0 0 0 58 75 0 0 0 0 0 0 106 0 0 0 0 81 81 0 0 0 74 0 0 42 60 89 43 85 64 19 76 61 62 37 0 0 0 0 61 65
 0 0 0 0 20 75 35 0 0 14 30 13 0 0 0 58 0 0 75 8 13 26 0 2 90 0 0 0 13 0 15 0 55 44 20 23 0 0 0 0 20 0 20 50 64 0 0 11 0 56
 0 0 0 20 57 0 19 0 75 89 19 0 0 23 71 0 0 0 93 0 8 50 0 0 0 0 0 57 0 86 43 0 0 39 0 56 42 0 15 0 24 26 0 59 0 0 0 0 0 5
 0 8 96 62 6 0 42 53 0 28 83 78 39 22 0 0 0 0 14 0 0 11 0 6 0 44 0 20 24 89 0 0 40 42 0 0 0 0 23 0 47 6 0 0 0 0 59 0 0 0
 63 55 0 0 66 92 0 0 67 0 11 0 25 37 0 0 0 0 0 0 14 0 82 61 0 0 0 0 0 0 83 61 56 0 10 89 71 19 0 38 0 0 0 45 0 0 17 82 0 91
 0 0 52 0 79 0 73 0 0 0 45 92 61 0 0 0 0 0 0 58 23 0 6 93 91 42 0 0 39 0 15 27 12 0 0 0 0 0 47 29 42 88 74 43 92 0 0 0 0 21
 0 0 0 62 0 0 14 0 0 0 24 0 3 48 86 0 0 0 0 44 7 32 96 0 0 59 2 0 63 92 0 0 70 65 0 25 51 12 53 52 59 58 49 30 21 0 0 68 0 0
 0 6 0 67 0 0 21 39 0 0 22 0 69 0 0 0 62 73 0 0 69 7 0 19 0 7 0 0 0 0 0 15 47 0 0 0 0 0 0 25 0 99 4 40 71 5 71 0 0 75
 0 32 0 0 0 0 25 9 0 12 0 70 41 32 0 24 0 0 36 21 70 47 91 0 0 43 14 0 66 0 0 11 0 32 63 0 48 81 0 54 1 0 0 87 8 0 0 61 69 0
 0 66 99 0 74 0 64 77 0 83 1 97 47 33 0 0 0 0 0 74 0 0 0 0 36 0 0 76 99 42 0 0 16 51 88 75 0 28 26 25 0 97 75 21 0 0 0 0 55 0
 0 0 0 0 0 44 0 0 0 0 4 91 0 63 0 42 95 0 68 0 91 5 90 25 99 0 0 93 0 0 78 0 0 0 72 51 0 0 89 28 96 0 0 0 53 43 89 95 51 24
 0 84 71 0 48 51 0 0 0 45 84 100 53 30 0 0 0 0 76 77 0 2 0 32 0 0 0 0 0 73 0 27 0 81 20 0 0 78 13 47 0 0 93 0 0 11 0 0 63 0
 0 41 31 22 0 0 1 30 98 0 0 0 0 0 94 0 46 0 0 1 27 0 0 0 0 64 36 0 35 0 0 28 0 0 0 10 0 0 0 65 21 0 0 0 0 46 44 69 0 47
 0 0 87 91 49 96 0 0 53 79 5 0 67 43 0 7 0 0 76 0 81 0 0 87 100 0 69 77 99 0 0 0 0 0 0 0 0 1 0 0 77 0 0 5 54 70 0 0 27 0
 0 0 12 0 0 0 0 0 0 0 0 42 69 5 28 0 77 0 53 87 73 0 0 0 92 0 21 0 90 86 0 0 6 0 7 0 0 0 0 63 78 0 0 0 0 62 0 40 77 0
 38 0 0 20 5 8 24 0 69 69 0 12 84 11 0 22 0 59 0 45 23 0 24 0 21 0 6 0 5 0 76 0 31 40 14 55 0 3 16 47 0 0 0 28 50 1 46 49 0 74
 83 84 20 0 60 65 71 0 0 73 0 76 0 63 0 32 70 0 87 99 2 0 59 21 50 0 89 0 74 0 0 86 0 31 0 89 0 0 0 0 0 0 98 0 49 20 0 8 0 0
 51 17 0 100 82 88 43 58 0 0 0 0 0 0 0 0 86 36 71 0 54 0 70 0 0 95 0 0 94 54 0 0 0 70 104 89 0 3 0 53 0 0 0 69 89 0 0 0 65 0
 0 0 0 0 0 0 95 0 85 0 76 0 0 0 52 0 0 83 0 0 0 0 33 82 77 0 0 0 0 0 0 0 0 0 73 0 0 75 0 0 0 0 68 53 0 6 0 0 0 0
 0 10 0 9 0 0 90 0 0 80 32 98 0 15 0 41 0 0 90 0 13 0 0 0 0 17 0 0 50 0 17 0 18 0 0 0 67 33 15 3 0 18 13 0 0 3 85 93 94 53
 68 0 13 54 0 0 0 0 70 59 0 79 46 0 0 70 0 80 91 0 0 0 80 0 0 23 0 0 0 60 0 51 2 100 12 60 37 23 45 4 0 0 31 92 0 0 0 63 0 47
 0 79 15 98 0 0 75 42 0 53 59 0 0 0 0 0 0 98 81 0 0 0 0 94 71 30 0 0 0 69 0 67 0 57 2 33 87 0 10 0 0 0 0 2 0 0 23 0 0 69
 44 66 0 26 0 0 47 50 0 0 0 0 50 0 0 23 97 53 0 0 8 0 0 0 100 0 0 0 0 0 0 53 42 97 0 100 0 10 0 0 0 0 0 0 0 0 0 0 94 49
 0 16 7 1 0 0 33 56 66 63 0 0 0 0 83 69 84 0 0 0 1 36 0 45 36 64 0 0 0 0 4 0 41 95 0 40 0 0 0 30 78 60 52 20 0 24 0 45 0 90
 39 11 0 0 0 91 0 0 0 0 57 73 0 0 23 4 52 0 0 56 0 13 62 27 99 27 74 82 0 52 90 0 0 0 0 0 0 0 70 0 0 12 85 36 0 0 40 0 79 44
 75 0 11 0 0 0 73 25 56 50 0 97 0 0 36 26 100 28 0 83 12 40 51 14 0 0 41 55 0 95 43 0 87 0 13 16 0 108 80 53 0 8 0 9 44 0 0 95 0 0
 0 14 37 82 0 97 48 101 90 0 25 0 102 0 66 66 0 0 0 0 34 0 0 11 95 0 12 0 14 0 91 0 0 0 101 0 0 0 64 27 0 0 53 8 0 70 0 0 0 81
 85 0 43 105 50 0 9 38 97 0 0 0 0 36 0 29 0 0 46 51 0 0 58 17 23 2 6 69 57 0 0 0 0 83 0 0 72 14 0 21 0 55 75 0 69 0 25 29 0 0
 0 97 18 0 0 94 0 0 0 33 0 76 63 0 41 10 0 0 0 10 0 0 0 0 100 0 0 89 0 76 30 0 68 0 18 29 0 21 19 51 0 0 0 0 0 0 65 0 58 0
