50
 0 93 0 11 107 92 0 46 3 41 51 65 0 0 0 0 29 74 80 40 0 30 0 76 0 0 10 62 100 0 0 19 95 47 0 0 69 0 34 17 96 21 0 0 26 0 0 63 0 0
 0 0 41 76 41 4 0 0 75 100 0 56 0 0 79 83 32 8 68 18 34 35 0 0 14 37 0 0 0 86 0 0 0 16 0 99 0 0 52 4 0 0 0 0 0 46 17 0 0 75
 27 0 0 0 0 51 54 89 41 0 60 0 0 0 96 0 73 42 0 65 94 0 0 71 100 0 40 0 73 95 84 0 94 17 97 87 0 0 19 19 36 98 0 84 59 0 0 0 0 33
 0 0 93 0 94 33 51 0 26 26 0 39 0 0 0 0 55 92 63 0 0 0 0 72 35 18 0 99 0 0 52 0 0 12 0 0 85 5 97 0 46 0 0 90 0 0 0 43 0 0
 0 0 73 0 0 0 0 0 6 0 24 84 48 19 81 0 47 0 0 0 0 0 73 41 69 7 0 0 100 0 0 0 0 30 0 0 84 0 0 4 0 0 0 0 0 33 0 0 68 0
 0 0 0 0 3 0 0 0 1 32 0 0 90 99 64 53 77 0 0 1 0 6 0 89 0 12 50 0 0 97 0 0 0 0 81 0 70 0 36 20 90 54 0 10 0 0 0 0 73 0
 41 39 0 0 74 122 0 91 59 0 0 7 77 0 0 50 0 74 0 0 0 85 0 44 57 44 0 0 40 0 59 0 76 0 67 57 31 96 119 34 92 0 0 43 0 0 7 82 49 0
 0 34 0 61 5 86 0 0 0 21 28 38 8 0 94 66 29 16 71 2 19 0 0 0 24 75 0 0 4 0 94 53 0 0 51 0 44 0 87 0 42 10 23 0 0 5 0 49 0 0
 0 0 0 0 0 0 0 100 0 0 0 75 84 95 0 0 17 17 0 4 0 95 43 0 0 0 43 0 0 0 0 0 64 37 0 93 0 0 0 0 90 39 16 0 0 57 0 99 0 0
 0 0 19 0 8 0 111 0 27 0 64 6 45 98 23 57 0 52 42 0 0 46 0 111 0 0 72 0 39 94 50 51 0 0 0 0 0 29 55 0 0 118 0 42 0 0 28 0 0 27
 0 86 0 51 0 53 16 0 26 0 0 0 0 79 0 0 84 0 0 37 59 0 0 0 20 0 0 0 0 0 0 0 6 0 0 0 0 0 0 105 70 0 32 62 43 39 94 0 0 0
 0 0 35 0 0 83 0 0 0 0 68 0 55 0 98 81 22 0 90 57 99 39 0 67 46 0 0 0 84 43 95 0 0 15 12 0 0 76 91 0 76 0 45 0 0 0 0 48 0 94
 93 0 51 79 0 0 0 0 0 0 54 0 0 62 0 94 24 86 88 11 0 96 64 0 0 65 58 94 82 0 0 0 74 42 66 96 0 0 0 20 110 0 12 18 0 12 0 43 0 0
 5 40 55 18 0 0 25 11 0 0 0 42 0 0 22 0 26 27 0 27 71 51 0 0 31 32 49 0 0 0 0 9 32 106 0 3 20 0 12 95 106 7 26 0 11 0 19 45 0 0
 54 0 0 46 0 0 26 0 49 0 45 0 21 0 0 85 21 0 71 0 5 0 17 37 0 49 0 0 11 0 0 82 0 27 52 0 29 7 0 0 0 27 75 0 0 0 2 6 70 69
 59 0 29 79 7 0 0 0 69 0 57 0 0 36 0 0 38 70 46 73 0 0 108 35 72 0 0 21 64 0 9 0 0 21 26 55 3 10 0 0 0 0 0 0 60 3 44 34 2 0
 0 0 0 0 0 0 88 0 0 58 0 0 0 0 0 0 0 0 93 0 31 97 0 57 89 0 9 0 0 0 95 28 31 92 0 77 0 31 31 95 36 0 0 21 0 75 14 48 0 0
 0 0 0 0 34 84 0 0 0 0 65 22 0 0 74 0 59 0 71 0 61 113 0 0 80 0 70 0 0 97 0 0 36 0 0 0 0 41 35 32 0 40 0 0 0 0 54 63 0 73
 0 0 5 0 73 21 57 0 29 0 13 0 0 91 0 0 0 0 0 0 73 57 73 0 0 0 0 0 0 0 32 61 9 0 7 0 0 61 0 0 128 87 3 83 0 13 19 3 89 39
 0 0 0 58 68 0 88 0 0 85 0 0 0 0 58 0 83 94 58 0 0 0 54 0 88 76 18 94 0 79 56 52 54 23 64 0 65 0 81 0 0 0 0 0 0 0 0 38 0 0
 26 0 0 75 8 45 60 0 21 74 0 0 56 0 0 39 0 0 0 3 0 0 9 72 0 0 0 0 0 0 35 1 48 48 0 0 0 0 107 3 10 4 129 0 0 89 0 0 21 54
 0 0 45 55 99 0 0 43 0 0 76 0 0 0 49 68 0 0 0 35 12 0 0 85 0 0 11 0 0 0 0 77 103 0 0 86 0 15 97 0 78 0 13 59 100 0 0 30 0 0
 74 77 117 5 0 22 60 48 0 62 109 70 0 70 0 0 78 3 0 0 0 24 0 0 0 0 16 72 58 7 29 0 0 69 80 0 63 0 0 0 0 0 39 29 65 25 0 75 0 0
 0 46 0 0 0 0 0 88 101 0 44 0 71 79 0 0 0 96 33 10 0 0 77 0 0 2 0 4 126 0 49 0 74 11 0 23 0 0 72 19 48 8 0 59 99 45 0 0 2 0
 30 0 0 0 0 44 0 0 56 25 0 0 54 0 58 0 0 0 20 0 51 67 56 93 0 10 107 69 0 64 0 25 0 28 54 79 0 9 9 0 0 83 48 0 0 0 0 0 12 80
 55 0 64 0 0 0 0 0 33 45 59 52 0 0 0 45 48 87 72 0 70 33 67 0 0 0 0 0 0 79 0 100 0 0 0 0 94 91 0 0 89 14 48 0 85 53 0 0 99 0
 0 76 0 94 95 0 86 7 0 0 37 78 0 0 74 78 0 0 48 0 32 0 0 23 0 47 0 0 0 0 81 96 85 0 0 0 0 0 0 31 0 0 20 7 0 0 0 0 86 0
 0 14 90 0 12 125 67 98 32 38 64 71 0 94 44 0 37 47 55 0 8 99 0 0 0 32 100 0 85 0 76 7 14 0 0 0 0 52 0 12 17 59 64 0 73 99 46 0 0 52
 0 73 0 16 0 31 0 0 1 0 30 0 0 42 0 0 16 4 80 33 77 51 0 0 85 47 49 0 0 0 3 29 7 86 29 0 43 0 25 101 4 0 24 20 0 36 0 62 9 34
 53 0 0 20 39 0 70 115 24 0 0 0 120 46 11 63 30 0 87 0 77 20 0 23 0 0 34 32 42 0 42 0 104 0 106 11 86 0 0 12 45 0 7 1 42 25 122 26 0 48
 57 48 0 0 50 116 0 0 22 0 51 0 32 55 43 0 0 1 0 0 0 13 0 0 52 79 0 0 0 0 0 4 0 25 0 77 68 98 0 0 62 16 0 54 0 0 95 41 60 0
 0 83 93 44 76 1 7 0 14 0 41 63 35 0 0 27 0 36 0 0 0 0 71 98 0 0 0 0 0 86 0 0 0 0 34 84 69 0 58 0 0 31 67 48 0 126 0 0 73 0
 0 94 0 14 94 82 0 57 0 81 0 85 0 0 91 12 0 0 0 0 0 0 56 0 79 43 0 0 0 0 97 75 0 15 84 0 89 17 0 0 0 26 32 43 0 74 41 31 0 73
 0 0 0 0 0 90 96 98 0 43 76 0 0 0 0 0 0 96 79 0 0 70 0 0 0 47 64 11 0 33 0 38 0 0 68 0 0 0 70 52 0 0 0 0 0 0 0 0 40 83
 12 87 0 40 3 0 0 0 5 86 43 0 0 94 0 0 24 32 0 0 36 92 0 9 0 21 92 93 0 0 63 0 0 0 0 0 38 31 0 16 78 0 61 82 37 64 0 12 0 0
 41 0 0 63 72 49 0 86 0 48 110 64 0 0 0 0 0 74 61 42 48 0 88 0 0 5 27 54 33 0 0 0 25 82 12 0 0 2 22 11 45 0 0 89 0 79 37 76 26 0
 0 65 121 0 0 0 0 0 33 69 70 50 94 0 0 0 32 82 32 0 68 64 0 96 99 0 38 63 0 0 0 0 0 58 0 95 0 0 0 33 98 0 0 63 0 0 11 35 0 67
 55 98 87 0 36 61 0 100 66 0 47 0 85 22 0 0 0 0 0 3 44 0 68 99 0 0 49 0 89 82 0 49 0 50 0 0 64 0 80 98 0 0 43 0 0 0 86 35 0 0
 0 0 0 0 60 0 0 0 44 0 54 0 20 0 96 94 0 0 0 0 0 0 40 0 0 26 31 54 0 37 71 0 104 0 44 0 39 0 0 0 32 0 11 11 0 59 0 14 0 0
 0 0 0 69 0 0 0 76 127 46 0 92 0 0 91 97 0 0 80 37 0 56 96 0 59 32 0 0 0 0 36 57 68 0 0 0 0 0 81 0 0 85 0 55 0 0 44 1 0 0
 0 71 0 0 91 0 0 0 0 38 0 0 0 0 82 82 0 88 0 9 0 0 0 0 63 0 0 0 0 0 0 89 74 79 0 0 0 52 0 54 0 33 25 0 88 83 74 2 0 22
 0 58 0 47 18 0 62 0 0 0 7 67 97 0 0 95 20 0 0 11 0 83 77 0 0 0 79 0 77 61 0 0 0 29 0 97 97 10 64 0 0 0 51 18 67 0 95 59 0 0
 67 48 42 81 85 52 89 0 0 64 0 0 0 0 0 53 89 82 0 63 0 0 0 61 0 0 0 0 0 0 71 0 0 51 0 67 76 0 0 29 0 0 0 0 0 0 0 39 0 0
 48 15 0 0 64 0 0 57 42 0 0 51 0 100 55 57 0 79 0 68 67 0 0 0 68 94 0 91 0 0 0 0 0 37 0 0 0 85 0 0 53 0 85 0 0 41 0 80 0 0
 0 81 0 71 34 66 66 86 9 71 0 10 63 0 94 0 18 4 80 10 4 0 0 0 50 0 24 0 119 0 2 28 73 11 0 64 46 35 85 32 0 0 103 39 0 29 62 0 0 0
 42 0 97 87 0 66 45 0 0 80 0 85 0 60 35 0 0 85 0 87 0 87 0 0 90 0 31 0 0 0 83 0 0 22 0 0 10 77 0 44 0 33 93 0 0 0 0 25 0 53
 105 0 36 27 1 36 0 100 24 0 0 69 26 0 0 0 0 0 0 30 24 57 0 92 51 73 46 0 75 0 0 36 0 27 46 0 0 0 91 0 0 0 64 23 0 62 0 0 5 0
 0 81 80 0 36 19 0 0 0 0 95 0 0 0 0 0 0 0 0 0 93 0 0 19 91 37 78 73 0 0 0 97 0 47 0 0 0 0 0 0 0 0 0 0 26 0 0 0 0 0
 23 31 96 42 0 0 0 57 77 54 94 37 102 88 0 0 34 80 0 86 0 21 90 0 0 0 0 96 0 86 0 0 68 0 69 0 51 4 100 35 60 41 35 88 78 75 0 8 0 0
 65 0 0 10 15 54 12 49 27 0 96 0 21 83 0 30 11 0 0 65 0 12 21 34 0 36 59 0 0 0 9 124 0 0 100 30 0 75 35 31 0 53 102 48 32 0 29 65 95 0
