50
 0 0 72 0 29 0 0 0 7 59 0 11 0 0 65 0 40 63 0 0 0 25 0 0 0 77 0 4 0 19 0 79 99 47 27 71 0 36 0 55 0 0 50 0 0 0 0 0 0 38
 89 0 0 0 36 102 0 94 6 0 1 0 64 0 16 0 54 45 7 0 0 72 70 60 0 109 0 0 0 3 0 62 1 77 37 0 0 0 11 0 0 8 0 0 0 0 64 3 0 0
 0 65 0 86 91 0 0 0 0 0 0 66 0 0 0 50 66 54 77 0 0 0 0 5 62 0 0 56 0 0 68 0 0 0 0 0 87 98 93 0 99 5 0 23 0 0 77 69 0 0
 45 71 0 0 56 0 0 0 0 58 54 6 12 23 0 0 43 0 43 0 20 55 0 0 25 0 4 0 7 0 0 49 45 35 0 0 0 41 93 0 59 22 0 65 25 0 0 0 0 38
 0 0 0 0 0 110 34 0 0 51 0 85 0 0 0 23 37 0 0 75 0 21 0 0 0 0 16 0 0 53 0 49 77 0 38 6 85 0 0 0 20 41 84 0 40 0 0 64 0 97
 55 0 71 57 0 0 25 0 0 0 0 101 0 34 0 4 18 83 78 96 90 0 0 43 95 72 0 50 0 0 0 95 0 92 0 91 0 0 94 98 36 0 72 3 0 0 0 77 0 0
 74 97 45 61 0 0 0 42 0 21 0 0 0 0 8 96 24 88 20 0 29 0 5 104 0 0 9 0 58 0 18 0 33 101 0 54 0 53 0 15 0 13 0 18 75 31 97 0 0 0
 45 0 40 74 70 57 0 0 92 0 0 100 0 73 39 0 0 12 0 76 0 4 82 28 0 73 14 78 69 0 21 0 0 93 0 70 100 0 0 5 0 0 91 40 0 83 87 0 52 81
 0 0 14 97 38 59 92 0 0 0 0 0 7 88 0 18 0 0 0 79 0 0 32 44 85 0 26 0 0 61 0 0 0 0 78 95 0 27 38 52 0 0 68 73 0 0 0 94 51 0
 0 90 19 0 0 27 0 57 56 0 86 37 14 76 22 44 0 0 0 14 34 0 18 52 44 19 0 5 0 0 9 23 67 6 0 0 0 0 15 13 0 33 23 78 0 0 0 0 90 0
 7 0 3 0 92 6 16 0 48 0 0 0 0 6 76 48 39 73 48 0 0 0 0 0 64 38 0 26 0 0 31 0 82 0 0 0 14 0 0 79 0 0 9 51 0 21 0 89 0 0
 0 90 0 0 0 0 38 0 0 0 77 0 0 0 0 0 48 0 0 76 85 0 0 12 0 84 78 70 49 0 0 0 0 0 0 29 95 0 0 0 0 0 0 0 0 45 0 0 71 0
 42 0 100 0 78 69 39 7 0 0 38 38 0 42 0 0 0 0 0 0 0 0 68 48 86 64 8 0 0 0 8 70 0 21 0 40 0 34 0 0 21 61 0 0 0 26 87 98 0 0
 66 78 43 0 76 0 56 0 0 0 0 30 0 0 0 0 0 78 0 0 82 14 0 48 0 0 0 0 0 0 0 82 0 5 0 92 0 0 75 64 37 0 0 63 0 35 50 0 0 96
 0 0 64 53 92 77 0 0 6 0 0 109 45 18 0 0 0 0 11 100 0 0 0 21 0 0 12 0 98 0 2 78 0 36 0 61 0 0 45 93 22 11 87 0 83 0 0 66 0 91
 70 84 0 0 0 0 0 38 0 0 0 45 39 54 55 0 0 0 0 0 71 1 0 38 0 0 10 0 95 84 67 81 0 41 92 0 0 79 95 0 43 0 74 0 0 0 13 99 0 0
 0 0 0 0 0 0 0 9 72 93 0 0 78 79 82 100 0 74 0 64 0 93 0 0 89 0 0 51 72 8 0 0 0 3 52 0 100 26 0 98 20 0 0 29 0 0 91 0 0 53
 0 0 0 65 16 0 0 0 66 68 0 24 38 0 37 39 0 0 0 0 0 96 0 78 12 0 0 12 62 0 95 80 62 37 0 0 76 47 0 57 18 0 28 0 28 0 0 90 59 0
 85 0 0 0 69 0 0 15 45 79 0 1 51 41 0 59 17 72 0 0 44 58 0 0 66 71 0 6 0 73 36 0 67 0 0 80 0 0 52 87 0 0 0 71 77 0 0 13 0 0
 79 54 14 69 0 0 39 0 0 0 16 0 16 74 0 18 0 79 53 0 17 17 8 0 0 6 18 80 0 0 12 99 0 0 1 76 0 0 0 97 0 0 11 4 0 0 57 95 0 23
 54 75 3 0 76 0 0 19 93 0 77 0 2 0 95 0 45 61 0 0 0 0 0 0 0 0 0 28 0 0 40 76 0 0 0 0 59 100 82 0 0 0 87 0 41 0 0 0 0 0
 0 0 84 0 0 23 94 0 83 45 72 42 95 0 76 0 0 0 0 0 62 0 0 38 95 59 0 0 79 35 74 79 0 67 0 0 0 55 0 43 0 86 0 0 0 0 0 0 22 0
 76 0 52 35 91 25 0 0 0 0 63 12 0 30 30 27 6 96 38 0 98 60 0 32 86 0 110 12 68 95 0 0 0 0 55 0 14 0 0 0 0 0 0 0 0 36 45 0 37 97
 42 0 0 52 46 0 0 0 0 0 51 0 0 0 0 0 99 0 59 98 78 0 0 0 36 50 21 0 39 100 106 0 0 0 32 16 0 44 0 25 61 0 67 46 84 81 37 0 19 0
 46 97 0 0 0 0 9 47 0 0 0 2 0 46 68 18 0 0 0 86 42 0 0 0 0 0 12 92 0 0 31 76 78 0 31 28 44 63 0 0 0 26 41 116 0 0 0 0 94 55
 0 0 12 96 32 0 44 0 72 0 0 0 0 39 18 61 74 94 0 0 40 0 48 0 89 0 8 0 0 0 41 54 0 0 44 0 31 50 0 83 12 36 0 0 0 0 0 0 0 0
 58 81 11 0 0 67 0 0 0 100 94 0 0 8 0 0 26 52 84 0 75 70 0 0 0 0 0 0 58 93 3 98 0 0 66 0 0 0 42 0 44 93 0 60 90 50 83 31 0 0
 0 78 0 60 39 0 17 0 97 0 0 0 21 71 24 46 0 0 0 0 0 98 0 20 0 91 77 0 0 0 46 0 0 27 0 0 30 0 0 0 0 86 0 77 0 50 0 0 84 66
 101 22 35 0 46 3 0 0 56 82 4 0 27 28 0 0 0 0 39 96 62 0 0 0 50 44 0 71 0 51 13 0 90 82 33 0 29 0 24 50 0 39 26 17 83 18 92 0 84 1
 0 0 62 81 0 39 6 27 0 77 83 26 2 44 53 0 0 95 0 96 39 0 0 0 35 84 0 53 0 0 60 71 0 11 0 0 27 78 17 71 10 2 9 5 0 0 0 0 0 91
 53 73 0 62 50 84 0 0 37 0 0 38 0 96 0 0 22 0 0 0 0 0 58 0 0 0 0 0 0 0 0 85 87 0 0 72 75 39 0 76 0 16 0 0 72 91 0 69 71 0
 0 0 97 0 0 0 23 8 67 0 37 11 0 0 0 0 11 0 54 0 0 0 41 67 0 0 0 2 86 0 0 0 34 19 0 38 35 25 77 0 81 56 79 0 0 0 0 0 55 0
 0 0 54 0 0 51 0 34 0 0 0 79 69 50 11 13 94 0 0 92 53 82 14 42 0 14 11 53 0 28 0 0 0 26 0 16 53 0 0 42 0 0 0 30 0 0 64 34 67 0
 0 0 72 0 64 0 0 0 73 0 56 89 0 0 0 0 0 0 100 54 42 0 68 86 79 59 76 0 0 0 30 0 0 0 32 0 0 0 0 0 57 17 31 0 0 0 0 0 0 0
 0 0 1 80 0 34 62 7 0 77 30 51 52 65 67 0 0 46 18 0 76 15 0 0 0 0 0 29 0 39 39 80 68 0 0 0 26 0 0 63 0 0 0 17 43 15 65 0 92 18
 0 74 36 77 0 0 0 0 0 63 41 0 0 0 0 53 5 82 0 0 81 62 53 0 0 0 17 60 2 88 0 0 0 52 30 0 11 0 0 78 78 64 45 60 3 9 59 13 0 1
 26 87 0 71 0 69 85 0 2 86 0 0 0 2 74 83 0 0 98 100 0 31 0 33 0 0 40 0 0 0 0 0 0 109 0 0 0 0 0 50 56 15 0 37 0 63 92 0 70 0
 0 109 0 0 18 15 0 58 0 12 22 92 0 19 7 0 0 0 15 32 0 0 23 0 0 0 50 43 6 0 0 0 58 21 24 29 43 0 43 63 0 100 24 66 0 0 45 0 5 59
 34 0 0 0 37 0 13 65 0 0 49 7 5 0 0 0 24 29 0 78 0 74 42 7 80 62 0 21 0 0 97 0 18 62 32 90 66 0 0 0 0 3 33 0 0 0 51 49 0 68
 0 99 83 22 45 0 0 0 0 0 0 20 98 0 0 52 0 0 0 0 1 0 5 0 66 0 26 77 0 0 0 72 0 8 0 0 0 0 57 0 24 0 0 0 0 0 0 75 0 101
 55 96 0 0 0 0 71 30 48 82 84 82 0 0 0 0 0 0 96 97 61 8 46 0 85 0 0 56 73 0 37 0 70 0 97 0 0 63 97 0 0 1 87 0 0 96 0 80 0 0
 0 0 0 0 0 76 0 92 83 0 71 99 0 40 0 82 0 60 38 83 74 0 69 29 0 0 0 0 0 0 0 0 96 0 98 0 0 0 0 68 0 0 31 80 91 0 0 79 0 0
 0 60 28 69 0 0 20 0 0 0 0 15 40 8 0 0 16 0 23 0 0 0 74 0 0 88 76 82 0 0 113 0 56 0 88 0 6 0 0 96 0 0 0 88 0 0 76 0 0 0
 80 50 0 0 72 0 0 0 0 0 0 31 87 0 87 99 0 81 0 0 39 5 84 0 0 33 0 0 0 0 99 99 0 40 0 0 0 0 80 79 98 0 0 0 0 95 0 94 75 94
 33 69 32 0 0 35 0 41 8 62 19 57 22 11 0 17 2 0 0 60 0 46 33 0 13 31 0 50 0 11 0 90 55 39 0 0 90 40 69 63 62 0 62 42 0 8 88 81 0 10
 87 53 97 83 0 80 0 0 81 59 0 0 0 0 93 63 5 76 50 69 83 24 0 0 70 49 0 0 0 35 0 91 22 51 0 0 0 69 97 54 0 43 79 0 0 0 0 0 96 25
 51 0 0 18 19 99 0 0 99 59 73 12 0 0 77 0 0 14 22 0 6 26 0 0 2 5 0 41 0 22 29 84 0 71 0 0 0 0 0 49 34 42 0 29 0 92 0 105 89 0
 106 0 0 39 0 0 16 18 0 89 0 47 0 66 0 0 4 0 0 0 76 42 24 77 39 76 0 12 48 28 0 92 0 29 59 0 22 88 0 0 0 0 29 0 0 16 0 0 0 1
 19 19 64 18 24 5 40 0 0 0 20 0 27 2 15 1 5 0 10 53 97 0 0 0 0 68 73 0 0 4 0 0 0 26 0 64 0 0 35 19 16 62 71 0 26 0 0 7 0 2
 0 61 55 0 0 48 39 0 37 51 70 26 0 0 0 87 0 11 36 0 33 25 0 63 0 13 33 0 0 0 7 63 88 5 0 0 58 0 0 0 68 36 11 0 0 0 87 0 0 0
