50
 0 0 76 6 0 56 0 87 69 0 0 88 0 0 55 0 0 70 92 0 93 84 0 46 51 94 0 66 0 57 0 0 0 0 97 0 56 94 45 84 23 72 100 56 58 0 100 0 0 0
 25 0 0 91 0 76 0 0 30 68 0 71 84 0 42 0 93 73 97 89 30 0 0 0 0 0 0 0 59 67 81 0 85 92 70 0 0 0 67 0 0 0 0 72 0 85 100 0 0 33
 0 23 0 0 0 10 0 0 0 47 94 46 0 0 93 7 0 18 0 0 0 0 24 19 0 45 8 0 0 0 0 0 0 0 0 12 56 0 13 0 0 48 0 39 0 0 92 21 0 10
 0 0 53 0 0 0 63 0 56 37 42 0 39 64 75 0 5 7 0 97 70 0 20 0 0 33 0 1 0 0 0 0 15 0 22 0 0 0 14 50 0 40 15 0 92 4 13 59 39 59
 7 55 96 76 0 0 0 0 79 56 0 0 0 77 57 0 63 0 0 24 24 0 26 73 38 3 0 57 0 44 0 8 66 56 0 52 0 0 0 0 60 37 67 0 0 67 17 50 0 0
 0 0 0 22 71 0 49 0 0 73 3 0 75 0 90 0 11 27 0 0 1 0 9 90 100 69 0 69 69 0 26 0 59 36 0 0 85 75 0 0 0 73 0 0 0 0 87 0 39 17
 96 59 70 0 86 0 0 0 45 0 75 0 62 0 89 0 57 87 87 26 97 4 0 0 0 0 0 91 31 84 88 0 26 35 96 28 74 0 39 75 70 77 87 50 0 0 0 0 0 0
 0 44 74 98 56 37 16 0 82 0 0 92 0 44 96 69 0 0 0 87 82 92 29 0 83 0 93 94 0 86 36 94 68 77 78 70 94 84 24 0 65 0 99 76 0 81 52 77 69 34
 0 0 24 0 0 14 0 0 0 61 42 0 0 26 0 0 0 0 45 0 0 66 11 84 0 39 30 0 75 13 0 31 0 0 46 67 0 0 0 15 41 0 0 0 0 22 41 0 2 10
 17 0 0 0 0 0 25 42 0 0 0 5 11 8 0 55 35 56 68 0 22 53 89 97 0 10 0 0 50 45 0 0 30 0 0 0 0 0 25 0 12 0 15 9 99 33 0 0 0 0
 80 15 0 0 58 0 0 22 0 86 0 99 0 37 0 0 92 0 0 0 0 87 32 0 27 0 0 0 68 96 85 40 15 85 9 0 0 0 56 35 30 0 62 90 0 0 0 0 0 32
 0 0 0 66 36 56 13 0 11 0 0 0 0 82 0 0 6 0 37 0 0 62 40 0 0 10 61 44 0 71 0 82 88 67 0 0 29 0 63 0 20 35 0 43 80 0 0 0 21 0
 15 0 98 0 98 0 0 22 88 0 90 63 0 0 88 8 0 0 0 34 60 45 0 98 0 0 96 93 95 0 66 0 0 0 0 72 78 11 84 64 53 80 45 63 23 11 0 0 0 0
 67 32 65 0 0 9 9 0 0 0 0 0 45 0 0 0 0 97 39 68 0 0 0 40 67 38 3 83 68 0 0 39 0 0 60 12 67 0 0 49 0 34 52 65 0 40 70 0 0 0
 0 0 0 0 0 0 0 0 24 24 65 25 0 74 0 16 13 44 66 0 0 23 4 16 2 60 7 0 0 10 2 0 0 1 0 6 24 46 20 0 91 0 0 0 0 26 58 0 48 34
 37 36 0 82 71 76 50 0 91 0 65 13 0 100 0 0 0 0 0 0 0 0 34 28 53 51 0 0 41 0 0 0 72 9 0 34 0 98 17 81 0 0 71 0 0 0 93 79 24 6
 25 0 70 0 0 0 0 15 13 0 0 0 56 95 0 30 0 68 80 39 62 0 23 0 51 91 0 0 0 0 92 0 0 0 12 0 30 97 27 0 99 0 0 28 59 51 99 88 0 0
 0 0 0 0 9 0 0 66 31 0 32 65 44 0 0 63 0 0 0 0 21 72 49 0 7 12 91 89 69 19 0 64 0 0 0 20 43 0 71 0 28 14 0 0 0 0 0 42 0 0
 0 0 84 93 68 2 0 42 0 0 35 0 29 0 0 79 0 0 0 98 15 86 0 0 78 13 81 49 84 58 53 75 0 0 14 0 0 35 99 0 0 0 36 72 64 0 0 0 61 24
 68 0 66 0 0 34 0 0 34 100 78 75 0 0 75 32 0 0 0 0 0 34 4 8 0 0 35 0 99 65 0 0 0 28 0 0 0 0 59 0 82 32 0 0 94 0 0 77 40 0
 0 0 48 0 0 0 0 0 81 0 99 45 0 90 27 87 0 0 0 9 0 0 0 0 88 0 97 0 26 0 0 0 97 0 63 0 89 0 37 84 0 0 0 72 0 79 0 38 0 20
 0 27 40 0 50 83 0 0 0 0 0 0 0 2 0 25 73 0 0 0 25 0 13 14 0 2 0 33 0 21 0 16 88 0 0 46 0 84 0 16 0 25 44 0 0 0 0 15 0 55
 33 48 0 0 0 0 0 0 0 0 0 0 48 88 0 0 0 0 91 0 36 0 0 0 0 75 0 0 0 0 0 0 0 0 79 100 0 0 74 0 0 0 91 72 0 99 0 0 62 0
 0 5 0 69 0 0 6 33 0 0 44 57 0 0 0 0 8 31 55 0 41 0 6 0 0 0 0 72 0 0 0 0 0 0 72 0 0 0 28 0 41 85 0 0 32 0 2 0 0 0
 0 43 61 93 0 0 31 0 39 59 0 24 69 0 0 0 0 0 0 21 0 49 8 59 0 0 0 93 0 0 89 78 0 11 31 78 0 0 0 0 0 0 99 44 100 72 0 0 1 65
 0 10 0 0 0 0 51 50 0 0 83 0 4 0 0 0 0 0 0 43 44 0 0 77 59 0 0 56 62 0 0 72 91 55 19 85 0 95 0 0 93 0 0 0 0 0 0 37 0 5
 44 1 0 77 58 27 9 0 0 74 23 0 0 0 0 27 11 0 0 0 0 80 9 77 76 69 0 0 60 0 0 32 93 34 0 36 27 68 98 0 2 15 38 48 0 0 95 62 10 0
 0 67 1 0 0 0 0 0 77 29 30 0 0 0 0 60 7 0 0 60 55 0 56 0 0 0 20 0 0 81 54 90 48 0 0 0 50 0 0 19 25 0 0 85 67 0 0 0 15 0
 17 0 24 42 29 0 0 68 0 0 0 60 0 0 11 0 33 0 0 0 0 50 13 46 7 0 0 35 0 19 19 23 8 0 77 0 4 0 0 59 0 35 0 22 0 38 0 8 65 78
 0 0 90 95 0 36 0 0 0 0 0 0 47 9 0 65 7 0 0 0 101 0 60 54 25 16 61 0 0 0 100 0 0 44 0 73 0 0 0 0 0 0 0 0 0 0 0 62 6 27
 12 0 6 99 16 0 0 0 5 51 0 16 0 38 0 17 0 18 0 69 86 67 23 17 0 33 22 0 0 0 0 0 0 47 0 14 74 1 0 17 0 0 0 4 100 0 40 0 13 43
 8 26 48 44 0 31 83 0 0 53 0 0 62 0 83 45 45 0 0 65 11 0 10 99 0 0 0 0 0 87 80 0 0 20 0 62 0 21 0 0 0 0 0 24 0 0 0 81 0 0
 74 0 95 0 0 0 0 0 3 0 0 0 57 1 100 0 64 58 32 68 0 0 52 30 21 0 0 0 0 5 58 42 0 0 42 0 73 10 71 34 26 13 21 22 84 0 21 41 3 18
 3 0 11 50 0 0 0 0 90 89 0 0 59 74 0 0 31 44 59 0 28 69 34 48 0 0 0 81 32 0 0 0 76 0 23 0 0 55 20 0 0 0 95 0 0 90 0 0 0 0
 0 0 94 0 52 34 0 0 0 64 0 66 32 0 22 41 0 71 0 46 0 70 0 0 0 0 21 69 0 76 83 36 0 0 0 0 16 0 0 0 43 97 0 0 89 0 0 0 60 55
 28 13 0 79 0 13 0 0 0 99 11 95 0 0 0 0 7 0 44 32 31 0 0 99 0 0 0 100 82 0 0 0 74 17 3 0 0 3 0 17 0 0 93 0 0 0 0 0 0 0
 0 64 0 95 19 0 0 0 51 45 69 0 0 0 0 28 0 0 5 49 0 69 1 18 49 53 0 0 0 22 0 6 0 29 0 1 0 42 0 51 0 0 0 0 0 3 0 0 61 23
 0 54 59 40 28 0 35 0 96 47 33 24 0 34 0 0 0 27 0 23 53 0 85 93 73 0 0 74 55 30 0 0 0 0 40 0 0 0 65 0 0 0 0 0 0 5 0 82 0 0
 0 0 0 0 35 0 0 0 0 0 0 0 0 10 0 0 0 0 0 0 0 17 0 0 23 30 0 19 73 5 13 9 0 0 90 8 74 0 0 0 95 96 55 0 50 7 62 0 30 0
 0 32 77 0 47 62 0 19 0 90 0 41 0 0 15 0 60 99 35 3 0 0 54 47 50 82 97 0 0 37 0 14 0 90 36 0 0 31 49 0 86 0 0 0 0 40 0 95 13 0
 0 15 46 54 0 12 0 0 0 0 0 0 0 48 0 66 0 0 14 0 1 12 39 0 99 0 0 0 49 52 0 75 0 34 0 96 12 17 0 0 0 19 0 0 0 3 96 92 0 35
 0 2 0 0 0 0 0 41 86 38 33 0 0 0 91 54 8 0 41 0 40 0 23 0 27 63 0 87 0 0 76 0 0 8 0 100 84 65 0 62 0 0 57 45 0 65 62 90 0 22
 0 25 56 0 0 15 0 0 95 0 0 95 0 0 41 0 31 98 0 38 45 0 0 84 0 59 0 77 97 82 89 19 0 0 53 0 90 41 0 65 51 0 0 0 0 0 0 0 31 0
 0 0 0 95 0 26 0 0 82 0 0 0 0 0 67 78 0 27 0 2 0 66 0 33 0 23 0 0 0 72 0 0 0 44 9 35 91 10 62 1 34 0 9 0 68 0 90 20 2 76
 0 70 7 0 54 12 5 58 88 0 5 0 0 49 49 39 0 22 0 0 57 42 16 0 0 16 6 0 71 83 0 10 0 11 0 64 36 4 0 0 26 24 34 0 0 71 0 0 85 21
 41 0 26 0 0 49 21 0 0 0 97 50 0 0 0 58 0 81 83 46 0 63 0 87 0 11 41 87 0 60 76 92 90 0 2 56 0 0 0 0 0 0 44 80 0 0 0 25 4 0
 0 0 0 0 0 0 33 0 0 70 31 54 49 0 0 0 0 25 29 45 88 98 48 0 75 43 0 85 82 44 0 2 0 80 33 51 95 9 0 46 0 0 4 0 76 85 0 41 0 25
 57 42 0 0 0 73 54 0 89 38 71 79 58 1 86 0 0 0 29 0 0 0 3 79 41 0 0 39 0 0 66 0 0 23 23 9 31 0 83 0 0 0 17 0 97 0 0 0 0 44
 58 31 75 0 16 0 83 0 0 11 69 0 80 100 0 0 31 82 0 0 55 91 0 75 0 40 0 0 0 0 0 86 0 42 0 91 0 66 0 0 9 94 0 0 0 0 63 76 0 0
 68 0 0 0 67 0 58 0 0 95 0 70 84 99 0 0 63 72 0 47 0 0 7 88 0 0 61 10 0 0 0 55 0 50 0 18 0 70 59 90 0 0 23 0 0 72 0 0 94 0
