50
 0 0 17 78 0 0 99 0 74 0 0 66 0 59 0 59 0 0 0 85 11 0 40 0 0 15 0 0 0 23 0 54 95 0 5 5 6 30 69 0 0 0 9 26 60 48 0 99 87 0
 18 0 67 82 77 0 0 0 0 62 13 0 16 0 0 0 2 31 5 23 2 0 29 5 33 8 6 0 7 41 0 75 0 0 0 0 0 0 0 39 39 0 0 50 0 23 0 0 0 0
 0 0 0 89 34 0 84 17 80 0 54 61 0 0 0 0 0 75 0 64 44 0 0 0 0 50 81 84 25 3 0 45 0 0 79 50 76 11 10 74 0 0 0 86 0 0 21 27 2 0
 0 0 0 0 0 0 48 0 0 0 0 95 65 38 19 22 12 72 95 0 0 0 25 6 98 90 10 0 38 72 0 0 96 0 0 79 9 35 0 31 0 78 27 96 42 59 19 0 0 92
 85 0 0 41 0 89 56 0 96 99 0 0 0 0 0 0 0 0 55 0 56 68 77 0 52 100 0 66 88 0 91 16 0 0 0 0 0 0 65 85 42 0 0 0 50 0 41 0 0 71
 64 89 61 69 0 0 13 0 0 40 21 0 16 6 31 0 35 39 0 26 0 43 24 12 50 91 15 0 31 101 19 38 0 70 0 0 5 0 0 18 70 0 35 11 0 12 32 0 20 0
 0 72 0 0 0 0 0 0 34 63 87 0 58 91 0 0 52 0 70 0 0 0 0 43 0 0 36 0 34 0 0 0 0 0 84 0 0 0 24 0 0 49 0 71 44 0 0 35 27 25
 22 86 0 31 6 2 98 0 0 0 0 0 45 61 90 0 17 0 0 0 94 30 61 49 0 84 70 0 25 37 0 0 0 0 51 40 92 62 0 0 0 63 0 48 0 0 0 15 36 0
 0 53 0 7 0 64 0 100 0 58 63 0 0 0 0 0 49 0 0 0 13 35 0 0 96 0 6 72 89 0 0 0 0 14 0 19 0 11 7 99 61 0 0 76 68 16 50 0 57 0
 22 0 8 68 0 0 0 89 0 0 0 19 94 0 62 19 0 0 0 0 0 97 0 0 37 0 0 0 8 0 65 81 0 0 0 0 29 0 19 50 0 0 12 0 0 30 0 0 0 0
 91 0 0 90 65 0 0 94 0 28 0 80 52 69 78 33 0 75 100 0 0 1 0 0 0 0 0 41 0 0 0 33 0 0 0 75 0 28 0 0 87 0 63 0 48 10 5 0 43 34
 0 72 0 0 30 47 2 94 40 0 0 0 55 85 39 51 2 0 0 50 0 0 8 0 37 39 77 25 15 62 56 0 93 0 0 0 0 0 0 56 0 9 0 0 10 0 0 6 3 68
 32 0 30 0 7 0 0 0 26 0 0 0 0 85 86 0 0 16 81 20 87 4 30 2 0 96 4 43 7 90 0 8 0 0 62 0 103 40 0 0 0 0 2 79 0 26 0 0 0 0
 0 23 39 0 37 0 0 0 70 6 0 0 0 0 64 32 0 55 0 0 0 0 0 20 0 0 0 78 40 0 0 0 81 48 89 48 79 0 52 87 0 77 11 9 26 0 54 0 0 0
 39 63 21 0 22 0 54 0 53 0 0 0 0 0 0 0 0 0 0 0 0 14 38 63 16 76 53 39 0 0 0 0 93 0 0 0 0 0 24 57 0 0 10 0 0 35 0 0 0 72
 0 44 32 0 18 58 11 65 81 0 0 0 44 0 75 0 0 0 36 0 0 95 69 0 100 99 0 0 0 0 86 31 97 59 97 0 0 0 0 0 90 0 96 64 0 0 92 90 0 0
 84 0 11 0 25 0 0 0 0 23 60 0 70 86 54 59 0 0 76 0 41 64 0 0 0 30 5 0 0 27 96 0 77 44 0 0 0 33 0 70 53 0 10 0 0 4 19 0 42 0
 52 0 0 0 38 0 43 15 30 3 0 13 0 0 26 14 0 0 0 18 11 0 0 18 21 0 28 0 13 46 10 0 55 30 23 0 0 64 0 0 0 10 0 30 25 0 21 0 0 12
 17 0 9 0 0 61 0 69 11 31 0 42 0 27 13 0 0 99 0 0 11 5 72 0 0 0 75 0 6 13 0 7 58 16 30 55 56 0 0 50 0 0 71 0 0 25 7 0 0 0
 0 0 0 62 98 0 80 57 37 35 57 0 0 97 45 49 41 0 97 0 0 92 25 0 67 0 0 0 75 23 0 15 0 0 0 0 9 0 0 17 0 93 0 41 0 40 0 25 0 0
 0 0 0 73 0 88 16 0 0 23 78 58 0 28 22 45 0 0 0 68 0 26 0 0 0 0 0 0 67 93 0 13 92 76 24 72 100 0 65 0 0 89 30 44 0 70 47 84 53 46
 5 44 1 14 0 0 31 0 0 0 0 39 0 58 0 0 0 57 0 0 0 0 12 0 91 57 0 65 0 15 29 0 0 88 23 6 53 0 0 0 4 78 61 39 0 7 0 50 57 38
 0 0 44 0 0 0 87 0 43 92 100 0 0 74 0 0 90 34 0 0 83 0 0 23 73 95 36 63 0 0 55 0 65 72 0 63 17 5 0 0 0 0 11 0 0 0 0 0 60 0
 46 0 12 0 55 0 0 0 99 21 61 90 0 0 0 65 18 0 89 100 56 0 0 0 0 89 8 81 0 97 0 43 87 99 15 21 73 0 54 93 64 0 39 0 100 6 28 0 0 0
 15 0 10 0 0 0 41 34 0 0 27 0 37 26 0 0 9 0 90 0 42 0 0 31 0 64 0 0 0 0 0 0 0 0 25 39 0 75 0 0 0 95 15 0 42 44 26 26 0 0
 0 0 0 0 0 0 22 0 10 93 4 0 0 9 0 0 0 69 11 92 5 0 0 0 0 0 0 0 77 0 15 0 0 43 0 0 0 0 0 60 30 0 0 0 0 28 52 60 0 45
 49 0 0 0 63 0 0 0 0 46 90 0 0 45 0 3 0 0 0 50 10 99 0 0 93 79 0 0 77 79 0 81 43 0 67 25 0 63 0 86 0 0 0 0 52 96 0 95 0 0
 60 52 0 7 0 56 31 49 0 3 0 0 0 0 0 87 13 89 35 85 70 0 0 0 21 82 7 0 5 50 0 15 0 0 0 0 24 0 65 0 100 0 0 0 0 0 0 0 0 25
 39 0 0 0 0 0 0 0 0 0 90 0 0 0 75 52 28 0 0 0 0 52 16 23 71 0 0 0 0 0 57 37 78 0 55 0 80 0 2 35 0 0 0 0 0 87 0 0 18 0
 0 0 0 0 5 0 19 0 55 73 89 0 0 44 58 58 0 0 0 0 0 0 100 0 27 99 0 0 86 0 0 44 0 0 82 42 0 46 0 88 0 0 77 69 0 0 0 72 0 0
 23 0 70 88 0 0 46 22 73 0 74 0 64 83 60 0 0 0 82 72 59 0 0 0 84 0 34 46 0 4 0 4 0 55 1 16 6 39 0 76 84 89 0 67 0 0 0 41 0 0
 0 0 0 52 0 0 83 35 94 0 0 43 0 23 92 0 54 98 0 0 0 21 65 0 84 78 0 0 0 0 0 0 84 0 0 40 0 60 66 0 0 0 47 90 91 0 48 0 71 0
 0 88 26 0 69 64 50 75 7 85 62 0 27 0 0 0 0 0 0 45 0 42 0 0 13 23 0 49 0 88 53 0 0 0 0 0 0 0 83 48 0 6 40 0 16 79 0 0 25 0
 1 63 36 5 68 0 49 47 0 38 46 96 85 0 75 0 0 0 0 15 0 0 0 0 98 0 24 37 57 8 0 21 81 0 23 3 0 1 10 64 0 69 0 0 0 56 15 35 0 10
 0 78 0 41 12 99 0 0 83 76 69 85 0 0 98 0 72 0 0 71 0 0 90 0 0 27 0 50 0 0 0 54 67 0 0 65 0 10 0 0 98 0 32 0 0 0 30 64 0 0
 0 100 0 0 53 79 92 0 0 46 0 96 87 0 0 89 47 84 0 92 0 0 0 0 0 46 0 8 64 0 0 0 83 0 0 0 76 0 0 0 80 65 0 25 30 0 40 99 67 37
 0 54 0 0 52 0 52 0 54 0 64 18 0 0 28 82 61 40 0 0 0 0 0 0 39 80 32 0 0 37 0 73 93 45 10 0 0 0 0 0 0 0 0 27 53 0 38 65 0 0
 0 79 0 0 39 94 78 0 0 64 0 12 0 33 91 32 0 0 76 67 36 40 0 75 0 66 0 83 61 0 0 0 84 0 0 4 95 0 0 71 0 0 97 61 0 0 32 74 0 0
 0 83 0 100 0 78 0 61 0 0 59 54 74 0 0 23 90 76 76 18 0 93 24 0 84 76 89 0 0 99 88 0 0 0 32 15 51 97 0 71 88 96 98 95 85 0 0 53 0 76
 26 0 0 0 0 0 43 89 0 0 58 0 49 0 0 16 0 71 0 0 12 4 5 0 63 0 0 88 0 0 0 57 0 0 59 48 99 0 0 0 0 15 51 0 3 0 0 100 0 0
 24 0 61 39 0 0 34 69 0 63 0 53 5 7 4 0 0 78 64 36 11 0 77 0 42 0 84 0 61 1 0 40 55 3 0 0 32 2 0 5 0 0 1 0 0 9 30 0 0 44
 31 88 38 0 62 20 0 0 23 8 55 0 52 0 51 86 20 0 58 0 0 0 79 66 0 68 94 1 0 45 0 52 0 0 31 0 57 6 0 0 18 0 20 0 0 0 0 55 59 0
 0 98 39 0 1 0 85 68 52 0 0 64 0 0 0 0 0 50 0 49 0 0 0 0 0 67 21 97 92 0 94 0 0 86 0 38 72 0 0 0 0 0 0 0 36 0 0 0 0 92
 0 0 0 0 56 0 0 0 0 42 95 38 0 0 42 0 48 0 65 0 0 0 31 30 67 27 5 57 11 0 0 0 63 44 35 0 0 0 0 36 15 64 7 0 0 15 51 82 25 58
 0 71 4 0 0 79 0 42 0 61 0 0 87 0 79 56 68 0 31 47 10 28 32 0 0 36 0 20 80 67 33 0 0 59 45 0 0 32 0 0 94 74 0 41 0 23 25 0 0 37
 0 0 54 0 66 0 96 88 0 0 0 90 0 26 0 59 0 0 0 0 0 0 50 0 0 0 0 61 0 55 91 3 0 0 49 67 23 90 4 85 0 71 66 0 0 0 12 0 0 88
 88 36 0 0 0 0 77 93 0 35 0 30 98 0 0 0 0 0 0 34 0 95 67 0 0 0 100 85 30 96 65 0 55 0 0 0 0 0 53 57 0 83 85 0 0 0 0 0 0 33
 0 75 0 55 1 69 0 0 3 53 61 0 14 3 91 0 66 29 81 0 0 0 89 49 0 0 0 28 55 0 0 8 86 0 0 0 0 0 0 0 48 0 5 0 67 35 2 0 32 37
 0 38 0 77 21 0 0 0 0 45 0 0 47 91 79 70 0 95 79 40 0 0 0 66 32 35 42 90 0 58 53 0 0 58 57 0 68 3 17 50 85 0 86 0 95 61 69 0 0 0
 54 83 37 0 0 93 0 32 86 42 0 0 68 51 0 92 3 0 91 92 0 0 42 42 47 0 2 0 2 23 79 53 68 0 2 0 0 71 0 79 0 86 0 0 0 0 0 0 24 0
