50
 0 0 82 22 87 21 0 0 0 0 0 0 0 68 1 3 8 0 0 51 4 4 0 80 0 0 0 50 32 87 13 0 0 0 0 99 0 8 47 0 32 20 67 0 17 0 36 62 0 49
 22 0 61 18 0 0 0 40 0 42 5 0 0 0 39 72 0 8 33 19 16 0 0 15 55 36 0 37 0 21 0 57 0 17 37 7 0 0 40 0 97 0 80 27 0 0 8 86 0 73
 0 0 0 0 0 0 0 0 75 0 6 0 2 0 0 38 0 11 0 0 0 0 27 0 20 0 0 0 5 0 8 0 2 0 10 2 67 0 0 0 0 0 0 4 0 7 0 0 0 0
 0 0 67 0 86 0 48 0 24 72 0 0 44 0 22 0 53 0 79 81 0 98 0 67 0 97 0 35 0 70 0 0 77 0 0 0 0 0 91 49 0 39 0 56 62 98 27 0 0 34
 0 67 15 0 0 37 0 0 0 0 52 31 20 62 0 15 0 32 66 84 15 0 0 0 0 29 1 0 0 0 0 28 12 0 0 35 74 58 0 25 67 100 0 3 20 0 0 47 0 0
 0 93 82 64 0 0 0 29 0 0 0 54 88 0 47 0 0 0 0 0 0 0 0 0 76 68 0 0 0 59 0 0 0 0 0 0 46 0 0 100 0 40 0 65 0 0 81 0 40 0
 86 9 62 0 65 42 0 39 53 94 0 0 39 0 0 23 0 45 77 0 0 0 0 0 38 0 0 0 0 0 0 16 0 0 0 89 0 0 0 0 0 0 0 0 18 90 78 54 53 82
 70 0 64 32 54 0 0 0 0 0 58 0 0 0 0 0 71 0 0 0 0 98 0 0 0 68 22 70 0 29 0 0 0 0 0 58 90 4 34 0 0 0 44 16 0 0 66 53 92 83
 3 8 0 0 10 33 0 16 0 0 41 39 48 66 0 0 0 0 18 81 0 15 0 16 0 40 0 0 58 0 59 42 0 64 0 0 100 50 51 0 0 95 40 0 5 86 4 0 0 20
 2 0 15 0 66 14 0 38 47 0 46 22 37 0 0 0 0 0 33 0 0 0 0 96 43 71 0 0 0 0 8 12 73 3 7 0 0 0 50 0 81 51 89 47 61 61 2 88 26 0
 25 0 0 93 0 19 10 0 0 0 0 31 35 28 0 13 54 31 93 87 44 43 0 0 32 63 53 0 0 0 0 28 68 36 18 64 68 0 51 79 78 0 0 14 0 9 8 0 0 0
 99 86 66 80 0 0 74 38 0 0 0 0 0 90 1 0 42 0 77 76 11 0 0 82 6 33 71 0 0 0 78 0 90 86 0 91 0 14 0 0 81 23 0 0 0 0 49 61 0 0
 69 98 0 0 0 0 0 18 0 0 0 72 0 0 42 31 3 0 92 0 85 97 86 26 0 0 0 91 94 0 0 0 0 4 0 0 0 39 0 0 95 83 52 53 0 14 47 0 46 0
 0 13 3 12 0 90 78 44 0 63 0 0 33 0 29 0 41 82 20 0 0 0 31 13 37 0 5 37 51 29 46 0 9 14 0 0 0 12 0 0 0 73 0 17 9 35 31 29 0 29
 0 0 88 0 56 0 95 82 64 43 22 0 0 0 0 0 0 0 0 41 96 0 66 89 0 0 0 80 0 0 34 0 37 0 0 42 0 0 0 38 96 89 90 0 0 0 77 0 61 0
 0 0 0 9 0 72 0 32 46 95 0 44 0 81 24 0 39 0 0 0 40 96 64 81 46 0 86 0 99 0 83 61 0 0 12 0 0 34 41 0 66 99 46 39 51 7 85 0 39 88
 0 75 92 0 42 61 86 0 49 70 0 0 0 0 56 0 0 32 0 57 10 79 99 54 37 32 97 64 0 87 0 81 0 0 0 0 93 59 0 0 0 68 0 7 0 93 98 92 0 0
 28 0 0 22 0 0 0 97 78 82 0 51 68 0 24 22 0 0 60 57 0 30 98 0 67 0 92 0 0 80 22 45 94 0 88 0 41 0 0 43 70 0 0 6 0 41 0 62 99 68
 0 0 33 0 0 37 0 43 0 0 0 0 0 0 7 51 38 0 0 73 49 0 71 16 35 90 0 2 58 39 0 0 0 25 0 0 0 34 39 0 27 91 72 29 0 0 0 90 31 0
 0 0 51 0 0 27 65 36 0 28 0 0 85 34 0 58 0 0 0 0 35 66 0 6 0 0 0 0 3 0 50 10 17 0 0 54 27 0 68 0 0 0 79 77 38 33 0 0 37 26
 0 0 71 7 0 26 93 98 71 80 0 0 0 100 0 0 0 22 0 0 0 0 0 72 67 98 0 0 73 0 52 37 0 13 0 0 0 54 0 94 40 0 56 0 0 22 54 0 0 0
 0 0 47 0 89 60 26 0 0 54 0 75 0 65 10 0 0 0 33 0 23 0 0 0 54 0 88 0 0 0 44 0 97 0 21 50 96 0 19 0 0 36 99 18 35 27 0 52 0 67
 0 99 0 2 90 6 34 23 70 79 26 47 0 0 0 0 0 0 0 97 5 95 0 0 14 0 99 83 0 0 17 0 0 0 0 68 81 0 7 0 16 0 74 66 0 15 78 86 65 47
 0 0 33 0 70 6 44 43 0 0 86 0 0 0 0 0 0 2 0 0 0 38 16 0 39 97 85 0 0 91 0 84 54 55 0 0 85 9 0 0 62 98 84 6 0 13 0 0 60 72
 89 0 0 86 97 0 0 25 59 0 0 0 45 0 78 0 0 0 0 44 0 0 0 0 0 48 43 80 55 85 0 0 0 0 33 67 67 0 85 63 79 0 59 0 0 0 91 0 0 0
 43 0 16 0 0 0 71 0 0 0 0 0 87 84 20 34 0 10 0 100 0 50 16 0 0 0 89 9 0 22 42 14 14 8 0 0 91 42 0 0 0 61 20 0 0 60 0 66 0 40
 25 69 35 78 0 14 35 0 23 13 0 0 59 0 6 0 0 0 2 35 7 0 0 0 0 0 0 19 0 0 0 14 0 70 12 0 0 38 40 20 0 0 62 36 0 0 48 99 0 0
 0 0 69 0 74 13 31 0 47 22 79 8 0 0 0 19 0 62 0 80 48 83 0 61 0 0 0 0 56 92 0 28 4 19 0 66 0 44 0 0 78 78 0 0 21 13 0 0 12 0
 0 99 0 23 95 39 68 30 0 14 78 15 0 0 31 0 33 29 0 0 0 84 20 70 0 38 98 0 0 93 0 0 0 5 32 0 96 0 0 0 70 98 79 96 59 0 2 96 41 0
 0 0 96 0 85 0 0 0 96 31 100 69 35 0 18 29 0 0 0 0 55 46 2 0 0 0 69 0 0 0 0 0 0 0 60 63 69 0 14 52 67 0 92 1 37 15 0 0 0 57
 0 59 0 90 78 85 44 70 0 0 60 0 31 0 0 0 42 0 80 0 0 0 0 76 63 0 0 75 53 49 0 92 15 0 0 0 0 21 0 75 0 0 0 41 53 0 0 0 6 0
 86 0 90 60 0 15 0 77 0 0 0 81 38 98 76 0 0 0 98 0 0 95 77 0 42 0 0 0 31 62 0 0 0 67 91 0 84 18 0 89 0 0 61 41 97 82 71 0 0 91
 22 70 0 0 0 20 39 40 98 0 0 0 0 0 0 65 59 0 10 0 1 0 42 0 68 0 30 0 58 91 0 23 0 0 60 41 65 0 0 15 0 0 100 8 82 43 0 90 69 23
 88 0 40 0 63 88 68 75 0 0 0 0 0 0 53 78 54 93 0 62 0 66 25 0 69 0 0 0 0 68 58 0 99 0 0 0 0 0 0 77 0 56 62 85 0 0 89 78 0 0
 56 0 0 27 40 5 44 96 20 0 0 78 66 97 31 0 98 0 5 28 95 0 5 51 0 61 0 61 0 0 19 0 0 53 0 0 0 49 70 0 0 58 97 20 0 33 59 94 33 0
 0 0 0 11 0 9 0 0 69 33 0 0 10 5 0 71 10 1 90 0 60 0 0 36 0 75 64 0 11 0 59 59 0 56 44 0 0 38 0 0 0 70 0 0 60 13 26 58 0 0
 75 60 0 6 0 0 69 0 0 2 0 17 3 97 28 9 0 0 27 0 53 0 0 0 0 0 3 62 0 0 37 0 0 81 35 14 0 40 0 0 55 80 19 24 0 26 25 0 0 0
 0 78 27 96 0 42 62 0 0 58 84 0 0 0 97 0 0 46 0 92 0 70 84 0 32 0 0 0 65 93 0 0 83 67 0 0 0 0 45 29 60 0 0 29 91 59 8 55 88 0
 0 0 94 0 71 66 23 0 0 0 0 65 84 46 34 0 14 88 0 0 84 0 0 81 0 98 0 83 71 0 49 49 95 17 0 97 45 0 0 0 71 91 60 0 74 0 0 98 32 0
 36 57 55 0 0 0 62 33 61 46 0 18 15 100 0 37 71 0 24 61 0 44 32 73 0 71 0 19 17 0 0 0 0 0 16 24 0 0 5 0 44 0 70 53 36 0 22 34 0 0
 0 0 68 69 0 40 11 19 8 0 0 0 0 41 0 0 20 0 0 2 0 10 0 0 0 11 27 0 0 0 26 27 47 12 42 23 0 0 0 0 0 18 55 3 0 0 0 0 0 9
 0 20 10 0 0 0 77 9 0 0 68 0 0 0 0 0 0 46 0 97 3 0 51 0 17 0 75 0 0 60 47 30 63 0 0 0 0 77 0 21 0 0 0 36 80 0 7 0 34 0
 0 0 62 30 96 30 9 0 0 0 28 28 0 5 0 0 40 12 0 0 0 0 0 0 0 0 0 65 0 0 45 0 0 0 0 67 0 66 0 0 0 80 0 0 71 0 0 18 0 34
 56 0 0 0 0 0 94 0 65 0 0 61 0 0 18 0 0 0 0 0 88 0 0 0 78 95 0 44 0 0 0 0 0 0 0 0 0 0 71 0 0 0 26 0 87 40 48 69 0 0
 0 55 71 0 0 15 0 52 0 0 22 65 94 0 30 0 83 42 83 0 68 0 69 94 32 98 35 0 0 0 0 0 0 20 62 0 74 0 0 0 48 0 0 0 0 26 91 0 91 0
 33 57 0 0 42 85 0 40 0 0 0 15 0 0 29 0 0 0 98 0 0 0 0 0 40 0 86 0 84 0 40 0 0 13 0 0 0 0 3 78 94 68 99 0 0 0 98 93 62 87
 0 0 40 0 68 0 0 0 0 0 0 0 0 0 0 0 0 28 81 86 0 61 0 18 0 41 0 71 0 64 38 0 74 0 0 0 0 0 48 0 64 0 62 0 0 0 0 0 60 79
 0 0 0 82 0 15 0 0 44 0 28 0 6 0 38 28 0 0 0 77 22 0 0 11 19 0 0 15 0 46 25 36 0 0 0 0 1 0 0 0 64 84 0 0 64 0 4 0 26 7
 81 91 94 42 59 0 0 0 33 0 36 26 0 69 0 0 3 0 0 0 72 5 0 0 5 60 59 0 0 70 0 58 0 10 0 99 80 0 0 69 95 0 79 7 0 0 0 0 0 0
 0 0 78 0 0 44 0 0 0 79 38 40 53 0 1 0 55 0 81 0 35 0 0 0 44 0 40 14 9 0 38 0 0 11 74 20 0 62 34 72 0 84 0 3 6 0 0 0 4 0
