50
 0 65 0 89 0 23 0 102 0 0 0 0 0 60 0 0 0 0 73 44 0 41 0 45 93 0 77 0 0 0 0 0 39 88 0 0 35 0 0 0 0 0 0 63 0 0 92 9 0 0
 0 0 0 96 0 111 92 0 0 45 44 92 69 0 0 96 65 0 10 0 69 41 90 10 0 0 0 48 97 0 0 47 0 0 72 0 33 0 0 0 34 51 0 4 60 0 0 0 0 0
 23 47 0 0 0 14 0 34 37 0 82 36 62 0 0 30 33 74 28 0 91 16 12 0 0 100 35 0 1 88 4 67 0 2 0 60 38 98 44 51 0 9 90 0 12 23 0 68 0 87
 0 0 31 0 0 16 0 35 0 0 0 0 0 0 0 35 93 13 32 23 0 44 51 8 0 49 68 0 23 48 0 0 0 0 106 75 0 50 0 21 87 0 0 104 0 0 76 39 0 8
 76 88 84 56 0 0 0 0 0 33 0 64 0 0 65 89 0 0 0 0 100 0 0 0 100 0 0 8 65 5 81 62 0 33 94 71 0 46 0 21 0 77 0 0 85 51 0 0 81 0
 0 0 0 0 76 0 0 0 0 78 85 40 52 42 90 59 0 0 0 0 67 0 0 0 0 0 80 10 0 0 0 0 0 71 54 74 0 54 0 28 0 82 0 94 0 42 0 0 0 76
 10 0 12 50 19 12 0 19 46 36 0 24 15 9 0 12 0 0 0 50 0 0 43 0 103 43 0 34 0 18 81 0 21 0 0 82 55 93 0 45 54 0 0 29 32 16 39 96 0 60
 0 36 0 0 71 90 0 0 49 0 11 86 0 79 28 47 88 99 0 0 0 0 0 64 97 0 7 0 0 0 61 0 0 76 57 37 0 0 93 15 32 61 0 0 0 56 29 91 0 92
 66 61 0 41 13 64 0 0 0 95 0 100 0 71 21 0 0 0 0 40 79 0 65 97 0 0 86 0 19 27 75 0 0 96 0 0 40 80 0 0 97 0 0 8 86 41 62 48 0 0
 19 0 77 50 0 0 0 101 0 0 57 0 22 0 17 85 71 6 8 20 0 59 0 0 48 28 0 0 34 71 0 0 54 12 0 46 0 46 0 0 50 86 0 2 0 111 20 38 0 0
 77 0 0 12 96 0 67 0 4 0 0 0 0 0 0 0 0 87 99 29 56 36 0 54 0 0 0 33 0 98 0 55 49 0 96 0 35 91 0 0 44 44 39 64 0 76 0 0 0 0
 13 0 0 46 0 0 0 0 0 46 59 0 0 30 0 0 47 0 0 10 0 3 0 0 0 94 80 48 0 0 95 34 0 40 11 40 38 0 0 55 0 0 0 0 0 0 0 37 0 26
 14 0 0 85 39 0 0 30 109 0 25 39 0 83 99 74 10 25 77 0 0 0 97 0 9 11 0 76 0 0 35 26 0 13 0 9 112 33 46 77 0 28 0 0 12 67 0 48 0 0
 0 34 93 86 3 0 0 0 0 69 27 0 0 0 0 0 0 56 0 58 77 0 35 0 36 57 0 25 0 98 0 16 0 67 17 49 46 64 48 99 29 0 0 0 0 0 38 67 69 0
 61 56 100 79 0 0 27 0 0 0 10 58 0 16 0 0 0 0 0 0 74 0 9 12 0 0 0 0 0 24 78 0 0 0 0 0 14 44 0 5 0 0 0 28 0 0 97 0 78 45
 48 0 0 0 0 0 0 0 79 0 62 11 0 20 63 0 51 0 68 26 0 0 0 0 31 39 0 52 68 95 32 0 0 0 3 0 0 0 79 26 37 0 0 82 42 1 85 52 71 81
 6 0 0 0 42 2 29 0 2 0 43 0 0 46 81 0 0 28 42 0 75 0 42 83 92 0 81 0 0 48 0 63 73 0 46 0 101 97 40 8 29 0 0 22 0 20 0 41 73 0
 57 1 0 0 41 29 89 0 73 0 0 63 0 0 85 70 0 0 11 74 0 0 20 0 71 63 73 45 0 0 79 0 93 58 61 94 27 60 44 0 0 84 73 0 0 0 83 96 0 0
 0 0 0 0 90 36 63 37 73 0 0 67 0 83 55 0 0 0 0 0 0 0 46 0 55 91 0 0 47 0 0 0 0 0 0 0 69 50 48 0 94 0 0 59 63 0 0 37 81 99
 0 6 61 0 14 6 0 2 0 0 0 0 66 0 95 0 77 0 0 0 0 37 0 2 0 0 0 13 95 6 61 0 75 0 0 0 0 60 0 0 0 78 0 1 71 0 0 41 0 0
 72 0 0 14 0 0 25 12 0 95 0 74 39 0 0 21 0 61 65 69 0 10 45 0 0 60 48 0 4 42 18 0 90 25 0 65 63 26 47 32 56 50 92 18 15 53 44 7 22 0
 0 0 0 0 91 39 68 55 50 0 0 0 49 70 95 67 43 90 60 0 0 0 0 0 0 0 0 38 82 51 0 65 0 62 0 0 0 0 0 20 0 0 48 0 0 0 0 0 0 77
 86 0 0 0 52 51 0 68 0 99 1 99 0 0 0 86 0 0 0 65 0 85 0 0 0 0 87 36 0 0 0 0 0 26 0 0 95 0 68 0 70 0 92 34 0 94 0 1 0 0
 0 0 58 0 67 51 66 0 0 83 0 88 70 86 0 0 0 43 91 0 92 96 64 0 13 0 56 0 0 26 0 0 56 0 0 71 35 0 0 0 0 93 0 97 0 0 95 86 57 53
 0 37 51 109 0 41 0 0 12 0 42 18 0 0 57 0 0 0 0 11 61 22 9 0 0 91 30 13 0 47 0 3 89 0 0 61 19 66 12 0 0 100 0 78 85 12 0 34 0 0
 93 14 0 0 80 10 0 40 3 0 15 0 0 0 38 0 88 0 0 116 0 89 33 61 0 0 12 81 0 99 0 11 85 0 0 48 1 37 0 0 5 37 66 0 28 0 0 50 98 0
 0 24 0 0 21 0 0 0 0 50 47 0 90 99 12 36 0 0 4 75 0 41 0 0 0 0 0 4 70 35 0 0 81 55 0 66 26 0 68 1 87 96 0 0 0 0 0 0 63 74
 69 0 93 71 0 0 0 51 61 39 0 0 0 0 58 0 88 0 64 0 0 0 0 0 0 0 0 0 0 61 0 0 93 0 0 0 0 65 62 13 99 84 67 0 0 35 0 0 0 0
 19 0 0 0 0 0 41 105 0 0 45 31 93 76 54 0 4 35 0 0 0 0 29 61 31 6 0 50 0 68 0 47 0 93 36 0 46 80 0 0 0 51 83 0 0 18 22 48 0 0
 42 58 0 0 0 96 0 5 0 0 0 59 107 0 0 0 0 30 7 0 0 0 57 0 0 0 0 0 0 0 10 0 62 0 20 42 0 0 44 36 0 0 0 104 0 67 47 0 6 69
 67 20 0 80 0 24 0 0 0 81 48 0 0 61 0 0 99 0 5 0 0 21 52 5 73 28 5 5 63 0 0 0 0 83 60 0 0 0 0 103 12 13 58 13 21 0 62 57 81 0
 115 0 0 78 0 27 52 44 34 48 0 0 0 0 23 67 0 58 92 4 58 0 64 40 0 0 50 97 0 23 35 0 0 71 21 0 0 11 0 5 84 22 0 0 73 25 77 18 90 0
 0 17 11 44 12 96 0 48 59 0 0 15 4 63 11 36 0 0 4 0 0 62 77 0 0 0 0 0 9 0 61 21 0 0 33 70 0 24 0 85 0 0 0 9 0 24 0 0 0 0
 0 29 0 13 0 0 99 0 0 0 39 0 0 0 63 66 67 0 85 41 0 0 0 48 5 92 0 16 0 86 0 0 84 0 102 86 62 0 0 14 0 0 85 0 51 0 0 15 88 28
 13 0 38 0 0 0 93 0 34 87 0 0 40 0 21 0 0 0 80 0 80 35 52 20 100 97 109 67 0 0 0 0 0 0 0 95 0 93 0 0 82 0 0 32 0 0 95 0 0 0
 27 101 0 0 0 0 0 0 51 0 32 0 0 0 18 49 95 0 6 95 0 44 6 0 0 0 0 52 73 0 68 83 0 0 0 0 4 0 56 39 0 0 35 3 0 62 25 81 0 0
 0 0 0 23 74 48 0 17 0 25 0 0 0 0 0 77 0 0 0 79 0 41 0 0 0 0 0 65 0 83 91 54 9 0 63 0 0 90 0 32 76 0 0 47 54 0 52 86 42 0
 27 29 0 0 0 0 0 94 0 0 0 78 0 0 0 93 0 0 0 0 0 4 105 29 0 0 58 0 0 99 3 0 0 3 0 44 0 0 0 0 0 83 0 121 0 0 73 63 35 0
 82 77 0 90 38 16 99 0 71 59 63 52 0 0 1 0 0 0 0 5 0 37 0 42 0 5 0 0 52 0 100 71 81 75 19 0 29 100 0 0 0 59 0 84 0 0 0 0 0 0
 80 82 0 0 0 0 0 0 55 90 16 0 0 0 0 0 0 19 59 39 0 0 59 58 76 8 0 0 34 0 0 0 0 0 44 0 0 40 74 0 0 0 0 0 0 0 45 0 79 92
 36 0 6 0 104 59 0 0 0 0 0 34 72 0 41 0 0 46 0 38 0 32 0 60 70 0 0 0 78 61 0 0 73 96 0 35 0 74 9 31 0 0 0 61 50 35 63 32 39 29
 44 0 0 33 0 0 86 0 59 0 0 1 0 83 2 57 69 0 51 0 0 113 7 0 0 0 0 0 0 60 0 0 60 28 53 85 32 0 0 61 76 0 83 32 0 3 0 24 0 72
 45 43 0 16 20 9 35 21 16 76 0 85 15 31 4 61 19 0 100 13 0 0 0 21 4 0 71 0 0 95 0 93 40 0 33 0 83 30 43 85 58 0 0 0 0 0 5 3 41 23
 0 0 59 0 10 0 0 23 0 0 0 90 20 17 0 0 0 59 0 0 0 84 0 0 0 93 60 19 55 0 0 96 0 23 0 0 0 0 0 60 0 0 49 0 0 0 71 1 0 48
 103 0 0 18 0 26 0 4 0 50 69 40 0 64 13 0 80 38 0 0 0 3 85 13 0 0 15 90 76 58 0 0 73 0 82 52 0 90 15 0 0 63 96 46 0 3 0 85 0 0
 57 9 0 77 0 0 0 0 0 0 0 92 0 26 53 0 0 21 78 8 0 41 0 55 0 27 101 0 0 0 76 0 0 3 63 0 17 94 6 27 0 0 86 39 0 0 63 0 0 0
 0 63 97 0 45 42 0 0 0 0 63 56 37 0 0 0 79 0 17 91 0 48 39 0 88 52 91 39 0 0 0 0 36 99 0 0 0 0 80 0 0 64 0 0 89 0 0 0 84 0
 0 30 0 0 59 13 0 0 0 0 12 0 0 0 86 0 0 0 0 0 0 72 0 0 0 0 91 65 0 37 0 0 69 0 0 0 0 0 72 28 0 0 0 0 0 66 43 0 0 0
 15 82 62 63 0 46 82 42 20 65 75 30 52 0 0 0 0 64 0 66 0 95 32 0 79 0 0 17 64 0 0 0 67 0 33 12 0 0 57 0 0 10 0 12 14 28 0 12 0 95
 86 7 0 0 4 0 0 0 103 1 17 0 20 32 0 0 102 17 0 77 92 0 87 0 30 38 0 31 65 0 56 60 111 0 11 3 37 5 35 0 0 0 0 0 27 18 75 23 0 0
